0.000000000000000000e+00,9.778258112450488593e-01,7.182609912614863479e-01,8.373860189288390155e-01,8.348766257371944555e-01,6.043884629416435006e-01,9.160965175464810262e-01,8.749798878708218153e-01,9.987911603653825132e-01,6.064095454836471166e-01,7.453604182069919482e-01,7.503660755265906257e-01,5.817342720022522506e-01,9.238764805851247264e-01,6.313193276751171146e-01,7.863269464956955668e-01,3.099090016554277294e-01,6.607049380184230047e-01,9.592068047516328910e-01,7.641512892736905815e-01,9.549548106693537264e-01,9.890033262223477672e-01,6.251125395101957416e-01,4.086492124682042926e-01,7.567641460945795373e-01,8.447856191984566276e-01,6.230168612916479054e-01,2.154185838476415649e-01,5.520912315000395809e-01,7.115680395190364660e-01,-1.140860130955139995e-01,9.445106356475572174e-01,7.339551003212416713e-01,4.476727560861847866e-01,8.419395307624648606e-01,3.121162195497678704e-01,2.792347386074197635e-01,9.992359746411723087e-01,9.500999938496004771e-02,8.777890733704445392e-01,4.105947596819798928e-01,8.983047658635723298e-01,9.447217943265422413e-01,9.994530050072117922e-01,7.746149826699577634e-01,5.801949271911441830e-01,8.889301321288481939e-01,8.404705594868767671e-01,6.415903919154543056e-01,8.195380743360233256e-01,5.769475357870785803e-01,7.559365462725685658e-01,7.984917286346900900e-01,6.383552044777400791e-01,7.013446123273776589e-01,9.354323369497545837e-01,3.788223382672883943e-01,9.562965720089782184e-01,5.556162793582393178e-01,7.814515836262971860e-01,4.763623804020650221e-01,8.814889558933791669e-01,6.697934748926569481e-01,4.769086517326087127e-01,4.606951401198651208e-01,4.706894678723484993e-01,2.691225446016701772e-01,9.896709173613327248e-01,9.732825802223306066e-01,9.646389705724798258e-01,9.724100957340443552e-01,9.157717183555967866e-01,4.413823300998915844e-01,7.018965641252720156e-01,8.496832126612905434e-01,8.481026308256779389e-01,9.662657015569544594e-01,7.893350685397713118e-01,6.313234277458223964e-01,2.542126243617459092e-01,7.018749856756156813e-01,8.618406474682170915e-01,7.615825744543346376e-01,9.477331426942534609e-01,9.733569127455246051e-01
9.778258112450488593e-01,0.000000000000000000e+00,7.950243081528036715e-01,6.166492959640046401e-01,6.730180278634534385e-01,9.210309712291350204e-01,4.590379290759142306e-01,5.503604773462155153e-01,4.293332246020803433e-01,7.931504860681044544e-01,9.716715181850087424e-01,9.131344685986728660e-01,7.971523681337879808e-01,4.610624483476107316e-01,5.134110150050513743e-01,7.563473979879532516e-01,8.659939497768992522e-01,8.629695225636047073e-01,6.457607202733057772e-01,9.564181957145576618e-01,6.842325927342342018e-01,7.924791489576681336e-01,8.869833739038174292e-01,6.221228912738421268e-01,7.906691913492841506e-01,6.347275249947580411e-01,6.553833888659205131e-01,5.100605985141107857e-01,7.713540481950005301e-01,7.807623477884472196e-01,6.075915951565514783e-01,7.553575734560935562e-01,5.177391392588637231e-01,2.050933885165253101e-01,9.846795634764559102e-01,2.943767172876172733e-01,1.003430890935915337e-01,6.890539400406713311e-01,6.582951659588001103e-01,9.744799213280127548e-01,4.685045586327108436e-01,2.656607164353376183e-01,8.638606083263348223e-01,8.585436040704552685e-01,6.786098335233848866e-01,6.607094759613394430e-01,7.903031530236260815e-01,7.238168387845016483e-01,8.558703508615693734e-01,7.546056754722573201e-01,6.229999465021138771e-01,6.854056521006377523e-01,4.704704921911484483e-01,6.851471599752464448e-01,5.705700569638283426e-01,9.407193804148933358e-01,5.028113165045097199e-01,7.350299039104545296e-01,3.799810226691872073e-01,7.903152364485284131e-01,4.406611325908609822e-01,4.771414631572916676e-01,4.943904472905981673e-01,8.621778107248289080e-01,6.310221251495470307e-01,9.977024307729013275e-01,6.627398057131677067e-01,9.880208524101355971e-01,4.562978199479312824e-01,5.724721274537419857e-01,7.680910847520714402e-01,6.092269849181490837e-01,2.187249248902746468e-01,2.562686173122858957e-01,3.884662307997138742e-01,9.341217744145675628e-01,7.201888574323613845e-01,3.592715177415327643e-01,6.156043497770880002e-01,3.009948771948424695e-01,8.565741261317649791e-01,9.846860315292309540e-01,6.986167567397585376e-01,-5.056689874829073394e-03,6.301538035418337014e-01
7.182609912614863479e-01,7.950243081528036715e-01,0.000000000000000000e+00,8.126548718950066252e-01,8.393810378569829256e-01,8.407169355195899252e-01,4.758602598765702268e-02,8.254042838279846972e-01,9.135739706354010226e-01,8.391909268465386207e-01,7.584870613613263757e-01,8.432506507253237915e-01,6.632016576285695297e-01,7.485900352066119368e-01,8.726334943678899503e-01,9.237205976313017652e-01,9.358438342660482245e-01,4.675482796748618441e-01,4.591071161774663567e-01,8.401436478806622032e-01,7.749444756627532627e-01,3.564304972340504030e-01,8.878784001182064012e-01,3.187781011663860520e-01,9.347659972683920460e-01,8.231126902683121305e-01,8.099268866737915351e-01,9.227169143512370386e-01,1.873853525487403568e-02,9.988520523307774512e-01,3.670846903084135082e-02,5.963296776288840029e-01,3.030754359064411485e-01,4.793741303096951123e-01,9.801343209081874175e-01,7.413930431147393030e-01,3.178053844949569329e-01,7.866860031172606682e-01,7.111906878085859640e-01,8.476737395509376105e-01,7.036255379245495156e-01,8.494827559622878388e-01,9.100859556561526897e-01,8.224126401396477659e-01,7.595420219532936779e-01,5.331657820482345045e-01,5.980110077146290060e-01,2.422439740583545997e-01,6.868005019093172958e-01,9.974412287611051919e-01,6.744001811758771892e-01,9.959991440078058700e-01,6.413912933088257162e-01,4.246409801034339293e-01,9.852981680524661723e-01,8.122426024235172015e-01,1.749913371951914570e-02,7.831379963927246335e-01,9.652166317777546301e-01,3.696830182212045290e-01,6.263558002365458011e-01,8.880189942280155568e-01,5.749530087712142468e-01,9.731586933297928788e-01,9.433036456076369092e-01,8.040076056091790546e-01,6.521151582195584551e-01,8.317543158634228551e-01,8.967104345009961897e-01,7.564740655242864209e-01,9.180629863509791599e-01,9.394318979753215615e-01,4.254212457810472303e-01,9.501409590330099908e-01,8.663503489786236189e-01,9.946446670223836328e-01,7.536384954002846026e-01,9.041612917225211321e-01,9.548298861699334728e-01,7.799463759032783106e-01,7.923239662863559296e-01,8.811036394505341596e-01,8.164120112219031000e-01,8.092961337257656984e-01,8.722209969865029056e-01
8.373860189288390155e-01,6.166492959640046401e-01,8.126548718950066252e-01,0.000000000000000000e+00,6.263551040241210899e-01,7.649096567898190369e-01,6.085785081725205714e-01,4.155841498939830125e-01,8.576526649415535664e-01,5.329111826590666734e-01,9.647694519071471353e-01,6.402600185516701403e-01,9.206048353807579909e-01,5.367085013096030144e-01,2.834279909366251293e-01,7.007557636835465287e-01,-3.922625151538077226e-01,6.690772434810505764e-01,9.351153607103349641e-01,4.897051567624407520e-01,9.857929875856004109e-01,7.582248860270667246e-01,3.749131710500566150e-01,7.396187526461980299e-01,3.292979895704063464e-01,3.234027235732687688e-01,5.473737420995171687e-01,9.960211682457700277e-01,4.524433289618083331e-01,4.850738173398608799e-01,6.194631727328636650e-01,8.623213214775899971e-01,6.886188417001202211e-01,3.760347583832744922e-01,8.606491531398704486e-01,4.528198396737139197e-01,5.276561128437383674e-01,4.593386039291263434e-01,8.664617040406561443e-01,9.488394376485025372e-01,2.941015308776837034e-01,6.433099328430825770e-01,3.974691907365777155e-01,5.966519201994515686e-01,4.427569909208991517e-01,7.572858417608507864e-01,5.182201796320693443e-01,9.874588673900399627e-01,8.063657560345801611e-01,8.237864807492863983e-01,6.900369804817632069e-01,9.722813813502882985e-01,9.836555710282859355e-01,8.218538517636436724e-01,9.869711013000947997e-01,9.217870713646877379e-01,9.759449184827552193e-01,8.245437195547361542e-01,9.613009036144903874e-01,7.551180073719497843e-01,3.901856214465758144e-01,2.585317142559845904e-01,6.563972145034040473e-01,8.052940679932334422e-01,8.942896192433297253e-01,6.011331545829837752e-01,7.719765447716648854e-01,8.653717956231693487e-01,4.241156910892067144e-01,6.510941521499731266e-01,8.237543449383210037e-01,6.585092230815307035e-01,8.706017122566239719e-01,8.060082773708281412e-01,4.407967142524183979e-01,9.733848761910899317e-01,8.657530603063664509e-01,1.432200102098918071e-01,6.056588128746112076e-01,5.046784107480989379e-01,8.900636248676688789e-01,8.758770246301675888e-01,1.475076232212123584e-01,1.152170308140327282e-01,7.640035386245560556e-01
8.348766257371944555e-01,6.730180278634534385e-01,8.393810378569829256e-01,6.263551040241210899e-01,0.000000000000000000e+00,5.726472171080204676e-01,4.920972368409624043e-01,4.832528997474506149e-01,8.435021032041651878e-01,9.938071625912977547e-01,3.403797895573817400e-01,7.615851757528652177e-01,9.396184784793231159e-01,5.268880208529111986e-01,6.395842211071011141e-01,6.313428377532354085e-01,8.000199860948109531e-01,7.532121475375912478e-01,7.465385848919976475e-01,8.727851864141576987e-01,8.373208789047161815e-01,3.758098700335408271e-01,9.053316342916597481e-01,7.723237714218593730e-01,4.745107076210019481e-01,8.646556613937349534e-01,5.641053393435434549e-01,4.839570690273042874e-01,7.333168993736802754e-01,4.367909518127126578e-01,5.579017103665446786e-01,4.032236584280460279e-01,9.055094017005886897e-01,7.317369003717334452e-01,4.376678120769443847e-01,5.733406152593344407e-01,5.632556315703635130e-01,7.921974352035512923e-02,2.354596290095299083e-01,9.889222516245671502e-01,7.576054477867397718e-01,6.193860948666800592e-01,7.573687772624703163e-01,6.329219276874042954e-01,7.727403440756714925e-01,5.610227698842996658e-01,7.773546557318485872e-01,7.547694140108504035e-01,7.758954012385208543e-01,7.379409403434070702e-01,4.827012518541220487e-01,7.887513402612756908e-01,9.257384030818808229e-01,7.917381139701253900e-01,7.314117854080830483e-01,7.197089211677395459e-01,3.281258601542463849e-01,7.074374648968541068e-01,8.870650815514959930e-01,5.094726096870269005e-01,1.211704948416400945e-01,5.537072749206601863e-01,6.191763168918555937e-01,5.343044167791839438e-01,4.969751965575224251e-01,7.606740272641936418e-01,8.781244881732742646e-01,9.741834573474661418e-01,-2.885183245579736599e-01,8.283458489098444177e-01,9.675874996994064947e-01,9.722248183772600472e-01,7.153349480334422195e-01,6.499921104917768533e-01,5.621936341606076359e-01,4.086275300171099412e-01,5.714774514119768112e-01,2.895215569811294687e-01,5.468535608079434507e-01,4.430271307802251535e-01,5.354431280673739302e-01,9.932247418176410880e-01,9.748197613652619387e-01,4.554601047617826692e-01,7.098841099527524179e-01
6.043884629416435006e-01,9.210309712291350204e-01,8.407169355195899252e-01,7.649096567898190369e-01,5.726472171080204676e-01,0.000000000000000000e+00,4.976141933550571328e-01,7.035477192074320874e-01,8.218828001807262362e-01,9.358563039683580609e-01,7.039547038362513609e-01,3.010252591902098374e-01,8.582099212669679345e-01,6.942794177143494228e-01,4.433849729403275819e-01,-2.368310659052274558e-01,6.136855296732778298e-01,6.051425062996504955e-01,4.485530811838181475e-01,7.167544867036867995e-01,8.721533183993366301e-01,2.184249807802094989e-01,8.476592919345548038e-01,9.412490305851043404e-01,4.288873616284842316e-01,6.106185563426779206e-01,9.486612989953597808e-01,4.338237479239051564e-01,6.755172053475047012e-01,3.823250537558868789e-01,2.914397789048449594e-01,3.683513805270762775e-01,4.874892398870141474e-01,8.417575242232198107e-01,6.576206405556478396e-01,7.581346730762308361e-01,3.896693217338480508e-01,6.323944409363110308e-01,8.546349560018008384e-01,8.854186539989613580e-01,6.147737067117220455e-01,7.656318771882362206e-01,7.885088585171041720e-01,2.257102184545179413e-01,9.064532747105726873e-01,4.347497933321474162e-01,9.994460841975547627e-01,4.673578298710671652e-01,4.446200225322847199e-01,6.711767502722139067e-01,6.067615578252686381e-01,6.071663410562970764e-01,6.181454103153338764e-01,8.659270524839343119e-01,6.711375358963409532e-01,9.932050278859139159e-01,6.099107345378187439e-01,4.037092863978763435e-01,9.059002163622249526e-01,2.035363026065512282e-01,5.246241184772417743e-01,9.714611416646845576e-01,6.971227910649723247e-01,9.186847295536924030e-01,9.466121388939255921e-01,4.347979648704565214e-01,6.262182884192386556e-01,9.384460423974931853e-01,5.824492364480065021e-01,4.814345894640617574e-01,3.720117399501010613e-01,7.540427973067416190e-01,4.341728144115851729e-01,6.050093862891410268e-01,6.418316927789331494e-01,2.871872200004844666e-01,6.392524052874060114e-01,2.287218970456823541e-01,5.837645062360289350e-01,5.282701088502016473e-01,3.680934242588456140e-01,7.868902843539815617e-01,7.549671958174779540e-01,6.439319142608863622e-01,6.372923817401363600e-01
9.160965175464810262e-01,4.590379290759142306e-01,4.758602598765702268e-02,6.085785081725205714e-01,4.920972368409624043e-01,4.976141933550571328e-01,0.000000000000000000e+00,4.573341945383366802e-01,-3.364961563942717171e-02,2.508094836463646837e-01,3.941722654207606702e-01,6.875890992430767623e-01,7.302227816902674418e-01,8.749672999404031204e-01,7.922400893238024100e-01,6.502781478537971172e-01,9.938413916984994989e-01,3.362460068510492728e-01,3.424734873914345723e-01,8.206043164006305846e-01,9.017362300402549380e-01,2.512757520401113775e-01,5.882789355786053331e-01,9.342687443289552363e-01,3.116644698226314070e-01,5.188576496774449653e-01,8.730488477843233452e-01,7.619381346815318201e-01,6.247494904646185843e-01,3.650387867958491128e-01,6.292176217402519756e-01,5.120311824593095640e-01,4.728202338832251383e-01,5.898659967088437650e-01,3.694128169635790826e-01,4.017568182598455495e-01,5.287261761753705991e-02,2.135088807030552371e-01,8.116553478409743727e-01,4.496923254901388223e-01,1.868250220283359797e-01,6.548455074126490194e-01,9.833131486822774825e-01,5.704353083363599142e-01,5.974278274131521460e-01,4.716224376865198464e-01,4.532936321656763634e-01,1.729429646154942435e-01,6.605768861721220686e-01,5.606182542248653311e-01,6.728020472888583958e-01,5.069340038217492461e-01,6.982375478567803828e-01,5.110936541723682947e-01,9.619806018919744295e-01,2.749907452864079338e-01,6.988719605179904981e-01,4.849389164697774923e-01,9.291708274197527651e-01,6.995601590090207988e-01,7.089519706883022909e-01,8.065935583391594665e-01,4.504717794778475559e-01,7.095359982548231637e-01,3.078553375944619863e-01,4.471289255953818098e-01,7.630070163346557299e-01,7.688393247306354317e-01,5.497522021493089772e-01,2.608092761005716409e-01,6.181252301668443278e-02,6.731545375427233635e-01,6.344381819439914860e-01,3.707788064677401962e-01,6.065195634718151263e-01,6.955347805236097303e-01,7.490746127655529829e-01,5.037614074920089280e-01,2.913573633924698703e-01,4.758288014235906860e-01,4.045074772303162702e-01,7.675170446933703428e-01,3.521150844775636779e-01,7.936803965602665656e-01,9.586616047778165894e-01
8.749798878708218153e-01,5.503604773462155153e-01,8.254042838279846972e-01,4.155841498939830125e-01,4.832528997474506149e-01,7.035477192074320874e-01,4.573341945383366802e-01,0.000000000000000000e+00,4.356155848957732335e-01,8.420342449308981791e-01,9.157081348055734482e-01,7.880344418030408304e-01,8.427939623307433292e-01,6.378339106336500253e-01,4.404425820701823868e-01,6.376195901007901679e-01,8.964024734953213169e-01,4.364105843224737602e-01,6.287473358692836634e-01,8.011584326217694452e-01,7.834649522868800675e-01,5.563184633251021527e-01,8.112491751783160732e-01,5.747837648430873525e-01,5.613548821296219238e-01,3.694430438983848930e-01,4.808120936514185817e-01,4.407106162303437991e-01,6.069484519630989894e-01,5.165677649661033488e-01,7.851107780530139912e-01,7.136344080670921075e-01,4.894301525664659924e-01,3.982032307850063013e-01,3.358918506934495118e-01,8.074837499672848917e-02,4.979516614419400855e-01,6.430215409811561589e-01,6.089990619720945242e-01,4.402202455681301085e-01,-1.455460080537417933e-01,6.208479898144886322e-01,7.932415977574505117e-01,8.430653424232688320e-02,7.531702809482206940e-01,7.616815141920700860e-01,7.194709384827737697e-01,3.652219862475435397e-01,9.490368686426593481e-01,5.612610295782797243e-01,6.580980449459450377e-01,6.064988905511607964e-01,4.268753269897818670e-01,7.399628462135876550e-01,7.389340537565891598e-01,6.366361780268944282e-01,9.147127489644055753e-01,6.652903140838813956e-01,7.011397727887843656e-01,7.087732517341795990e-01,3.768048845108842304e-01,7.904398714598963593e-01,4.783615640289521909e-01,4.517578400149051543e-01,6.241400690598374323e-01,4.160098374525447174e-01,6.456738642062581635e-01,9.083944784109840853e-01,3.030118743562004724e-01,6.038846715030719015e-01,5.963517941367735276e-01,9.041907135009651375e-01,7.505696031727300266e-01,6.930472270999302742e-01,9.692114897930445006e-01,1.503355113653292718e-01,7.830349412638288875e-01,6.666463752496286643e-01,3.431529932605594246e-01,2.823425661301415812e-01,6.573403963753278179e-01,9.129380366359217680e-01,6.786700642796255067e-01,6.852156324522604702e-01,5.062785743652051806e-01
9.987911603653825132e-01,4.293332246020803433e-01,9.135739706354010226e-01,8.576526649415535664e-01,8.435021032041651878e-01,8.218828001807262362e-01,-3.364961563942717171e-02,4.356155848957732335e-01,0.000000000000000000e+00,4.744881316235715074e-01,7.554676575134343375e-02,4.936405585921035954e-01,9.384051390081867838e-01,7.818019734679106936e-01,5.525346116136189423e-01,6.998156318478462312e-01,4.553192162402752152e-01,6.308311894553247923e-01,9.596662366857039439e-01,6.511068815369143170e-01,8.931036160342602503e-01,8.383743879748727368e-01,3.431021110373174698e-01,8.348509206952958728e-01,4.680596099890620421e-01,7.318607768011300418e-01,6.463580796789361038e-01,9.031990586294217360e-01,3.425857537359914273e-01,6.031757837097054820e-01,4.426019684918350294e-01,3.124849072934253735e-01,6.874280699037700337e-01,4.315357750436878415e-01,8.739979953568811633e-01,2.054679145657795636e-01,4.746695790408339902e-03,2.819207360223037195e-01,6.472492632072702756e-01,9.961340349509895109e-01,3.735043767315078256e-01,9.793322067060786784e-01,6.215945365503817710e-01,5.578989551053374907e-01,7.698291418435473377e-01,2.406621678180232426e-01,6.313497310857926204e-01,2.870527270390468844e-01,4.720704597288257753e-01,2.747365710509466763e-01,4.698847842183296875e-01,7.182342029217997359e-01,7.877971223544200097e-01,5.196306163622846919e-01,3.149912060471547481e-01,8.749370536800600284e-01,7.250867018291378141e-01,2.880085132920421342e-01,9.687608758392979302e-01,3.065289060287297307e-01,5.469134382649759596e-01,6.909316105951897047e-01,6.215402541945619364e-01,7.386051151475083731e-01,7.329008216078217730e-01,6.817553106141380770e-01,9.966936620568398464e-01,7.633677264489319159e-01,4.578333980748656162e-01,6.912235549624268227e-01,9.706270732042043825e-01,6.859860334160333695e-01,5.540084911376594867e-01,4.212045360230035063e-01,7.534536637807898174e-01,6.494121661381382360e-01,7.089693064347984963e-01,5.906852092613068539e-01,1.502245273826204874e-01,2.466260439520010228e-01,6.198578324643838622e-01,2.891446265925796955e-02,6.528186870765814165e-01,4.432507862559383338e-01,6.430596260848087109e-01
6.064095454836471166e-01,7.931504860681044544e-01,8.391909268465386207e-01,5.329111826590666734e-01,9.938071625912977547e-01,9.358563039683580609e-01,2.508094836463646837e-01,8.420342449308981791e-01,4.744881316235715074e-01,0.000000000000000000e+00,4.432797531311863382e-01,9.094875909923633150e-01,9.492329906808543161e-01,3.526877331561769635e-01,8.495085295680137039e-01,8.887776470252770622e-01,8.666793951672097096e-01,4.861623033303523189e-01,9.649930627426689389e-01,8.845782247852093105e-01,9.912608356122452058e-01,8.050818187787418534e-01,5.793537746650152531e-01,8.911389909370589502e-01,5.801421720090396139e-01,6.832418682640529761e-01,6.775897509550209419e-01,7.399241065598145539e-01,3.535808115264534868e-01,2.469111272949031100e-01,4.580656822352525137e-01,9.959752218723614270e-01,7.882202869034653503e-01,4.532883940949735679e-01,7.682405731881165600e-01,2.674913084426259191e-01,7.398700669495219540e-01,8.778309609681258507e-01,9.048943709518203482e-01,6.021448824157864532e-01,5.487329012481146906e-01,7.868733123288431663e-01,2.492570322208985112e-01,9.867748957736496296e-01,6.986387065604116042e-01,6.244090245873398226e-01,8.957468307959360887e-01,8.616778579179836806e-01,6.392486619475397092e-01,9.843758941425675424e-01,2.334235664937334420e-01,8.607706465740160295e-01,6.614210945386401752e-01,4.030481786255748489e-01,5.112681812433073070e-01,6.211173764653652452e-01,6.018750003571363694e-01,7.487753549009017462e-01,8.358659273012587487e-01,6.996421483197301505e-01,6.957565081802475904e-01,8.079250013277420317e-01,6.006278583471729160e-01,5.518367434141970840e-01,9.571566602351636588e-01,-7.938234575784439140e-02,6.059657195712891964e-01,9.079134628277869545e-01,8.739258388121932120e-01,9.882423347100327549e-01,8.449620453028029443e-01,6.786267583499491218e-01,4.935418332783684803e-01,6.067229478049419589e-01,5.301441154035584358e-01,7.166928204949122305e-01,6.708335653064173565e-01,7.121328520409478946e-01,7.193870335542422723e-01,3.575773328083006186e-01,6.486273312410985037e-01,6.157096724424953038e-01,6.614472844820622477e-01,7.295955660914735796e-01,7.528861366623202933e-01
7.453604182069919482e-01,9.716715181850087424e-01,7.584870613613263757e-01,9.647694519071471353e-01,3.403797895573817400e-01,7.039547038362513609e-01,3.941722654207606702e-01,9.157081348055734482e-01,7.554676575134343375e-02,4.432797531311863382e-01,0.000000000000000000e+00,6.610678452050626763e-01,8.631783840907116812e-01,6.948760712190072963e-01,5.682673048117758974e-01,2.587603957331012783e-01,8.117792646631458719e-01,9.111574332907278473e-01,2.417718484551357461e-01,9.101704375306594041e-01,4.545543552467248838e-01,6.684420256298020391e-01,8.447059807982908453e-01,8.239436330509785078e-01,5.986596387122802287e-01,6.900649931238798107e-01,9.133391146877136713e-01,5.366879073415513624e-01,9.615858858128493170e-01,7.622476908230627624e-01,1.275483351801218745e-01,4.713543238090082133e-01,2.820649780102025272e-01,7.526748580228240781e-01,2.404707354031992705e-01,9.469983537548050390e-02,1.044980466721192880e-01,6.979975288011915913e-01,5.167787245501992421e-01,7.788925548075710248e-01,2.245687036818743709e-01,5.480792895362791572e-01,9.828364599214374220e-01,5.392645031141409806e-01,8.244462000485673903e-01,4.559102408202899692e-01,8.165473594994153705e-01,7.002247378739884232e-01,9.240833533154964030e-01,7.306049706875022975e-01,6.225483133518325829e-01,4.003772935537396327e-01,6.785804409902116419e-01,8.871702456129990644e-01,-1.788363828271664346e-01,8.690392519534495541e-01,5.340946324746520535e-01,4.270044746074485031e-01,9.717117074775629693e-01,5.054164917609911267e-01,8.903969838401695203e-01,7.117375224005179080e-01,4.450197957210712540e-01,6.169042505079629368e-01,8.023220466958810304e-01,7.482606018412896187e-01,8.529585264188008775e-01,5.420675869852518147e-01,4.956533543609202841e-01,7.208587745680589132e-01,6.359770212373706544e-01,7.815662452867724319e-01,3.806160508105341789e-01,1.753720304242627481e-01,6.622497186058133867e-01,2.793769726870633519e-01,6.470047525260839150e-01,7.560820464206712277e-01,4.488824821126383702e-01,3.767800054031760215e-01,2.280811019057979450e-01,8.782261027158594358e-01,9.291949581706555605e-01,6.092995630348178038e-01,7.459800072047229058e-01
7.503660755265906257e-01,9.131344685986728660e-01,8.432506507253237915e-01,6.402600185516701403e-01,7.615851757528652177e-01,3.010252591902098374e-01,6.875890992430767623e-01,7.880344418030408304e-01,4.936405585921035954e-01,9.094875909923633150e-01,6.610678452050626763e-01,0.000000000000000000e+00,6.918694494588080168e-01,8.952704359657522870e-01,7.300950072301997107e-01,9.205158047988427628e-01,8.150986092007347361e-01,5.446473119958608056e-01,8.544159983891825849e-01,8.107684651981108548e-01,9.664927997507551938e-01,7.012969711086626257e-01,2.836685522019530975e-02,7.407265712639463651e-01,4.556976630665502959e-01,8.755821419819398432e-01,4.717145864876195471e-01,7.918990570805330975e-01,2.147033692694869378e-01,7.565876390759439518e-01,3.013752019365691925e-01,4.919213556678016519e-01,4.339800278111523024e-01,8.472619420532383483e-01,7.878436499623293621e-01,3.970848909140322069e-01,2.110898395446243470e-01,2.425111294759824121e-01,8.873045195548495689e-01,5.491482599573933587e-01,2.997195185776707071e-01,6.136729733595696068e-01,3.104162285654277764e-01,2.998073131011407821e-01,9.930729732410202848e-01,6.397185963253564367e-01,5.263002149675291008e-01,9.181829725757849614e-01,7.777572031731208035e-01,7.238030922772018538e-01,7.601142231022472995e-01,3.645401586980062669e-01,7.127085679955272868e-01,5.961725916849354157e-01,2.403302195903279093e-01,3.495304721677657822e-01,9.297490315950844852e-01,7.904546330199804238e-01,8.797794905374205499e-01,2.446876376423590682e-01,2.857617545123379843e-01,7.079450121126421580e-01,6.140113739664102566e-01,9.899027316460355941e-01,8.803613274594517257e-01,7.790255201963695031e-01,6.373040778632024228e-01,9.813609838547221464e-01,5.856820164832089448e-01,7.612329905732226898e-01,8.718425540294223453e-01,4.543948782114469176e-01,4.011409782051848505e-01,6.599213607506557722e-01,4.875650926222704906e-01,5.755558831161289302e-01,4.167651625502165058e-01,7.292630515726107321e-01,4.376340710207273776e-01,4.933049438572640333e-01,3.385827314402808375e-01,8.477727095086565745e-01,6.550307027263597703e-01,6.738668010801794894e-01,7.909236568695279246e-01
5.817342720022522506e-01,7.971523681337879808e-01,6.632016576285695297e-01,9.206048353807579909e-01,9.396184784793231159e-01,8.582099212669679345e-01,7.302227816902674418e-01,8.427939623307433292e-01,9.384051390081867838e-01,9.492329906808543161e-01,8.631783840907116812e-01,6.918694494588080168e-01,0.000000000000000000e+00,9.037897195337768474e-01,8.874428922631201200e-01,9.795376407627616189e-01,4.393788530818873439e-01,8.432338791069693418e-01,6.743282180307430540e-01,7.370250991347397918e-01,8.868832359581660940e-01,9.247817626450295370e-01,7.904177083552714755e-01,7.958820659640586381e-02,7.090700293778343655e-01,7.648857117964930064e-01,8.324387462867454124e-01,6.633025478402588826e-01,7.035397070592662727e-01,5.323275919954381097e-01,4.416089582694475157e-01,4.803031519295090646e-01,7.666251871047583544e-01,8.850148679533751395e-01,9.123713164015503363e-01,6.381565814709984075e-01,4.275997011865564357e-01,7.699056482157193848e-01,9.981929840651146968e-01,9.778076686595486011e-01,4.577560819710806972e-01,7.878634568773652536e-01,6.219483553160528588e-01,7.605446181906286851e-01,7.928198941299526847e-01,7.909387787223787214e-01,9.875498581284876121e-01,8.622046350522385438e-01,9.115722463421694899e-01,6.748010136983184637e-01,9.145251967663270420e-01,7.544435158276251441e-01,6.187997138979762779e-01,6.345468820175125257e-01,7.453631473834821941e-01,8.252277048455924913e-01,5.544864608932777994e-01,7.674911434825154588e-01,8.483463674311675362e-01,5.842805675328222037e-01,5.175033493153985420e-01,9.482049060443451527e-01,7.980047917024829518e-01,3.053175474112411747e-01,8.282041138058719998e-01,5.451423602942626623e-01,8.446048101559718857e-01,9.606269148538642000e-01,7.649255149329253767e-01,6.380492793353310654e-01,6.325897707131246106e-01,5.163885136530496078e-01,6.952077363245811048e-01,3.845871450031945193e-01,4.177724410808559274e-01,4.737991998201716015e-01,4.182793532704063288e-01,8.242511735174613552e-01,7.962237327110555096e-01,5.895993092003386504e-01,3.414561838493359591e-01,6.627259865134714767e-01,6.529206637451482331e-01,4.611715489755873754e-01,3.166979125325577321e-02
9.238764805851247264e-01,4.610624483476107316e-01,7.485900352066119368e-01,5.367085013096030144e-01,5.268880208529111986e-01,6.942794177143494228e-01,8.749672999404031204e-01,6.378339106336500253e-01,7.818019734679106936e-01,3.526877331561769635e-01,6.948760712190072963e-01,8.952704359657522870e-01,9.037897195337768474e-01,0.000000000000000000e+00,6.467813113032571115e-01,8.070661160619975183e-01,9.305297866687904929e-01,5.776251670197576349e-01,6.900507889097313718e-01,9.877452231596108856e-01,9.991091267139109444e-01,8.973474312698714872e-01,4.889190958128012965e-01,6.696439091066503924e-01,6.345043329380236630e-01,5.957615955534283358e-01,6.947355857012880165e-01,9.656355847479322074e-01,7.501247428889503688e-01,6.135150595169512888e-01,2.402858610183093435e-01,5.582521001423760287e-01,4.290245476076562370e-01,9.270153866807420151e-01,6.989339268955356843e-01,6.379388787493411872e-01,5.227567014011411661e-01,8.982464082845715847e-01,8.296488005793303255e-01,8.246685331212574299e-01,5.824964387955079426e-01,7.212985304136816378e-01,2.038553240688856794e-01,8.282555477764259599e-01,4.654612542779584250e-01,5.334037129253784704e-01,8.870364337649702113e-01,9.180841305184974654e-01,9.800626043700615408e-01,8.872631142370821511e-01,4.453503861588170021e-01,9.492461631783702947e-01,9.926181308372232781e-01,8.813054789581196147e-01,6.598958684689160137e-01,6.283256602475250086e-01,8.129927529369498362e-01,6.912437073726734882e-01,6.021034238268886396e-01,5.898896828327440112e-01,2.987489301979270317e-01,7.102213690107552768e-01,7.845329114651247160e-01,5.402830874579517273e-01,8.892511849066095930e-01,7.499313605346099587e-01,4.356714623908462536e-01,9.984978900315610861e-01,7.960793822425125121e-01,9.750680245494858234e-01,6.973856130479384463e-01,8.616250256802842067e-01,2.175501968782733719e-01,8.334440111470218238e-01,3.377362890465012146e-01,8.046971917178245004e-01,3.995391535305480302e-01,6.309571557755073723e-01,4.317014256794730054e-01,3.796112151942946378e-01,8.006442235930577578e-01,4.692206226584376694e-01,7.293795964984356450e-01,3.631186866292012150e-01,6.847399555534707805e-01
6.313193276751171146e-01,5.134110150050513743e-01,8.726334943678899503e-01,2.834279909366251293e-01,6.395842211071011141e-01,4.433849729403275819e-01,7.922400893238024100e-01,4.404425820701823868e-01,5.525346116136189423e-01,8.495085295680137039e-01,5.682673048117758974e-01,7.300950072301997107e-01,8.874428922631201200e-01,6.467813113032571115e-01,0.000000000000000000e+00,5.595010532694419947e-01,6.852588294188316498e-01,9.012254746930108418e-01,2.922461889483505271e-01,6.915758536176047633e-01,8.527676065266033278e-01,4.847779359443327163e-01,1.276143901911712952e-01,6.969784108076034768e-01,9.987495802421001434e-01,5.110132662140594029e-01,9.297439008151855422e-01,3.544575869937398593e-01,9.865055675708109817e-01,-3.777855630480009830e-01,2.483763402646262108e-01,4.126460741858826303e-02,7.053862426652121043e-01,7.866809017536662285e-01,8.920569338103147006e-01,4.065935935307763427e-01,5.835187225384970144e-01,7.901224558913625406e-01,8.457244021716179283e-01,6.767012678114475710e-01,4.637306958998667072e-01,4.641110629550218025e-01,6.167318151688730987e-01,7.542170770951869274e-01,7.081054056418653042e-01,6.152700928616172682e-01,6.571972942289225905e-01,6.774354182915796052e-01,4.466775240478650932e-01,6.319827989507826871e-01,7.567681813013515946e-01,3.859643802270312785e-01,8.820047704008836531e-01,5.836831504069028842e-01,9.364286810084777590e-01,6.748504989540766719e-01,5.244930777728411542e-01,6.380994040120612221e-01,7.217974672485208965e-01,7.272834079929566542e-01,4.035444419273191974e-01,4.935413742317231733e-01,7.323431575331853516e-01,6.725831718078563171e-01,6.171170078691301519e-01,9.680811825209172383e-01,5.673157102129926521e-01,7.156530570870774932e-01,6.001452259826715041e-01,2.368349091948686591e-01,5.889321511940035503e-01,8.006373314437891242e-01,7.914593619732098739e-01,2.855880551251670507e-01,7.341613895867997730e-01,6.896182405410057337e-01,6.388667519203685696e-01,6.446052937950808026e-01,3.314766181259334310e-01,1.119623424032991921e-01,9.507900629421358607e-01,6.226520047685679682e-01,5.092844312716380273e-01,7.879086609411208864e-01,7.374574327404270768e-01
7.863269464956955668e-01,7.563473979879532516e-01,9.237205976313017652e-01,7.007557636835465287e-01,6.313428377532354085e-01,-2.368310659052274558e-01,6.502781478537971172e-01,6.376195901007901679e-01,6.998156318478462312e-01,8.887776470252770622e-01,2.587603957331012783e-01,9.205158047988427628e-01,9.795376407627616189e-01,8.070661160619975183e-01,5.595010532694419947e-01,0.000000000000000000e+00,3.885299368212654092e-01,4.696060980387364303e-01,1.218311170542091121e-01,9.540761766423674350e-01,8.043732503972624848e-01,7.141473113343023149e-01,6.901872524288465982e-01,7.129026601251228223e-01,4.320963578623918111e-01,8.147572972586506479e-01,6.053344635826776177e-01,4.186155540222189497e-01,1.272099965204294414e-01,7.671438125278216003e-01,3.629921355635996882e-02,7.967674496384082872e-01,4.052838410294380966e-01,8.566217581006200232e-01,2.315340636644240002e-01,4.098079847135129850e-01,3.339047897629509598e-01,7.141527907817426524e-01,6.476888432241257876e-01,6.611135951572846281e-01,4.016330773905592011e-01,3.061738024887221132e-01,5.472069977244256034e-01,9.026116770450092197e-01,8.983315502763887794e-01,9.841356580823696909e-01,4.005510767917302983e-01,6.594494885408451745e-01,8.170154346595084327e-01,6.580600311044052519e-01,7.890974661884198049e-01,7.448203220250085854e-01,7.457065683242865006e-01,4.376902302934834732e-01,9.232340424903702214e-01,5.585748204834215525e-01,7.978416001565461491e-01,8.014283480220513178e-01,7.086238565266799183e-01,5.196519943977455647e-01,6.416585726471744078e-01,6.935951714252170941e-01,7.330842033971902705e-01,7.680497321333268346e-01,9.031092468274197760e-01,8.745737808131492930e-01,5.956015910692131765e-01,8.975627589542424234e-01,7.758735199291079132e-01,7.948119971851749233e-01,7.037205150444783008e-01,6.359883278630209524e-01,8.390593543627213879e-01,5.239759040984064420e-01,-1.598613286638635445e-01,6.739946004150413339e-01,7.889051881154310886e-01,7.641902645823993590e-01,4.425186407381065945e-01,4.690256711767797765e-02,7.975123683614984138e-01,5.902537617024687933e-01,7.547336765196452912e-01,4.171542707821812024e-01,8.568197632026370858e-01
3.099090016554277294e-01,8.659939497768992522e-01,9.358438342660482245e-01,-3.922625151538077226e-01,8.000199860948109531e-01,6.136855296732778298e-01,9.938413916984994989e-01,8.964024734953213169e-01,4.553192162402752152e-01,8.666793951672097096e-01,8.117792646631458719e-01,8.150986092007347361e-01,4.393788530818873439e-01,9.305297866687904929e-01,6.852588294188316498e-01,3.885299368212654092e-01,0.000000000000000000e+00,9.005823452852393940e-01,8.512515895495653684e-01,6.661116696824777028e-01,6.345725547644053277e-01,9.747030728202068506e-01,7.896833810741491488e-01,5.570494924383071478e-01,6.061581981413453057e-01,9.573797534998755854e-01,8.860201987334398455e-01,1.573325341079161513e-02,6.617538686312536278e-01,7.398200867688445870e-01,3.859949137605170888e-01,5.077703667702307411e-02,9.373627654912686236e-01,7.988227428088205961e-01,4.926164902911046028e-01,3.663893376826503623e-01,5.630542761799078866e-01,7.184855565755995377e-01,8.319466168736515677e-01,7.588286605323195655e-01,4.824434611486440039e-01,7.257912964687850410e-01,9.453565969092184718e-01,3.952926461655100754e-01,8.623917173384750834e-01,9.332148083889876267e-01,9.378134194348075603e-01,5.618514207158646911e-01,2.961490465249895232e-01,9.805808649299179169e-01,8.219711599472193653e-01,6.913207855751566377e-01,7.191497866627438729e-01,5.318320666554484655e-01,7.547027506550311182e-01,4.801581372080875321e-01,8.415234336486799860e-01,9.059791273027956171e-01,6.955395176725006623e-01,5.014529835941990976e-01,4.473737609088652700e-01,9.296102772151297877e-01,6.178444692102342817e-01,9.296998208689944976e-01,8.036253827535134731e-01,6.052241737938612864e-01,4.748376014691655378e-01,6.766300392905534311e-01,6.868064118970834686e-01,6.098087669787163323e-01,7.024165932196357875e-01,5.136224805997164911e-01,2.792563773105704583e-01,2.910339299229718346e-01,9.835759673529675950e-01,6.597488569206001463e-01,7.102858808557342973e-01,3.626923835053458833e-01,5.320046623918210926e-01,3.500853825580603207e-01,3.429595963837098749e-01,8.947558999332548835e-01,8.787507878610492096e-01,7.048581567949170346e-01,8.378800607884477891e-01
6.607049380184230047e-01,8.629695225636047073e-01,4.675482796748618441e-01,6.690772434810505764e-01,7.532121475375912478e-01,6.051425062996504955e-01,3.362460068510492728e-01,4.364105843224737602e-01,6.308311894553247923e-01,4.861623033303523189e-01,9.111574332907278473e-01,5.446473119958608056e-01,8.432338791069693418e-01,5.776251670197576349e-01,9.012254746930108418e-01,4.696060980387364303e-01,9.005823452852393940e-01,0.000000000000000000e+00,8.470034343583972003e-01,4.153740566851872873e-01,8.422446190545276323e-01,8.726528799024646510e-01,7.916165328683280045e-01,9.557087793796129604e-01,6.925611335512155131e-01,6.901754387799677870e-01,6.448908346559273363e-01,3.140872384261179651e-01,3.668620654204777787e-01,-1.349529624485944490e-01,4.140840887233194767e-01,6.934095720984633227e-01,5.382809144136229129e-01,4.468319482328728109e-01,7.564887481292711380e-01,9.356119303393500841e-01,8.003484579653125097e-02,2.113054858317229001e-01,8.856180660364503243e-01,7.699638992986784780e-01,1.895149198889546083e-01,5.618867315850232247e-01,7.191324213809460186e-01,7.463806977441286294e-01,8.923879787608565151e-01,8.707062878664544314e-01,6.972533063234160888e-01,8.241463040468405277e-01,4.923760397061722749e-01,4.454516271511347880e-01,7.576624342087994179e-01,6.640417433786209855e-01,7.925523253051116601e-01,3.120800680269481542e-01,6.661037655292072479e-01,6.832145231455238887e-01,4.190037915711690153e-01,7.693516752133322534e-01,8.886887605459828920e-01,5.193514400679271059e-01,2.792577357380234826e-01,7.882987652920813160e-01,6.788576137180035719e-01,8.237760760844182739e-01,9.893953646349262776e-01,3.173152929122229904e-01,8.230877631220310242e-01,5.640738681148679268e-01,6.630778911744427129e-01,4.861376538408189729e-01,7.195408293722264093e-01,-6.918664093119070158e-02,4.342917555131096674e-01,3.256911390916156224e-01,7.110269152032973050e-01,7.237927020167538306e-01,7.461221807984098620e-01,7.788021109187608371e-01,4.985486081344595588e-01,2.258681554965191740e-01,8.688852806816962371e-01,4.455365802355407134e-01,3.387065040765727675e-01,5.444731006240084437e-01,6.188871861114856321e-01
