0.000000000000000000e+00,9.019956094585385165e-01,9.325403002458032553e-01,8.339650465335645135e-01,7.738545437735737664e-01,4.930937579247957059e-01,7.160585607564585731e-01,8.253591070563505161e-01,6.191055013573812937e-01,9.731299676965531331e-01,7.443829743494003726e-01,4.831492423115075763e-01,5.852748871609492198e-01,8.278070890326713061e-01,5.163983031134887769e-01,9.626566193828740570e-01,5.890868934867861118e-01,5.136776040074916283e-01,9.896594834381613470e-01,9.967483494799969090e-01,9.265710664834229116e-01,4.398421546606518517e-01,7.793947799539790999e-01,4.258567306867791502e-01,6.639235153336996431e-01,9.454837128518434053e-02,9.678578570016573845e-01,9.430136652950400489e-01,4.947947456121641885e-01,2.915723789601052940e-01,-1.831969251394899023e-01,6.673179087081404504e-01,8.106978123527991409e-01,9.450964374153222325e-01,9.595855874733280055e-01,5.648273955635334520e-01,2.175345580624906960e-01,7.547035597899829362e-01,8.456053002862327084e-01,9.414673771682940950e-01,5.812015518856670226e-01,6.841130268045184648e-01,5.595033626017953399e-01,8.263649265259916943e-01,8.287505102686161251e-01,9.583833484765638122e-01,9.639336282568102821e-01,7.700427138189198661e-01,8.212450628648487738e-01,8.596458277474267051e-01,1.541553204029421920e-01,9.018428958442019638e-01,9.601078414183240595e-01,7.276252951139096092e-01,6.519015196356088282e-01,9.432220715517206644e-01,2.671803733381332702e-01,9.973318509429560663e-01,6.805706034289472628e-01,6.328389123215388823e-01,2.072757467600296333e-01,8.671331178723754585e-01,9.360983571420805616e-01,8.536712777651093154e-01,7.353291703123433498e-01,5.485775342846792579e-01,6.436679346747673502e-01,6.861026794937753470e-01,2.924319630434571438e-01,2.696658850161367527e-01,8.309399727759487764e-01,7.711035182323439097e-01,9.363580584806184826e-01,6.715714823965506231e-01,6.797916685703973005e-01,6.136733644057548176e-01,4.740654163462869053e-01,9.282175321362934328e-01,5.523085883498928261e-01,2.283894223504633059e-01,2.160095957595626337e-01,8.030397679305256720e-01,4.281544413335183763e-01,8.497213760267410265e-01,9.022843048459858739e-01
9.019956094585385165e-01,0.000000000000000000e+00,9.381710208002604912e-01,8.219630035210205854e-01,5.092904829187936411e-01,6.782245078878753608e-01,5.557668100922209531e-01,4.274144045250875545e-01,7.717817004192168984e-01,7.147197889673014837e-01,8.918384856453251963e-01,8.801695339312439748e-01,4.232683332182770597e-01,7.374619051985126239e-01,6.787173893459663709e-01,6.777385128007977766e-01,8.564044421060003076e-01,3.018099361954079685e-01,8.507937220635648501e-01,7.267889140258401159e-01,4.900687003766707184e-01,2.993624812799912105e-01,4.388398846451373458e-01,7.083807297088090538e-01,5.161228552740403375e-01,7.329793747993842423e-01,9.310563870292567490e-01,7.677728393694084330e-01,5.787199445696188382e-01,6.998770513945259397e-01,7.381011966440795824e-01,8.316850039500123248e-01,5.500635417277039974e-01,7.510496975099194561e-01,5.785977600580033409e-01,3.028463880681446785e-01,2.158839570867005786e-01,4.304282003783295729e-01,8.771136708548783467e-01,9.904383631531559207e-01,5.588469298344267422e-01,3.486360037921757415e-01,5.760656336459615279e-01,9.957937926823149377e-01,5.745215682074119590e-01,7.926475803811346976e-01,4.660078754076298346e-01,8.766888704476798466e-01,4.438793053249021070e-01,8.003292547290663528e-01,4.121251520707756022e-01,1.192759525739572890e-02,8.473847014854916093e-01,7.212335384099967106e-01,7.058302329697478950e-01,4.578085933942830921e-01,7.667390809437646393e-01,7.311307778759980058e-01,4.753429982424478561e-01,7.537811761436058466e-01,5.859817333103948256e-01,9.228051932225376230e-01,5.148276165828283846e-01,9.982895201034058807e-02,7.101075776975860343e-01,8.472929804523844366e-01,9.117975837688366836e-01,4.782704166196426465e-01,6.312177417688522585e-01,9.990303980349204416e-01,8.446693580409416757e-01,5.402323402991733303e-01,7.325158634263688739e-01,5.640164723455127760e-01,6.311776199611809357e-01,9.124010681067983297e-01,7.504539758279122896e-01,2.960550967109689124e-01,2.054584479693205012e-01,2.738039822354497721e-01,7.369977755768417627e-01,9.115216382995053879e-01,6.810400911748588637e-01,2.845706166313297647e-01,9.371322912962796181e-01
9.325403002458032553e-01,9.381710208002604912e-01,0.000000000000000000e+00,4.081091462382496204e-01,2.290707121912432531e-01,8.360061641887285289e-01,9.872179198796231514e-01,8.206947930342775033e-01,9.698727850379179616e-01,9.255714405356346708e-01,7.605518615733852794e-01,4.950670460953066065e-01,8.399966256323619929e-01,8.591235130970600320e-01,8.327179040796243159e-01,9.193260832540126604e-01,4.040809128556059893e-01,9.276815556197327561e-01,9.310915668181601879e-01,9.647456639050657756e-01,6.224290239911673961e-01,8.997551461137770490e-01,6.560610197039443703e-01,4.068842508837323679e-01,6.919737692843878074e-01,6.763298557098325059e-01,9.077840670472808737e-01,8.721975660992380419e-01,6.503926103747861287e-01,4.581474704896268402e-01,2.946150583180320304e-01,9.057638523203233039e-01,2.369443769684893009e-01,9.496363739382200908e-01,8.529405533584498711e-01,5.861675378239391554e-01,1.474169886146678987e-01,8.439350440324780989e-01,9.902201535751606887e-01,9.309871832131978442e-01,4.564796774170000182e-01,6.807787485934623239e-01,8.123468258500277095e-01,8.653374811869257721e-01,8.912376564630474229e-01,8.442115094875334291e-01,7.648351897305291081e-01,8.949689176767474663e-01,6.996247801894251994e-01,8.441156164222586300e-01,8.821005460502113760e-01,8.529871105156388023e-01,8.098439191918722635e-01,8.325669221747435955e-01,4.483081493388246797e-01,5.604032718734044405e-01,8.519813664581347146e-01,7.905543514455395382e-01,9.511541784988999382e-01,4.454799006111520576e-01,6.167791742068092775e-01,8.740909446651191628e-01,9.758179653671053000e-01,3.839439757678315135e-01,8.845088709166459839e-01,5.671482244138057460e-01,9.605372123065585299e-01,8.292224010488786767e-01,9.525281386857245014e-01,9.063151724532033660e-01,8.810147329848356801e-01,4.456336728188550755e-01,7.707420735246527099e-02,9.655850934754002246e-01,9.637800374183900232e-01,8.125403740359534721e-01,8.093924868560370411e-01,8.029572419266597372e-01,9.720205798186116741e-01,2.566610670603892141e-01,4.313771494169494902e-01,6.012573361140413075e-01,8.251408388376871850e-01,7.632742139510348967e-01,9.736669358185451317e-01
8.339650465335645135e-01,8.219630035210205854e-01,4.081091462382496204e-01,0.000000000000000000e+00,8.392210917761075972e-01,9.333609393247139785e-01,2.758046173733700313e-01,5.863584175106943963e-01,6.934094462196782604e-01,5.550447993192392238e-01,8.462902036451138699e-01,5.826086221550260680e-01,2.213127867177348274e-01,6.297766511543665402e-01,8.168746902004019317e-01,5.753986924662636282e-01,9.761171181997309043e-01,7.193845450038307554e-01,6.878493224060604483e-01,6.245289650162579864e-01,8.118564362891624864e-01,8.784652427096919514e-01,9.831212119117480608e-01,8.377695594038434557e-01,6.798448982494256221e-01,3.287167460928951401e-01,8.951492355452150829e-01,3.637784160011927614e-01,5.940752781002606175e-01,5.881355444529920984e-01,4.328851025310932465e-01,3.762122625992739833e-01,9.466906581579901392e-01,4.449859703823288437e-01,4.322962646061961345e-01,2.979211621312343183e-01,7.888909697572896729e-01,4.683770478974104146e-01,7.609788593185236039e-01,8.754302773012401229e-01,1.336248780597527330e-01,7.437043035532597823e-01,7.094786300977818927e-01,9.694430208919839753e-01,8.499825251914672197e-01,6.343092101672280769e-01,6.262521959393780868e-01,6.101446999404410709e-01,6.015020579415577551e-01,2.882652972360650878e-01,5.353275699646931063e-01,3.092560673471975718e-01,9.107050271214151005e-01,7.244660141323422398e-01,6.783886626686292942e-01,8.399621200252685993e-01,7.933745732586692245e-01,7.585327594423328934e-01,8.915568322872142737e-01,4.734141978573349618e-01,5.001861285613758978e-01,2.157939988060759706e-01,6.882387073233190433e-01,8.598791326364867427e-01,8.005262239796823165e-01,5.964545754727111904e-01,6.086984817707506989e-01,6.657707553670586531e-01,7.114794322587675302e-01,6.385295554150390851e-01,6.885916722715379468e-01,9.209355442074419473e-01,7.265823937617448269e-01,2.978870705270871833e-01,7.923080907673296647e-01,9.648543089750269974e-01,6.819272085661692850e-01,6.989905079785811992e-01,4.030534191383583487e-01,3.407119079749969942e-02,7.073479492693748316e-01,5.464719375830340287e-01,5.270768925259207149e-01,5.557026110444902578e-01,6.261653859361593355e-01
7.738545437735737664e-01,5.092904829187936411e-01,2.290707121912432531e-01,8.392210917761075972e-01,0.000000000000000000e+00,9.232230235077819591e-01,6.652128864326275481e-01,3.602237735091614601e-01,4.655625377192559311e-01,6.744905667236537061e-01,8.017323344748842340e-01,9.853077331002082495e-01,6.229064667250313603e-01,3.597774469603171044e-01,7.086438932563867699e-01,-3.155110636258030565e-01,3.855166664029284762e-01,7.595393868606457044e-01,8.395184254825074355e-01,4.103245850349363510e-01,7.758423988236302637e-01,8.486949730987817242e-01,3.764315013982709734e-01,9.759310353084436063e-01,5.943281497795795953e-01,9.945280223420164267e-01,8.241839606735935631e-01,7.739777644648972998e-01,4.981578818850478929e-01,2.923895905653949856e-01,4.807253139524332863e-01,6.727759126932386646e-01,8.844091463685778143e-01,2.972652669778196866e-01,6.888984810239012768e-01,6.490793502086408262e-01,2.495336982707712925e-01,4.729257282472357771e-01,9.502396004493374182e-01,4.550634175048113295e-01,5.843814440827530543e-01,6.736141199127017032e-01,9.777557168453694381e-01,2.610095043997987529e-01,8.267703105502749450e-01,9.949789003876816640e-01,7.413781645836157175e-01,8.046588560691191327e-01,4.005836033968971921e-01,8.851165056097589634e-01,7.340477238064293530e-01,6.640769148766849372e-02,9.284219200245598103e-01,8.320266195056749137e-01,1.345375477662562325e-01,8.624166919536032649e-01,6.889465319680153632e-01,4.686763295894231240e-01,4.701627307504558373e-01,6.605691954526680121e-01,9.122121239267577675e-01,4.525160234127895698e-01,8.949564415654590599e-01,7.933279054209700920e-01,8.502590027621206303e-01,3.290655795540674555e-01,7.161970331118847621e-01,8.292779149772234737e-01,6.788722896923841121e-01,8.841810774361338332e-01,9.472735552439847106e-01,3.117102022115991744e-01,9.285830835054177390e-01,7.190282983748355061e-01,3.985714723223853229e-01,8.405422296180796726e-01,7.936829546674721847e-01,6.470664583941627690e-01,1.910096571237633323e-01,5.381187552205836111e-01,8.443487155227951124e-01,8.788528101040846696e-01,7.503848491097973028e-01,-1.589670753105442147e-01,3.738093129279406179e-01
4.930937579247957059e-01,6.782245078878753608e-01,8.360061641887285289e-01,9.333609393247139785e-01,9.232230235077819591e-01,0.000000000000000000e+00,4.393637777900328278e-01,4.525783233772905922e-01,7.949352957225936933e-01,9.311859377942630633e-01,5.636964363207024320e-01,8.438190338793363221e-01,6.253463003333505910e-01,8.911723190517054638e-01,6.272569422589197030e-01,7.793189149348522804e-02,9.603915882385072322e-01,8.834589052683911037e-01,9.381843922313957140e-01,7.525239184369661993e-01,4.621213716578097541e-01,9.700538337689990076e-01,4.893900018052479428e-01,9.317669436532827199e-01,5.841144768793569142e-01,5.306468625061392386e-01,8.371819614798211573e-01,7.058007901413492213e-01,6.693527646676820098e-01,4.681740615188904608e-01,1.596817749439621292e-01,5.392443532601084444e-01,4.355231744160295015e-01,3.627960442700819410e-01,5.410181559771978232e-01,5.175169076028023341e-01,5.696069521996165452e-01,6.786246956692956189e-01,9.954812970337265643e-01,6.740362921131681784e-01,3.346778478725749850e-01,4.116157694511528575e-01,4.098666815174097922e-01,6.390321366642290890e-01,6.879902457791626791e-01,3.212575258929152855e-01,9.656939420846112343e-01,9.372453311354669303e-01,5.232549948592924993e-01,6.528115628195594322e-01,8.419161668483303718e-01,3.614916185111882729e-01,3.310028888593972707e-01,5.034713318049778286e-01,6.523849020772427565e-01,3.652489248166564395e-01,4.912200303447121774e-01,7.230985983882131096e-01,8.766190844921734060e-01,7.690207185694474257e-01,6.399187110939886791e-01,6.787249878863862440e-01,6.705592273657599023e-01,9.476859174856023804e-01,8.019448038800669476e-01,-4.597176104581127132e-02,9.148074184649344076e-01,7.678427754529592031e-01,1.386258147965183096e-01,7.320209441758622759e-01,6.651412504609460763e-01,7.588424522867629474e-01,3.778136505352347463e-01,4.445045281895007028e-01,4.533176825589436132e-01,2.472473544674373691e-01,9.035427002652051121e-01,7.565140779931263104e-01,2.557598686638028473e-01,5.541564545750131687e-01,7.940545687701448807e-02,6.779378249581039517e-01,8.657729046910866977e-01,-1.269852467293739184e-01,8.274696694634351424e-01
7.160585607564585731e-01,5.557668100922209531e-01,9.872179198796231514e-01,2.758046173733700313e-01,6.652128864326275481e-01,4.393637777900328278e-01,0.000000000000000000e+00,2.019034295060753159e-01,5.289810570375678145e-01,6.904077859926389671e-01,6.603539879602102758e-01,7.646528224211369684e-01,5.834524139452900160e-01,5.045494735088628113e-01,4.207764502598577705e-01,3.480918410353436299e-01,4.445710674951325880e-01,6.240060816128050192e-01,8.160449360615331660e-01,9.887428327447576049e-01,9.050961591319900412e-01,5.134837859768265345e-01,7.885273545179367627e-01,7.928811480190576244e-01,4.617413830588306678e-01,7.938020654249241526e-01,7.383786343098195371e-01,7.339328458970788560e-01,5.831586816402938300e-01,6.223525244861880523e-01,5.076101578079980081e-01,7.246126123228570082e-01,6.708523304252814734e-01,3.526155334613699788e-01,7.278683969870809456e-01,7.662289901007652837e-01,5.300426215107970629e-01,9.977007190216560240e-01,7.782558582863943197e-01,2.440295744855693616e-01,4.033210555386434470e-01,7.140886503918799644e-01,5.201558375024405434e-01,6.410108492637229816e-01,9.212530685035101863e-01,4.273313023464582194e-01,6.448366597043404536e-01,8.181018762365928065e-01,5.469356496125812317e-01,7.614158434658422347e-01,7.592225183811334155e-01,5.840783811927545699e-01,2.591166370342117276e-01,7.181723537224954379e-01,8.421152663502871061e-01,4.886549020987740466e-01,7.951662114889858080e-01,7.473237262791219138e-01,9.071952441067865358e-01,7.960036235046574760e-01,5.629919641383449580e-01,5.158398708828000334e-01,6.089254653665016059e-01,4.352029908391134572e-01,8.759315851719926549e-01,6.739090622867146552e-01,2.678703640147375165e-01,8.829706474380081271e-01,3.640395800927006542e-01,4.682402079513333648e-01,6.705750246477489851e-01,6.169515279788977402e-01,7.602755173633086727e-01,4.259777649289742674e-01,5.580201296584732518e-01,4.844174953016756602e-01,3.380918536555053144e-01,4.826118804130335449e-01,4.186663748907968885e-01,5.004778932562974347e-01,3.694809475339385640e-01,6.411751735056336887e-01,6.133506542310732668e-01,7.001774657725235995e-01,-3.864984692345073136e-01
8.253591070563505161e-01,4.274144045250875545e-01,8.206947930342775033e-01,5.863584175106943963e-01,3.602237735091614601e-01,4.525783233772905922e-01,2.019034295060753159e-01,0.000000000000000000e+00,8.513256101631161421e-01,2.847684531678530973e-01,3.551782306528903921e-01,2.229734524406585261e-01,7.993667940126563121e-01,8.541024907863135063e-01,9.602617178958399169e-01,6.479039679043854250e-01,7.658889924574779906e-01,6.517443140553385028e-01,6.641756551169695211e-01,6.713942974724644852e-01,8.650389459137588499e-01,4.345221574605536152e-01,4.130328235603246689e-01,8.333276786783050394e-01,1.237180826339904088e-01,7.067455386837765419e-01,6.381204468822886389e-01,8.095651014950231428e-01,5.206004080794338074e-02,4.045971900760544915e-01,2.286500871305247040e-01,8.977754871238794454e-01,6.363219367823227390e-01,9.972212341395645385e-01,2.810119493441579075e-01,7.891699258901736513e-01,3.002501516093544764e-01,5.912109215772876070e-01,9.067153553592108839e-01,-1.516671428815541400e-02,5.111670611216200255e-01,2.919501805427104912e-01,3.214324089977294574e-01,6.684166806833766739e-01,9.798240320972798623e-01,9.585078426989253053e-01,7.616113958770787118e-01,6.126696505690409911e-01,6.440725399590814249e-01,4.763175701702910825e-01,5.550141830712413960e-01,3.937749932039604217e-01,5.079279267527025965e-01,7.337835721797629773e-01,7.612793497868375336e-01,5.541278797846294416e-03,7.006400544073978498e-01,6.306510859585120476e-01,9.583369906690901718e-01,5.906447030437765866e-01,2.402803394008216631e-01,3.115517116844037093e-01,8.069277474124361138e-01,7.444164629500502617e-01,4.000106377653795398e-01,4.634003744323699769e-01,7.820970103394633277e-01,6.765537224977008490e-01,1.567751979938529217e-01,2.551257111769322794e-01,3.429991014014287520e-01,2.525553445321080392e-01,3.696106510548449187e-01,5.507644926573069810e-01,6.466414037878296384e-01,6.743207415348928535e-01,4.252530326328250454e-01,4.055903626774310933e-01,7.512261428404890529e-01,5.767196989936539397e-01,8.346951749630260320e-01,7.876516395256398795e-01,8.927726666055225690e-01,6.806161191613837591e-01,9.725284405939111920e-01
6.191055013573812937e-01,7.717817004192168984e-01,9.698727850379179616e-01,6.934094462196782604e-01,4.655625377192559311e-01,7.949352957225936933e-01,5.289810570375678145e-01,8.513256101631161421e-01,0.000000000000000000e+00,3.812730192072369961e-01,7.780016760708711177e-01,8.990698025769117141e-01,7.420520630234888060e-01,7.490181034157539219e-01,6.928718812616233569e-01,7.739234910690687697e-01,7.111410032858628272e-01,9.024612072279097896e-01,4.673570537123404312e-01,9.156825908779215872e-01,7.199729881725064340e-01,7.939717722165863245e-01,5.898998769948766707e-01,7.362274607764005552e-01,6.632834108036738119e-01,5.679509726805542780e-01,7.964044358882300667e-01,6.821904477172253678e-01,9.954288149684088413e-03,3.505437304339587556e-01,2.014115539471812988e-01,-1.375695276726633387e-01,6.580647051225887445e-01,8.638550839423017047e-01,9.557420165502330534e-01,3.959349854986764505e-01,2.718685331749103318e-01,9.656925603913624201e-01,9.426374934279859730e-01,4.684536162793752068e-01,-1.404821797999063482e-01,8.929872139330924385e-01,8.726878494463589098e-01,7.165435823429006090e-01,7.041138625521604633e-01,7.147211060325681098e-01,5.187256618769352512e-01,7.623352582793122556e-01,9.132426450459640854e-01,8.603859735636922856e-01,-2.737006432182276239e-02,6.881089664583738275e-01,3.231269774199041489e-01,2.205240128226655660e-01,9.948993924207727435e-01,9.207658004788977779e-01,5.538167732728933590e-01,7.723319284373382221e-01,7.626355478163997503e-01,1.031719549591647161e-01,5.242657590242904009e-01,6.553808276778603226e-01,9.274961878218938027e-01,9.797996952034029317e-01,6.306487041693756845e-01,8.274203809766527140e-01,9.481764910995754692e-01,9.203568966533003382e-01,8.143381228112327452e-01,4.269367023262139460e-01,4.790399175869440862e-01,3.421029704589337861e-01,7.018797443580666595e-01,7.084797671900429084e-01,6.725550957445955991e-01,8.851547618692389152e-01,9.822104173425501017e-01,8.530981414263884011e-01,5.995908332196017154e-01,3.416414160549987589e-01,2.363299005765069627e-02,9.940907944612004110e-01,7.783154318566227747e-01,1.964513061111412828e-01,4.255944437816758796e-01
9.731299676965531331e-01,7.147197889673014837e-01,9.255714405356346708e-01,5.550447993192392238e-01,6.744905667236537061e-01,9.311859377942630633e-01,6.904077859926389671e-01,2.847684531678530973e-01,3.812730192072369961e-01,0.000000000000000000e+00,7.016663026874704334e-01,6.671190921709693189e-01,9.188637407224480302e-01,8.950301293171125661e-01,6.809370843742621471e-01,9.224298696638726369e-01,5.269098522821868968e-01,4.045482428275503639e-01,6.637761747840248416e-01,8.061660160707833089e-01,3.829637821101357087e-01,4.853579199338010075e-01,9.778530922435627604e-01,4.570084678322184901e-01,6.306792733516947136e-01,4.483318770032422851e-01,8.172913531899066442e-01,4.525352261719998714e-01,3.531322661785785688e-01,5.297039247169927911e-01,7.116006437346237279e-01,5.107877707885832841e-01,3.738297244752528670e-01,6.172096957064711065e-01,6.897281065407153688e-01,7.562192427503305892e-02,3.426130175530541777e-01,5.325553475061740594e-01,8.105392508993468637e-01,5.909889085470042547e-01,7.519668253521784029e-01,6.120911925204010062e-01,4.700042725935481558e-01,4.574871352747185149e-01,8.818067309231443218e-01,5.761618039596725360e-01,8.770596936751737793e-01,6.909982356395724112e-01,4.702671923050129044e-01,5.350481674548289712e-01,2.791837443094294033e-02,7.230427363200563340e-01,6.275709161108535827e-01,1.267156799912007303e-01,3.225601985781850756e-01,8.414655981259580031e-01,7.348331665202578744e-01,2.566502642587533134e-01,7.370741205983490918e-01,3.130633496242121172e-01,7.435266547794661118e-01,4.354186100165636231e-01,9.086195215084357235e-01,9.610325386277522863e-01,6.315129404940040825e-01,2.569025328237311001e-01,6.312069758480587378e-01,5.276833799221360977e-01,6.222301362382141043e-01,8.992695420711543930e-01,7.082973999355968164e-01,5.289225611602997867e-01,6.510220107740356532e-01,3.205443178241150215e-01,5.408010729808714334e-01,6.134966125516285729e-01,8.546373254455059687e-01,-4.327713514116282578e-02,4.265243769835292964e-01,4.997159299456271908e-01,1.173395592459683806e-01,6.392162472805698048e-01,8.110360432105429007e-01,5.699183569579358011e-01,4.355874903353456062e-01
7.443829743494003726e-01,8.918384856453251963e-01,7.605518615733852794e-01,8.462902036451138699e-01,8.017323344748842340e-01,5.636964363207024320e-01,6.603539879602102758e-01,3.551782306528903921e-01,7.780016760708711177e-01,7.016663026874704334e-01,0.000000000000000000e+00,9.995499910556450152e-01,2.068127011346063138e-01,8.883049882681307019e-02,7.610998230707166634e-01,3.093802038708067803e-01,5.272997827701014772e-01,3.754342661169539630e-01,7.219449303592635481e-01,4.471010440481096304e-01,6.240542148794059329e-01,4.275784698368273462e-01,7.755692008297654372e-01,8.667695065068402593e-01,6.414198800222347119e-01,7.509664886538285344e-01,9.084285018231930131e-01,7.063513360654456452e-01,5.261924786935463505e-01,7.135456545338577650e-01,1.325165537115032544e-01,4.194625688503163530e-01,8.866373142912827021e-02,6.456273160391569066e-01,6.905939107640611807e-01,3.316036506321089483e-01,7.533927377980286222e-01,9.985232238513517267e-01,8.197899924447542563e-01,2.501920589868496525e-01,5.232882671046843459e-01,7.891744513990990306e-01,8.106831302102655012e-01,-3.190819563449392993e-02,5.260335779229682318e-01,8.499498132989821153e-01,9.496603791507387538e-01,6.871566615748780915e-01,7.706217740191507737e-01,6.720352803884404036e-01,9.126232945728239843e-01,4.597299095429554505e-01,8.901088759142292695e-01,5.348011994683382619e-01,4.266378040249644288e-01,5.860538317563319666e-01,-1.246247096516357872e-01,6.443328912552793719e-01,5.294091387280807082e-01,7.892434755001080937e-01,3.415057737725016862e-01,2.938129867816191565e-01,2.339584915381036079e-01,9.895786011395285575e-01,8.960354249163893225e-01,7.844521021148069817e-01,8.283739240173043639e-01,9.036186033284017149e-01,5.530866948694264096e-01,8.482474714943218919e-01,8.124217387871708329e-01,6.419215167106412379e-01,-2.911685087057961918e-01,4.009953225428136703e-01,6.103325142919799884e-01,4.970536055407670517e-01,9.154120103966721933e-01,1.769343298652293894e-01,6.818185046023771401e-01,2.962687281771740344e-01,7.119390125172230244e-01,2.036206151564962652e-01,3.998704758402836790e-01,6.142264451087002808e-01,6.370250861269698417e-01
4.831492423115075763e-01,8.801695339312439748e-01,4.950670460953066065e-01,5.826086221550260680e-01,9.853077331002082495e-01,8.438190338793363221e-01,7.646528224211369684e-01,2.229734524406585261e-01,8.990698025769117141e-01,6.671190921709693189e-01,9.995499910556450152e-01,0.000000000000000000e+00,6.007116741944016347e-01,9.717996065357864532e-01,6.218961806390319591e-01,7.205959370723626911e-01,2.779842408806559861e-01,8.577965131225789852e-01,5.923477088519779610e-01,7.214084397628385270e-01,6.296992751660509535e-01,7.788442034320295360e-01,9.883475330677938819e-01,6.366413722761457006e-01,5.799081964749217555e-01,7.499176628842114667e-01,8.260097646870462329e-01,4.325765248015996378e-01,7.795589195884350397e-01,3.808274501744803309e-01,5.738307277286914809e-01,8.522634444074618232e-01,6.018830858910492188e-01,6.556212450965825944e-01,6.546251140442629346e-01,7.885452293266899115e-01,2.181758382658909590e-01,8.256248582781603451e-01,5.125071639015497116e-01,9.835086682239970735e-01,1.914878509962256170e-01,8.841459400655509171e-01,8.253800772623213211e-01,5.145685613751665999e-01,7.324205302674864360e-01,4.616060466491540004e-01,8.624958488646329302e-01,6.486229038831763383e-01,5.743816385195881224e-01,5.467962889717492558e-01,4.979642933726431409e-01,7.687117657260740256e-01,9.065719871239612537e-01,7.213577002882504141e-01,9.034618501433694382e-01,6.886991222616205555e-01,7.354768764123206237e-01,5.590599821357743471e-01,9.170923429394253201e-01,6.877941930329526388e-01,8.907168433440487698e-02,7.024471379368787405e-01,9.134295756856614101e-01,8.597603863476117603e-01,8.023069267764421086e-01,6.158228246394176209e-01,6.809592523065746139e-01,5.247881538915861732e-01,7.473350959759363921e-01,6.782156143275691607e-01,6.891517264413176136e-01,6.432584365158566797e-01,5.125283611826568775e-01,2.464525688975650886e-01,4.900434730720724108e-01,5.438282505195646266e-01,2.562016497304663298e-01,7.035545603435294781e-01,3.760150607430075009e-01,7.313203192489886595e-01,4.162415593732521346e-01,3.776650646390704580e-01,7.061025095265250906e-01,8.137350237955205401e-01,4.068644111815471476e-01
5.852748871609492198e-01,4.232683332182770597e-01,8.399966256323619929e-01,2.213127867177348274e-01,6.229064667250313603e-01,6.253463003333505910e-01,5.834524139452900160e-01,7.993667940126563121e-01,7.420520630234888060e-01,9.188637407224480302e-01,2.068127011346063138e-01,6.007116741944016347e-01,0.000000000000000000e+00,8.204686074014261310e-01,8.712990130398343691e-01,7.190949839003637489e-01,8.260883662256964799e-01,7.495175352680838454e-01,9.602744888538345958e-01,8.279160419816294914e-01,8.975886054787304280e-01,8.004648798189658576e-01,7.368651528235694581e-01,7.381734095705805299e-01,4.955214288134286438e-01,6.826522151310532305e-01,8.875553562662154006e-01,9.145620912949350423e-01,9.832037664970185720e-01,8.853927452535448328e-02,-1.044242607600523037e-01,7.994967685422548209e-01,8.634443072172940381e-01,8.021763575158761261e-01,7.389776436507332624e-01,3.957726648206162379e-01,3.182287805134081937e-01,8.767538261578544656e-01,7.598478786157037979e-01,7.563127894913308502e-01,2.889117019836346945e-01,7.003968145513286281e-01,4.334112977907846886e-01,6.514090406736036121e-01,9.397457457076534570e-01,9.710129189043623654e-01,7.484602583011242816e-01,6.645607900377297206e-01,6.363205434999810173e-01,6.712822415976269497e-01,3.328885030393750610e-01,9.757859727773408043e-01,8.092904090890792324e-01,7.360963822194400707e-01,5.158345446839657233e-01,7.585239271801149652e-01,7.098353342291692236e-01,7.959299952717149296e-01,6.719800236158186557e-01,6.260228049586920029e-01,6.368006350390379433e-01,7.173332694607617022e-01,4.566006130114543815e-01,3.601426592827027262e-01,9.183802294356606666e-01,5.914725861964406084e-01,4.552740083454581699e-01,6.669099807454295092e-01,9.612575752090963821e-01,3.206383199675501561e-01,8.476455012620229823e-01,6.975556396281236138e-01,8.317433170500486694e-01,9.011465663372653090e-01,-2.045485206176464454e-02,7.711237052653052704e-01,7.786262570143290818e-01,4.812361765151931259e-01,3.118072789613500762e-01,7.197630277182530678e-01,7.358888197853583613e-01,9.795128137907789245e-01,8.300250064123201321e-01,4.725668632032388183e-01,8.768358922859239568e-01
8.278070890326713061e-01,7.374619051985126239e-01,8.591235130970600320e-01,6.297766511543665402e-01,3.597774469603171044e-01,8.911723190517054638e-01,5.045494735088628113e-01,8.541024907863135063e-01,7.490181034157539219e-01,8.950301293171125661e-01,8.883049882681307019e-02,9.717996065357864532e-01,8.204686074014261310e-01,0.000000000000000000e+00,8.467989949432123131e-01,7.570033706677364860e-01,1.516042156026161658e-01,9.529568885969843528e-01,7.933644168333173763e-01,7.507843407209218167e-01,6.914367150172285870e-01,6.643393890329968299e-01,1.886206471459387912e-01,6.776236845474531423e-01,4.616863885569275072e-01,6.815644097935307233e-01,9.509723851198540467e-01,6.881229591843912585e-01,3.265528742403048246e-01,2.667490467687179401e-02,2.236095197281879887e-01,3.440945102414528778e-01,7.247793787376848318e-01,6.172161801177670215e-01,8.637576259677338664e-01,4.582755984963804985e-01,3.109495070830224361e-01,6.548312235447755203e-01,9.687516577279083885e-01,4.510575809402729841e-01,3.218187696850399737e-01,5.326567026172326358e-01,7.821028905344954429e-01,9.806211560420822204e-01,9.934085146594110460e-01,8.885712261705699389e-01,7.001706478343220352e-01,5.694100581289023300e-01,2.710013409171115328e-01,7.593871792874731241e-01,6.397968301765859511e-01,2.711145789193402100e-01,7.966995776584429034e-01,8.747118621747593803e-01,6.085286295322540617e-01,8.141356834320667701e-01,9.225431814872658842e-01,5.539313732143008595e-01,7.505850324745688695e-01,4.138310840476661090e-01,5.651305042964357428e-01,9.744053388974009966e-01,7.525257086348623448e-01,8.625696768389776725e-01,7.486315466879815972e-01,9.971813334798104167e-01,6.535755521230022236e-01,7.171390166139309796e-01,6.697148613703227671e-01,6.016857662163163090e-01,3.549180063739264535e-01,7.303952920540766058e-01,6.068327040918763959e-01,3.245979084731640540e-01,9.046340981467489994e-01,8.509733095927819457e-01,9.470742878292015554e-01,2.165088469720587994e-01,-1.392462671415183040e-01,4.226637228373066324e-01,2.400965298247788315e-01,8.175818583224898628e-01,6.494871617664013108e-01,7.298236553215076139e-01,2.655794745109892885e-01
5.163983031134887769e-01,6.787173893459663709e-01,8.327179040796243159e-01,8.168746902004019317e-01,7.086438932563867699e-01,6.272569422589197030e-01,4.207764502598577705e-01,9.602617178958399169e-01,6.928718812616233569e-01,6.809370843742621471e-01,7.610998230707166634e-01,6.218961806390319591e-01,8.712990130398343691e-01,8.467989949432123131e-01,0.000000000000000000e+00,5.807430026881300611e-01,1.788797658231379706e-01,7.288972847039041358e-01,3.860304903199697768e-01,7.000773474944805841e-01,7.403781295551259412e-01,9.446644624324866957e-01,6.967190728101532171e-01,7.785414541817344825e-01,6.437018437642147983e-01,2.802247085743079236e-01,5.961002493576857963e-01,5.961004133807623617e-01,4.461269747766447580e-01,2.701730268590792905e-01,7.310343321616090684e-01,6.192280779037187544e-02,6.183571708855518656e-01,5.482592150154559363e-01,7.322486389563681586e-01,5.412516873677210016e-01,2.747205795610901946e-01,4.446722230677734311e-01,6.524309821245124486e-01,8.466574703890150655e-01,4.931584573495940704e-01,2.043193910104348920e-01,9.002326286978572512e-01,9.812812084877825525e-01,7.020697038841949844e-01,9.141566175002687755e-01,7.494417857537214456e-01,9.021929572668476727e-01,7.819459075783973256e-01,6.271074662359157337e-01,8.363795676682207469e-01,2.219764431540296179e-01,9.935448269227687978e-01,4.036113439548812409e-01,5.606480787106221664e-01,6.387633220902613207e-01,5.369040648350840161e-01,7.366637786507732599e-01,7.337671225336988012e-01,6.458928282478449967e-01,7.987823926138606367e-01,4.978123710380973899e-01,3.284525709740427901e-01,7.735365093388806290e-01,7.027711861149245065e-01,3.256066157932001603e-01,7.161733193767990668e-01,6.740750382047672185e-01,-1.801813214791050111e-01,5.428406672078305295e-01,3.104809035201170353e-01,2.753681868181989678e-01,2.817998892227811525e-01,4.864901924201592842e-01,6.969292132151374553e-01,5.580134559384256621e-01,7.277984551858821538e-01,6.387015242960933925e-01,5.326697873539572026e-01,4.132189700143001354e-01,7.677078202863752976e-01,9.366316230969089496e-01,7.317486191804902784e-01,1.864392212320226394e-01,6.693633508388268094e-01
9.626566193828740570e-01,6.777385128007977766e-01,9.193260832540126604e-01,5.753986924662636282e-01,-3.155110636258030565e-01,7.793189149348522804e-02,3.480918410353436299e-01,6.479039679043854250e-01,7.739234910690687697e-01,9.224298696638726369e-01,3.093802038708067803e-01,7.205959370723626911e-01,7.190949839003637489e-01,7.570033706677364860e-01,5.807430026881300611e-01,0.000000000000000000e+00,4.653470270780877827e-01,7.216862659489595710e-01,4.279955095626620243e-01,4.532828106426274317e-01,6.684400302754345269e-01,7.046516756168876849e-01,8.075789128201130707e-01,9.502847460197716423e-01,5.787389796353080706e-01,8.332851453752075921e-01,9.285377181277290060e-01,5.480589717516302084e-01,7.330960598124136585e-01,9.021959408492666310e-02,-2.424227523024238273e-01,4.212364593958740633e-01,6.778425880094447464e-01,4.208635253946116372e-01,7.358966558716654172e-01,7.797355566171169095e-01,2.932205853927014050e-01,4.744194479272997311e-01,8.846291121860534457e-01,1.666057728929345727e-01,6.159509545093767580e-01,3.949172901138011671e-01,7.471564902816347775e-01,8.677472618972519314e-01,9.490706925328815657e-01,6.967724252192545320e-01,5.496119201774494201e-01,4.857386421250987074e-01,7.883057691154785607e-01,8.010760962179458433e-01,5.064882707908070492e-01,9.512861817589188806e-01,5.695760491033727835e-01,7.966209347643895544e-01,9.772507642287646679e-01,7.862723099379145264e-01,4.330965141327833279e-01,4.985281679655374498e-01,8.987140911232158746e-01,3.104555456694261251e-01,6.006089453957311752e-01,9.154630948622991538e-01,9.569260551814939841e-01,4.774749450085583602e-01,4.343322094266740541e-01,7.815747898619537226e-01,8.950386927613528387e-01,6.224005168066155669e-01,2.156570796393868783e-01,8.931012271498585120e-01,7.403449995670545736e-01,9.525305135999827255e-02,5.114425942849448736e-01,7.783577839095522366e-01,8.562203208696532730e-01,4.286587232453855090e-01,4.401575324878987394e-01,7.743662172219464290e-01,6.276941275158880451e-01,3.881784706632433468e-01,4.276535038986327697e-01,4.025538297316619274e-01,9.875436456464410373e-01,5.476877805923987541e-01,9.977174152794909823e-01
5.890868934867861118e-01,8.564044421060003076e-01,4.040809128556059893e-01,9.761171181997309043e-01,3.855166664029284762e-01,9.603915882385072322e-01,4.445710674951325880e-01,7.658889924574779906e-01,7.111410032858628272e-01,5.269098522821868968e-01,5.272997827701014772e-01,2.779842408806559861e-01,8.260883662256964799e-01,1.516042156026161658e-01,1.788797658231379706e-01,4.653470270780877827e-01,0.000000000000000000e+00,9.173565277127442297e-01,4.408964072382716148e-01,9.555071616093760989e-01,8.442419692370179973e-01,5.876015045934350756e-01,8.213007683566349026e-01,7.497929336550495094e-01,7.475705545259536677e-01,6.773395911786441737e-01,5.694046513676439547e-01,9.570468180172080341e-01,5.969439425177480718e-01,3.347677700607954998e-01,4.816334077262502400e-01,4.864366686817587215e-01,8.015129967474383665e-01,1.109704628778205443e-02,4.154856030147318496e-02,3.364522243485586206e-02,5.239335823090449651e-01,9.403858566726702728e-01,9.112795638319159952e-01,9.247185319202492204e-01,4.023841433398012701e-01,4.763448529460084235e-01,8.562562969881335473e-01,2.569118828061574544e-01,9.589171231467812362e-01,9.695966220287310922e-01,6.942523753078901905e-01,3.460382823965704180e-01,7.469627503256252021e-01,7.216480111678104103e-01,6.040029771222704680e-01,5.143791189657020979e-01,8.520399807695226979e-01,9.024091833643144156e-01,8.446057474613484217e-01,4.586817664577703679e-01,3.040742876133634143e-01,9.432781951241564489e-01,8.999199092185973248e-01,5.205412423046209547e-01,7.323444993206439380e-01,9.078179191841664331e-01,9.372081460106796991e-01,8.285096251381619537e-01,9.158719626239365530e-01,6.980515851586666098e-01,9.778059848822060474e-01,6.349978297142825356e-01,7.869907107144953340e-01,7.025262651772403721e-01,8.291409440477702786e-01,8.459353405499894230e-01,6.608917345374607510e-01,1.915439369697416183e-01,8.723870384675971312e-01,8.094950048559246270e-01,4.048056687061784564e-01,4.508746198946624317e-01,4.500489640870692365e-01,3.996312319290382664e-01,9.610826870594795235e-01,8.501824190401559012e-01,6.492538516513515212e-01,-2.485195754691660319e-02,6.321047622296896984e-01
5.136776040074916283e-01,3.018099361954079685e-01,9.276815556197327561e-01,7.193845450038307554e-01,7.595393868606457044e-01,8.834589052683911037e-01,6.240060816128050192e-01,6.517443140553385028e-01,9.024612072279097896e-01,4.045482428275503639e-01,3.754342661169539630e-01,8.577965131225789852e-01,7.495175352680838454e-01,9.529568885969843528e-01,7.288972847039041358e-01,7.216862659489595710e-01,9.173565277127442297e-01,0.000000000000000000e+00,9.851467485347213948e-01,5.878573739720905911e-01,9.285791672665058005e-01,8.682873066603800094e-01,5.387837591215212107e-01,6.962600049539681146e-01,9.205555118109127744e-01,4.100808571873236219e-01,9.382555113375116163e-01,6.730159031354782107e-01,4.584737621950230047e-01,3.393410467697942634e-01,1.195564945038656360e-02,4.297256255789614898e-01,1.613906844032326759e-01,5.542535562892182410e-01,6.811090258117851182e-01,4.717785544913050133e-01,2.269606086677293869e-02,6.689989376330821580e-01,6.950264908190663116e-01,8.396013774006254593e-01,6.304189502762440611e-01,6.434347084716337539e-01,9.425383219367711174e-01,7.412885847168785292e-01,8.247649201396423102e-01,4.248820303438026746e-01,5.390677472532874326e-01,2.283105932514324921e-01,7.899727038055214257e-01,7.712865384305979122e-01,9.581204451496445618e-01,9.113675931322895440e-01,2.479786252135262326e-01,8.770440973803895757e-01,5.011716719268697329e-01,9.625843069312447486e-01,6.680199046116435113e-01,7.476486823688750505e-01,4.865673904667591199e-01,3.206336175287645696e-01,6.719341562019214287e-01,3.760259887376957710e-01,6.494680952563419707e-01,9.118667089113932089e-01,3.814540900203752249e-01,6.485001616790260215e-01,8.799779735735134834e-01,5.288045862194088453e-01,4.463523665801157336e-01,2.577759023164367114e-01,6.495738271206201730e-01,6.456350482646213695e-01,5.190843447003667954e-01,4.195080143108992354e-01,5.435953608551357119e-01,5.481289256478871774e-01,9.056668234036184817e-01,8.464396537194657233e-01,6.637615290917672217e-01,1.596821776808978743e-01,7.483598981856034449e-01,3.917869997124699410e-01,9.533311114834047695e-01,4.681839897772639703e-02,7.092918397941894160e-01
