0.000000000000000000e+00,9.784362230528613757e-01,9.999404591577747414e-01,6.141505727481717525e-01,8.760597636803526544e-01,9.772819148426146185e-01,6.767976301204275957e-01,9.464233362780851699e-01,7.132801066521844424e-01,9.757517016285752742e-01,6.429876025876637424e-01,9.325512724929719832e-01,7.379426327094036342e-01,8.832973642548002102e-01,9.318463219302371980e-01,9.807551404344965196e-01,4.444165063071309207e-01,8.613166954204042325e-01,9.035009520609058598e-01,6.838200103497936722e-01,5.592359044457200223e-01,9.281249287628003941e-01,8.806795643117887318e-01,9.904846045509277941e-01,9.090456280905944153e-01,9.402531061154189018e-01,8.276671647434900025e-01,8.851983537032690474e-01,2.954058666378908682e-01,5.382421097300859048e-01,5.948670718518020983e-01,6.010023176684711199e-01,9.923941101493854999e-01,9.887439482996486229e-01,2.560534482541337309e-01,4.987906025301472868e-01,2.600837831410796608e-01,9.989270812115331744e-01,7.180465184380351307e-01,5.525140815359230739e-01,1.978838946522530617e-01,5.675437748064562360e-01,5.169424633868774377e-01,7.344438056382176505e-01,8.725375111315196719e-01,6.943720687917065426e-01,8.478062049937117317e-01,7.487124164722619435e-01,8.358181002519101677e-01,8.759866664049340557e-01,8.859035224717587420e-01,9.384434275198981767e-01,9.874811549605992944e-01,5.810406673128098998e-01,7.493234413368933255e-01,5.189187682296494408e-01,9.054838449687422353e-01,9.666801416964021509e-01,5.976821652429302745e-01,5.680642265773661048e-01,7.511206586479632907e-01,8.843483472319110250e-01,7.744301166083128463e-01,2.187953445609244207e-01,8.625882012365095886e-01,9.530534405195273395e-01,3.848575287520644705e-01,6.018148102953415624e-01,9.910794326417495803e-01,6.538960010427042890e-01,5.460420978489426425e-01,8.296179132438507020e-01,5.656527076887701844e-01,7.780683415249944890e-01,7.328951468157784976e-01,7.564490286941919495e-01,5.008534694689300570e-01,8.934975550675952061e-01,6.120691895069751975e-01,6.867751575767842009e-01,6.370997171004977311e-01,8.495225291944490387e-01,5.176384171199343021e-01,5.606998871766705195e-01,8.380078225519772550e-01
9.784362230528613757e-01,0.000000000000000000e+00,9.914234508127204304e-01,9.881807065247918409e-01,4.787227433016688072e-01,7.400694252600018563e-01,7.197531066487716789e-01,7.869682502089838660e-01,6.325511069010479881e-01,5.474674470081039024e-01,5.416732434597262280e-01,5.335682155836176666e-01,9.182859525078359564e-01,1.769668497639732552e-01,6.354773285649067960e-01,8.344461106008019824e-01,5.220784785650234294e-01,1.316889431905309826e-01,5.881543104230304575e-01,8.399303212982247580e-01,5.322112815924024964e-01,2.470677212336486184e-01,6.054208429773286770e-01,8.115317050995799475e-01,5.596776836332854055e-01,9.460635116961624291e-02,6.796000481421158312e-01,7.738792599104223902e-01,2.334022545964364592e-01,3.238813151954771929e-01,1.721774043687950284e-01,2.397287420919645140e-01,7.355644267725439667e-01,8.932686443705628587e-01,6.027710358612540231e-01,7.574497896654905915e-01,4.646148216525446961e-01,5.085096538319514581e-01,8.326328505712538020e-01,9.672643553629179936e-01,8.210640292909526794e-01,7.733417144912445584e-01,8.491237472459902680e-01,4.548186406039151919e-01,8.854691149537281536e-01,7.984903352947325672e-01,5.366299128899528759e-01,4.596917659172250481e-01,7.290980599012324426e-01,3.963535189916347345e-01,9.805946534390105329e-01,4.098179282545257318e-01,7.207148521718615974e-01,8.534797158536139294e-01,7.540469143696433285e-01,4.039372540116898391e-01,8.592871668035115817e-01,6.918899465226758805e-01,9.113421546352258318e-01,4.963633881003646775e-01,7.398519269640995155e-01,7.717244462283880946e-01,4.355590647041432395e-01,5.464061487645136550e-01,9.512350068685961890e-01,6.224175186125253667e-01,7.371529540061765307e-01,7.094729102899225426e-01,7.925650024932739957e-01,7.031741940059161866e-01,7.043545727470497120e-01,8.779430485343336921e-01,5.727005875754340725e-01,7.377924320478490561e-01,3.385553452555661869e-01,7.073237832202824427e-01,7.840555650747880190e-01,7.461858316948661862e-01,4.485770658227515306e-01,1.475040617290139244e-01,-1.213895689517571763e-01,9.588333876522715515e-01,3.606419132621652146e-01,3.031688370081724315e-01,6.005988033279530125e-01
9.999404591577747414e-01,9.914234508127204304e-01,0.000000000000000000e+00,9.422787838546751171e-01,9.158853496191102783e-01,8.109790597290132963e-01,9.885240855174289853e-01,7.653900042979120411e-01,7.594445743277531413e-01,9.508751029670575727e-01,9.290639754024032637e-01,8.396848754417649552e-01,8.343477573903842481e-01,9.703312707117874858e-01,4.991014519059436272e-01,5.957145641493255539e-01,8.532099475744495676e-01,9.451707802848101636e-01,8.598490721442262341e-01,6.123399349117367718e-01,8.025012881582911373e-01,9.782511780981514304e-01,8.081395064011301921e-01,9.199646197116468915e-01,7.764860271383395851e-01,4.732029828487925860e-01,7.537208651098541434e-01,8.040285202067548598e-01,5.141464260680707055e-01,4.128874467890811806e-01,-1.414195458830021512e-01,8.144476890766889632e-01,9.551431068204372377e-01,9.103966886243538559e-01,4.571690294553978351e-01,2.809033525606188242e-01,7.957404391215848471e-02,8.355658662688765226e-01,8.468199928035140545e-01,3.860803606641057817e-01,4.115667794978834504e-01,7.039396861194560095e-01,8.533946671673109385e-01,5.037401235319906023e-01,2.721048875807360323e-01,9.660006191818835131e-01,9.982063235940579204e-01,9.982438610493503672e-01,8.314308871563915737e-01,6.877667534302321917e-01,9.857063895285843591e-01,9.324387816128653084e-01,6.479201156458331834e-01,8.000098366909718095e-01,5.351692676360472190e-01,8.132392563568001664e-01,8.264069552369563976e-01,6.028586922699816775e-01,7.229777000925675656e-01,6.312360578038180847e-01,4.017800603399503401e-01,7.529026926736437364e-01,7.993486262398129538e-01,9.031125138556753695e-01,6.430416600308356267e-01,8.018257723210455712e-01,7.485444981780596807e-01,9.888070823087086181e-01,5.795218349363999710e-01,7.207902077065446722e-01,3.243690231322941542e-01,9.929646476141329448e-01,2.557520215505411643e-01,4.454218408945730401e-01,7.669246854803186686e-01,6.225687894749526441e-01,5.738919615119288942e-01,9.190860422316773359e-01,9.825488501134085340e-01,3.372236840712748013e-02,6.880274849231500234e-01,5.807466405399579479e-01,8.660745652898860225e-01,4.038506280741787080e-01,7.682190591686928194e-01
6.141505727481717525e-01,9.881807065247918409e-01,9.422787838546751171e-01,0.000000000000000000e+00,9.631137323997255306e-01,9.275620096676844284e-01,4.049797121352999296e-01,5.884046299296249449e-01,9.376503118717584018e-01,4.904602717826092029e-01,8.864371143736733405e-01,5.933117711856064069e-01,6.655006052936357497e-01,9.787786887748651798e-01,4.804306442281761624e-01,8.369061902988244039e-01,9.978098805309849606e-01,6.715453350136399990e-01,7.412936657579761723e-01,6.080439455602419940e-01,6.898380383484457035e-01,6.700966029743735675e-01,8.265856095769182899e-01,8.180921816141283331e-01,5.156713713874593319e-01,9.255784526035428783e-01,5.229674882336015074e-01,2.933561114757505806e-01,6.679514910442114761e-01,7.704770224971749792e-01,9.325906269434225404e-02,1.923829539597242122e-01,9.885932139607325198e-01,8.457514231309617436e-01,6.465715100224753709e-01,6.135450484192004339e-01,4.929179260984041799e-01,2.193799067173748119e-01,1.366246753456155094e-01,7.179927669211585428e-01,5.764667176722573227e-01,5.069733500908052415e-01,3.127865334590648749e-01,8.834005077090996139e-01,8.174336784834064229e-01,6.778204478198325278e-01,9.485795802824968925e-01,8.328220646005025651e-01,7.964794520255937815e-01,5.586379392953112477e-01,8.818728026696512901e-01,8.900985002258972045e-01,7.203734047770576909e-01,9.807510392466712856e-01,4.571719014012572413e-01,9.251274890774355830e-01,5.333453559337985039e-01,7.026052454027026384e-01,9.487008165515911084e-01,6.543599602472635057e-01,1.683900865762552879e-01,8.526650571883107599e-01,5.371077183600639904e-01,8.315776048595890924e-01,9.093065284182503261e-01,7.967640724830861165e-01,7.514292759763274709e-01,9.695321086910830832e-01,5.494453981907188034e-01,8.479389386868385614e-01,9.623345072047551074e-01,6.679004615317774007e-01,5.940197584870330338e-01,7.739179127347302067e-01,7.944665086386337727e-01,7.737389863684900337e-01,9.342337706469425740e-01,2.403181556050035944e-02,3.686033616614357022e-01,3.248808333516492453e-01,7.647150199320051911e-01,2.863483363060401743e-01,6.737193537211116912e-01,4.700452364150519147e-01,8.769982739506456682e-01
8.760597636803526544e-01,4.787227433016688072e-01,9.158853496191102783e-01,9.631137323997255306e-01,0.000000000000000000e+00,8.995909222183112730e-01,2.512312334132311697e-01,5.248556083308185682e-01,5.772478647419047038e-01,8.821758332361140376e-01,8.890348720340824906e-01,6.885775833529387269e-01,9.988422749663506961e-01,7.653565997646205599e-01,3.253466816613356238e-01,4.763486143883799429e-01,7.238798067345968423e-01,9.957929392358114695e-01,7.225520456171926620e-01,9.001320699314027118e-01,9.005088962645861894e-01,8.606991539980274331e-01,8.826042699259543101e-01,8.960515202139420765e-01,6.785147134440895345e-01,9.601227009411925639e-01,5.558082668934365422e-01,6.266930076118119031e-01,9.055086127791238670e-01,2.124477672163202768e-01,2.078058279804330943e-01,2.499423021859003557e-01,6.860151410632624458e-01,6.365816887679580649e-01,9.843192368386007030e-02,5.825497000649878521e-01,2.449755663239832140e-02,6.759848410512194761e-01,8.020005486077342871e-01,6.653911193816167691e-01,4.363835073480426541e-01,9.467989996636045902e-01,9.380817949997020122e-01,8.486215820304970903e-01,8.533530666514141938e-01,9.331631287857798940e-01,7.792573190193237131e-01,4.292052572622763185e-01,6.184478049484978257e-01,8.591164884646471656e-01,9.305640225048645853e-01,9.486578576508960525e-01,7.567832342351713537e-01,6.696981042053227196e-01,9.772343834620625946e-01,8.849021035931077250e-01,6.588231865185488756e-01,8.584100717302214356e-01,8.089443365453093948e-01,6.485782365649037651e-01,4.858931855756795093e-01,4.285638210369093759e-01,5.613515039360105208e-01,9.004247847932952409e-01,8.103030724866253642e-01,9.463335420577807522e-01,8.180759097903971266e-01,8.889072171194376537e-01,7.688642904892520891e-01,6.999037460726087456e-01,7.941840125786139293e-01,9.690128416416732282e-01,2.141306678267926311e-01,4.944672181159729396e-01,6.050600507786765281e-01,9.871883827377231357e-01,7.698068514907276949e-01,5.346846268218476972e-01,7.308549672053111790e-01,6.746005032885552533e-01,8.067676343140921524e-01,8.811451052556222852e-01,9.935438591562468780e-01,4.989170117357309975e-01,8.757830334375966697e-01
9.772819148426146185e-01,7.400694252600018563e-01,8.109790597290132963e-01,9.275620096676844284e-01,8.995909222183112730e-01,0.000000000000000000e+00,7.969404006595997014e-01,5.073952947676928504e-01,2.389278515820727200e-01,5.224339953308230200e-01,6.326533030244863021e-01,2.150130256228784675e-01,7.368314274972246336e-01,6.852615252689330250e-01,6.030082076582515827e-01,8.664917945366628071e-01,5.596906980969733603e-01,7.134197704811243712e-01,5.738366057502303219e-01,8.621669738827204554e-01,2.055166497895930533e-01,6.836576234752510528e-01,4.662428432254096533e-01,9.159856734939704204e-01,7.283046905780466984e-01,8.294362960700941700e-01,5.243166562811188980e-01,5.790138962410794621e-01,9.418978314928119211e-01,4.040925889016527134e-02,6.597784364440402172e-01,4.235781173416711676e-01,4.655122751842621365e-01,7.847599287351465502e-01,8.953070799582316663e-01,7.619156603363741453e-01,9.969699765125264457e-02,2.439353834285952760e-01,8.812188580255312376e-01,8.906749720945484894e-01,4.234008105212819228e-02,9.202543816001186316e-01,8.752205674482994580e-01,3.493895097932943061e-01,9.913574822243341744e-01,8.868038809755658392e-01,7.064918333076558588e-01,8.996136612662549714e-01,4.605046837196452580e-01,5.740330934462026802e-01,6.169545831553742143e-01,7.022629594461131664e-01,5.646148225186989889e-01,4.956252934357956996e-01,4.532801488299378345e-01,9.004215994658015809e-01,4.251019858898724690e-01,4.935304109051605326e-01,8.260149186245042685e-01,5.114332688801053184e-01,4.648532837699713705e-01,6.312273558505373527e-01,4.381052362996913918e-01,2.588269592510626937e-01,9.817123039534036977e-01,6.101680144129473238e-01,7.162007635011837792e-01,9.961795818046392803e-01,4.623746132884535287e-01,4.070040319762102121e-01,8.753707551138557585e-01,7.999978560250231574e-01,3.272189462654723213e-01,7.962550097719860442e-01,3.194678085362934183e-01,5.512422154930045615e-01,5.785188786322095211e-01,8.711183362617773707e-01,7.344987130744859982e-01,4.616126633003167501e-01,4.531217972559968277e-01,6.450617314059020613e-01,7.982733331431445256e-01,5.873922672400161415e-01,8.404205152424087943e-01
6.767976301204275957e-01,7.197531066487716789e-01,9.885240855174289853e-01,4.049797121352999296e-01,2.512312334132311697e-01,7.969404006595997014e-01,0.000000000000000000e+00,4.653507618989582428e-01,7.279640730977189333e-01,8.196136451259680156e-01,8.472603257384314634e-01,2.453762250405040757e-01,2.524771980472999625e-02,5.399693352147136860e-01,5.489612060874631272e-01,6.323606392399329090e-01,4.494519266936667923e-01,6.973410273852048702e-01,1.900278736461787077e-02,8.137099510281400327e-01,7.277230682026145647e-01,6.060133157524810743e-01,7.053164848908740625e-01,7.287936011158525629e-01,8.523155932800093870e-01,5.113574571500841826e-01,3.799029053991311855e-01,7.936132903638418723e-01,8.682367722895809603e-01,7.143426425522416690e-01,1.511665132265391509e-01,6.771034263374824391e-01,5.673407249214874604e-01,5.089148899726669839e-01,6.460583144999328953e-01,4.191516849157777558e-01,2.142819225204062317e-02,9.901206469825477585e-01,3.450776038471800033e-01,7.336172294361543722e-01,6.828323325544103373e-01,-6.835110298133942330e-02,6.318336006242385450e-01,7.317293428917908127e-01,6.170659837355788602e-01,7.250091871970695268e-01,9.963383098960923445e-02,5.735850289493614751e-01,9.904467705959516532e-01,1.834159422673402040e-01,-1.841849344480983586e-01,8.791632863279238430e-01,6.039346954274509294e-01,4.591078846999711582e-01,8.428905406157730651e-01,7.857569301408299234e-01,5.025963997968951880e-01,4.010299272333912590e-01,6.436568570622215324e-01,4.270197639023083636e-02,-1.114754412021146668e-01,4.592042491198534138e-01,9.607861721766295382e-01,6.095109810817498364e-01,8.225638395964299798e-01,7.922333129210008540e-01,5.909457276663118153e-01,7.514172257683062739e-01,7.684303558613015950e-01,6.066370618394125724e-01,2.052914302084005854e-02,5.471051033210587722e-01,4.690379544034545267e-01,3.415521845651011135e-01,5.611918736884495829e-01,5.952766513235945300e-01,4.779016002650570138e-01,6.952100599562913708e-01,3.613633646987437498e-01,3.196312173556137837e-01,2.789990652006187899e-01,8.125350344167839856e-01,6.611088523507937520e-01,4.967350114840989317e-01,4.039867883660775982e-01
9.464233362780851699e-01,7.869682502089838660e-01,7.653900042979120411e-01,5.884046299296249449e-01,5.248556083308185682e-01,5.073952947676928504e-01,4.653507618989582428e-01,0.000000000000000000e+00,7.169916990687056346e-01,9.869084169319624067e-01,4.766212753693306881e-01,8.893335314693452398e-01,8.664775442395624694e-01,6.894798827248340700e-01,3.536337349419282905e-01,6.174124017772874007e-01,9.816707887226454599e-01,5.145310493716498401e-01,5.009739639650124809e-01,6.441310028525289999e-01,8.084493632304802224e-01,4.291762713858148226e-01,5.257160861954381925e-01,4.529101307371597440e-01,7.998987194435370762e-01,6.986353085702042831e-01,9.702844638553951295e-01,6.238867305839898014e-01,4.111637073995741964e-01,4.966246318304726182e-01,2.979411669904066806e-01,6.462340021246604227e-01,4.244408220877923243e-01,7.644607658391504579e-01,3.456006417136341796e-02,5.088617095475692631e-01,2.067028150146937304e-01,6.025852162135794110e-01,7.582025963566633164e-01,3.313440265725190459e-01,5.297428249735508521e-01,4.851477625721318243e-01,8.548431676383979605e-01,6.283480297718937457e-01,6.485003311730541675e-01,4.744374513903886204e-01,1.829794725626698957e-03,6.797117006760629021e-01,4.658016646318788867e-01,5.965103516293994712e-01,4.481830123239115005e-01,7.595029031900024652e-01,9.455376129287010878e-01,6.466609325676686559e-01,5.557331182892466526e-01,5.990693715763929506e-01,9.103526647880242351e-01,7.714310959864805195e-01,8.254962024386188757e-01,3.510675319187036569e-01,7.018386681367991820e-01,7.042938423714799612e-01,4.457445812658397122e-01,6.232722783878017481e-01,8.660840386519008671e-01,3.702744411133904873e-02,3.909986110097324330e-01,9.958693652494936543e-01,6.677764181083720718e-01,7.284732862517797614e-01,2.799114629069814342e-01,7.057583549736279327e-02,7.892619579397919249e-01,8.603090765073990731e-01,6.257092919013240717e-01,8.376978191228479087e-01,7.804973430238770771e-01,7.572520807194936809e-01,7.773302666437930109e-01,1.759185550445192536e-01,8.721872547818493304e-01,8.918577912937537544e-01,8.864776312188344942e-01,3.174585779681768916e-01,7.294831709265174879e-01
7.132801066521844424e-01,6.325511069010479881e-01,7.594445743277531413e-01,9.376503118717584018e-01,5.772478647419047038e-01,2.389278515820727200e-01,7.279640730977189333e-01,7.169916990687056346e-01,0.000000000000000000e+00,6.496536645644624963e-01,9.859299450598686398e-01,9.701011308975138192e-01,8.804181106611731478e-01,8.004657275907492986e-01,5.775099987137648494e-01,6.339571246931438031e-01,8.780301214416688094e-01,3.978656740767744227e-01,7.000225420847470126e-01,8.616014896416368529e-01,8.446495802747673309e-01,4.561575264500506433e-01,8.299649823372443613e-01,5.974871065160627381e-01,4.913279438149683043e-01,4.361758979502161626e-01,2.866392022750907098e-01,7.838525491450494265e-01,7.498104654820176851e-01,1.107550408399073094e-01,3.137269550257660855e-01,5.044176462443774600e-01,4.530967524526169909e-01,4.331433285399156063e-01,5.278631428038883522e-01,4.930744238404015101e-01,1.670545046562371683e-01,7.196989778606888155e-01,9.327959935224614529e-01,5.849500862431883386e-01,6.010104093994855790e-01,8.239985593365198868e-01,9.202581427533912395e-01,7.730584007600619367e-01,3.320604550104365726e-01,9.255690787914938600e-01,7.510196540957446709e-01,5.832708771816573767e-01,3.939314070844648352e-01,5.784505532585012544e-01,6.511921267988203255e-01,1.720819499624781646e-02,7.206662812263383566e-01,8.107768664462056130e-01,8.275116621305326214e-01,7.831273482902308958e-01,8.667878573191292180e-01,4.308570648940793779e-01,9.127224463343797112e-01,6.731786482124130222e-01,5.276629230149990635e-01,6.077274252499678120e-01,8.877461782897886344e-01,4.993406723239909306e-01,4.200859946201261352e-01,2.077408410184464205e-01,6.937214029080760458e-01,5.675414647283456571e-01,7.315285063220653416e-01,7.118086588108576418e-01,6.597931212097383202e-01,4.402774614413328957e-01,6.484699828662841004e-01,2.714917289685210844e-01,4.274996403073603735e-01,7.120805859152604667e-01,8.170241378899840701e-01,7.091588502793023663e-01,5.189717015687030921e-01,2.150534489846563924e-01,7.364322893519561486e-01,3.908841205449742895e-01,9.763881878749893772e-01,3.114635903945387474e-01,4.223323504484619018e-01
9.757517016285752742e-01,5.474674470081039024e-01,9.508751029670575727e-01,4.904602717826092029e-01,8.821758332361140376e-01,5.224339953308230200e-01,8.196136451259680156e-01,9.869084169319624067e-01,6.496536645644624963e-01,0.000000000000000000e+00,7.251970900296725864e-01,6.468790664770349697e-01,8.381876237705631061e-01,6.077148234890302758e-01,3.241737972571555049e-01,2.046866691882094080e-01,3.483164684874259232e-01,6.047040700845132122e-01,9.312469842717288060e-01,3.511049330127081758e-01,9.141113542231437128e-01,7.643965977280355872e-01,6.255897861433180607e-01,7.060437176924090341e-01,6.643886139528329959e-01,7.894865588286794633e-01,8.281424420617777837e-01,7.782285659778204190e-01,5.224645042306944043e-02,5.904730442737100571e-01,3.163001879195058708e-01,6.498471679056675443e-01,9.191111058656871169e-01,9.459016414271134154e-01,8.332683812306106441e-01,6.764366579416738468e-01,4.592370515896940231e-01,7.350950605608363997e-01,7.625416114868486250e-01,6.994139878724714432e-01,3.729711770388901559e-01,9.177209924043271405e-01,9.989711389746415149e-01,7.183840204658513695e-01,4.710437988872064885e-01,9.964008074460842801e-01,9.747379129546889232e-01,9.188665622992946425e-01,5.015215014126541693e-01,5.487796484119364937e-01,9.027182365721477808e-01,2.259528461259431298e-01,6.585862652622798130e-01,5.939384374343820161e-01,7.205023292912582367e-01,9.689170319992468361e-01,6.416931600813879921e-01,6.514522124960697713e-01,4.141617703561272790e-01,5.951117645439853998e-01,4.662760046344933684e-01,7.970216265091775165e-01,9.673094971062498049e-01,9.665664484003952950e-01,4.410089018181497789e-01,7.123343248873026390e-01,6.135637254942233332e-01,8.675652907863062868e-01,2.605952944419095418e-01,9.310772326358585094e-01,4.402480133063325085e-01,7.984553954654717289e-01,4.934034727315386171e-01,6.548378307533695430e-01,5.607943437416066379e-01,4.562329132449355340e-01,5.324182959737835397e-01,6.347000235820607905e-01,5.109120745246303885e-01,3.526159456283190496e-01,5.234466320383730498e-01,6.758834635645513123e-01,2.772351126098774321e-01,6.038031125545799682e-01,5.403044791293212246e-01
6.429876025876637424e-01,5.416732434597262280e-01,9.290639754024032637e-01,8.864371143736733405e-01,8.890348720340824906e-01,6.326533030244863021e-01,8.472603257384314634e-01,4.766212753693306881e-01,9.859299450598686398e-01,7.251970900296725864e-01,0.000000000000000000e+00,8.515968966513741689e-01,8.072871048942997785e-01,4.464204547901910458e-01,6.925438150398702253e-02,7.142913973621850543e-01,9.056360422470585148e-01,4.830325944385657766e-01,6.382950748819690157e-01,9.045476625661462711e-01,7.676487615683394994e-01,9.649317907336325550e-01,9.594133185891139393e-01,8.005682056054904683e-01,3.338835806772503245e-01,6.791305721532857609e-01,7.170711179879889485e-01,7.940486272183221450e-01,5.835895982574017538e-01,4.559305873948522603e-01,3.321474732117246087e-01,2.502945397943855399e-01,6.205347713624297379e-01,6.198229274009118273e-01,8.372734963086657656e-01,4.745688414030131419e-01,7.189382533228377836e-01,4.194479552360509955e-01,4.913967594490696866e-01,8.760905409640663555e-01,7.478768443458974624e-02,8.948281787181561198e-01,6.793162022526429977e-01,7.381442661283326157e-01,5.826967771683071451e-01,9.837511887369896346e-01,6.013865988819331321e-01,5.485861919714281054e-01,7.319732828587072193e-01,7.626791601008785504e-01,2.836019071530199720e-01,7.353618889572869355e-01,6.461809408387320097e-01,6.357261098348994111e-01,1.211799465809757781e-01,6.633316087749736578e-01,9.778879330093888100e-01,2.937848059233557629e-01,6.914470640925024503e-01,2.857886761790360830e-01,5.780034113552041664e-01,5.145632179939285678e-01,5.722438875664248581e-01,5.074314957737268150e-01,8.845295422576192612e-01,8.909518919844929830e-01,6.983068644408391146e-01,8.252638716325213508e-01,5.411420187142215177e-01,5.089471604418468464e-01,8.415884748449609098e-01,3.323062382945574655e-01,3.944644533818077448e-01,7.722968004566184153e-01,4.325892904693560137e-01,4.144258045140696289e-01,7.166101489755635212e-01,3.036941209228253835e-01,2.179666750014200016e-01,5.729304259168648272e-01,6.259734868538444630e-01,9.204387392100042975e-01,7.689955238191253928e-01,6.312963113902709811e-01,7.943298401320098012e-01
9.325512724929719832e-01,5.335682155836176666e-01,8.396848754417649552e-01,5.933117711856064069e-01,6.885775833529387269e-01,2.150130256228784675e-01,2.453762250405040757e-01,8.893335314693452398e-01,9.701011308975138192e-01,6.468790664770349697e-01,8.515968966513741689e-01,0.000000000000000000e+00,9.704600584471384517e-01,7.927591336676766964e-01,8.052056515701297990e-01,1.450354326264928495e-01,8.638017803926119065e-01,9.289072388216992326e-01,8.651630420759621742e-01,7.370055543431487388e-01,7.562398582909253264e-01,3.225909185641590016e-01,9.970055689968329027e-01,8.488159658769421911e-01,9.946448412286272855e-01,7.102192217719225376e-01,6.899538096518479380e-01,7.184208620085124064e-01,-1.673447445497738273e-01,6.863509201784498970e-01,1.793445753138083743e-01,8.025580870787810683e-01,6.023012728433548846e-01,8.743525217861017884e-01,7.244553327643918905e-01,6.348947205384891657e-01,3.277498023381849035e-01,2.454787087452280636e-01,8.036560081061109306e-01,7.033678663811904208e-01,6.972232223677304885e-01,6.571589262132099263e-01,7.048162654931489080e-01,6.665212050175963743e-01,8.976434697598572043e-01,7.970711926251841106e-01,2.103811452933646575e-01,9.159092708568623564e-01,5.325385871695256235e-01,7.220128351064538652e-01,7.198174047116039365e-01,5.881672516583563715e-01,8.514168805834244624e-01,7.159757589593461757e-01,3.255236716069735969e-01,6.547557258122460588e-01,7.415188092178665036e-01,4.353311826496961690e-01,7.727980491606181168e-01,7.737067772453360970e-01,5.346836471934353074e-01,7.272544783229413223e-01,4.328137138809100004e-01,6.993074937109751144e-01,8.165633352222112507e-01,6.415706659139771562e-01,6.534210638804442972e-01,9.572191105579737069e-01,5.973273900649622714e-01,9.232583969720893347e-01,6.951055901101885759e-01,8.660552467313851199e-01,2.035408500430699874e-01,-1.997861169931650083e-01,6.094359412738244997e-01,7.153647706198019707e-01,7.855448328326858354e-01,5.435628466975698236e-01,5.146546804115171847e-01,3.409502333935304774e-01,7.415386656327673798e-01,7.661544210872734961e-01,6.387147004330055999e-01,7.443645392457928223e-01,6.179707078023305433e-01
7.379426327094036342e-01,9.182859525078359564e-01,8.343477573903842481e-01,6.655006052936357497e-01,9.988422749663506961e-01,7.368314274972246336e-01,2.524771980472999625e-02,8.664775442395624694e-01,8.804181106611731478e-01,8.381876237705631061e-01,8.072871048942997785e-01,9.704600584471384517e-01,0.000000000000000000e+00,4.186315506036812351e-01,6.196892134155698173e-01,4.672787740043978233e-01,8.383143357012020624e-01,7.528611372207130170e-01,6.043817019530234314e-01,7.144033580770369207e-01,5.146984629571526026e-01,7.443282368714372321e-01,6.320151947043544105e-01,8.551320792260805881e-01,5.464675849948710251e-01,9.957981330286483912e-01,8.378737322300640056e-01,6.347126197235196665e-01,8.293417283430886133e-01,6.028788694210479582e-01,1.857433572529357813e-01,7.434662311774672405e-01,8.830481261609257615e-01,7.078373311015754288e-01,8.327726237170217649e-01,3.639295433303354477e-01,6.735839208556355651e-01,8.199431752378073535e-01,9.007038482542473190e-01,4.552388045113089921e-01,6.197862669994483875e-01,9.889491115458610704e-01,5.044297135398773113e-01,4.071248870122332053e-01,5.054947915564389493e-01,8.698269455807979833e-01,6.323946119237893182e-01,8.664550158550116121e-01,8.595632753072447452e-01,5.716594701098657305e-01,9.606867073637688215e-01,8.901660132735723652e-01,4.762260198230767738e-01,4.492429668906096629e-01,5.856218339051522115e-01,7.666731444184357036e-01,8.465123868110744354e-01,8.635749935582571757e-01,8.427173244976893240e-01,7.706866936409808577e-01,5.516955843737370024e-01,8.880406887341265598e-01,8.072201628751018987e-01,9.065718906783026831e-01,8.429996473661000023e-01,6.392953490307171638e-01,8.820159077027454053e-01,8.851869881635718862e-01,7.134376388288060644e-01,8.910323896630908402e-01,7.300958832105066687e-01,8.291391128936996813e-01,9.544008650564228535e-01,5.074714614519237887e-01,6.477098042309208381e-01,6.076750039902794054e-01,5.684029678907115413e-01,9.734992686328155509e-01,2.055563300245038527e-01,2.564445140260755429e-01,7.758798730130403998e-01,4.891378374722590294e-01,9.428945804527867347e-01,1.746333743211203882e-01,6.291470092513508083e-01
8.832973642548002102e-01,1.769668497639732552e-01,9.703312707117874858e-01,9.787786887748651798e-01,7.653565997646205599e-01,6.852615252689330250e-01,5.399693352147136860e-01,6.894798827248340700e-01,8.004657275907492986e-01,6.077148234890302758e-01,4.464204547901910458e-01,7.927591336676766964e-01,4.186315506036812351e-01,0.000000000000000000e+00,9.719535834485180104e-01,7.498556195350228881e-01,8.022300200048294583e-01,4.304815845446857692e-01,8.643284271817218700e-01,7.482838194037966240e-01,8.968216848054776369e-01,4.136264935274380217e-01,4.321411239042585173e-01,7.118759214732823803e-01,3.946124172181850187e-01,6.991892309249458926e-01,9.102234509234006232e-01,6.075983140135642335e-01,3.141225057973713597e-02,5.190248760440938636e-01,2.430880438147320355e-03,6.595777052426983200e-01,-2.148581095209669556e-01,9.762783553900140632e-01,9.150547517475166037e-01,4.409630019980999571e-01,7.504401779809526385e-01,8.847703906722677036e-01,6.368369000156601789e-01,5.179227611073820015e-01,3.586268633137592587e-01,7.968114733593547605e-01,8.458359924988179124e-01,4.056825934325928862e-01,9.997790074606159871e-01,7.995830757151091150e-01,7.742771393618466114e-01,6.586891993429098147e-01,8.302462070769934810e-01,5.533961924523184139e-01,5.533138874697467458e-01,5.923873093506687448e-01,6.583076203460707099e-01,6.262545996713897445e-01,6.060780368379991012e-01,6.627369331049861589e-01,7.211489775799329038e-01,6.312791241178319357e-01,8.144393708474662041e-01,4.772576735816724813e-02,5.555428539672598864e-01,6.545760329074152839e-01,5.513436199443047525e-02,8.535193913536442967e-01,9.998542404210986057e-01,8.606222394736071646e-01,7.248258069254326363e-01,8.539620123326782108e-01,6.839716414956942270e-01,4.662469744661262849e-01,7.222695143780035743e-01,6.736608909858989858e-01,4.184315944439590540e-01,5.833571846167352470e-01,2.617160699983911987e-01,6.759892446450586068e-01,4.569916745065021879e-01,5.127050820408509679e-01,-3.805162306246656634e-02,2.865353788279051406e-01,8.074901731009980210e-01,8.222509540011995188e-01,9.151139055866193139e-01,6.650854673851016585e-01,4.467405282102723807e-01
9.318463219302371980e-01,6.354773285649067960e-01,4.991014519059436272e-01,4.804306442281761624e-01,3.253466816613356238e-01,6.030082076582515827e-01,5.489612060874631272e-01,3.536337349419282905e-01,5.775099987137648494e-01,3.241737972571555049e-01,6.925438150398702253e-02,8.052056515701297990e-01,6.196892134155698173e-01,9.719535834485180104e-01,0.000000000000000000e+00,2.687095479344364657e-01,5.094332942988046842e-01,8.426542783331989472e-01,7.662638052774691788e-01,4.596180644878881671e-01,9.895741034575011863e-01,7.357846776965305535e-01,6.117305420161112117e-01,3.169894779033426424e-01,5.148446093616551034e-01,7.565448033006290096e-01,6.256006221355435715e-01,6.803987349427587095e-01,2.411791265372421333e-01,7.642679578107113292e-01,4.711910718016562027e-01,4.924484334353870785e-01,5.072892708820572194e-01,8.951913829900777220e-01,2.524044315421976603e-01,2.083300821481710308e-01,5.133146533838618408e-01,8.216298605454575021e-01,7.955800745267227470e-01,8.351007429237805590e-01,1.194153632555393640e-01,2.304272999481203621e-01,4.317563755879647025e-01,6.392287131396416910e-01,7.369798149046222768e-01,9.915207574110338484e-01,7.995238673653490835e-01,8.218610112169237869e-01,6.977881793143108080e-01,4.490148253140780477e-01,6.531165060603377759e-01,7.259730091769066584e-01,8.777815038514998891e-01,6.000120473972595514e-01,4.411175850207482707e-02,7.656160536365933522e-01,6.078641914566933480e-01,6.010977576385424515e-01,3.534516995934924161e-02,-2.862734138179093279e-02,6.599724721065020061e-01,7.725651383825236085e-01,6.525260863811254142e-01,8.742042800133643654e-01,9.813319201337148412e-01,6.233020480054898282e-01,6.958898448033236095e-01,9.285942038663270726e-01,5.032372274634504539e-01,6.572395729370457129e-01,9.381232810511825893e-01,5.534905430558663131e-01,3.100315347451316761e-01,5.723472899188680046e-02,3.348082408161010548e-01,4.667438245241573025e-01,8.233892566806305657e-01,7.954153366106111456e-01,4.945325085029024237e-01,3.670510713322214791e-01,6.524099765807171991e-01,8.174019445804252548e-01,9.394979010266568675e-01,4.659448717476156188e-01,8.046546100981727401e-01
9.807551404344965196e-01,8.344461106008019824e-01,5.957145641493255539e-01,8.369061902988244039e-01,4.763486143883799429e-01,8.664917945366628071e-01,6.323606392399329090e-01,6.174124017772874007e-01,6.339571246931438031e-01,2.046866691882094080e-01,7.142913973621850543e-01,1.450354326264928495e-01,4.672787740043978233e-01,7.498556195350228881e-01,2.687095479344364657e-01,0.000000000000000000e+00,8.255214765278141575e-01,7.034619539243757158e-01,9.636502585576278701e-01,7.115441829347282088e-01,8.987517109177510788e-01,7.291443823693271042e-01,9.861324792198593592e-01,7.839206405420977575e-01,5.389122694151334825e-01,1.392183019285842815e-01,6.531952402648855127e-01,6.818499905934778393e-01,4.975737642983135700e-01,5.750433452979495375e-01,7.734870421395488860e-01,4.094186850993836724e-01,6.636713958472932884e-01,5.274538707429876627e-01,3.716230310897590816e-01,6.582304949082166123e-01,2.465597649174273154e-01,9.085247132519436164e-01,3.425107419639017436e-01,7.157786538007469002e-01,7.894705218304011174e-01,3.389832732735807985e-01,8.167391506217450692e-01,7.071391733100610422e-01,9.637435335673026904e-01,9.755038054626508082e-01,8.971009237418432480e-01,3.703901253925144799e-01,7.949780601792741930e-01,7.550921603116811376e-01,4.860133330664027085e-01,9.774478692097269272e-01,7.167743831585414727e-01,8.037374834823731717e-01,7.274043653131034848e-01,9.138340622259703006e-01,9.808483695129033286e-01,9.155763008803700087e-01,4.904414952768363367e-01,5.897311590222361621e-01,4.909702107092253076e-01,4.475166759447771203e-01,8.854196734905427357e-01,6.653404049364186612e-01,6.932723552343691420e-01,4.576367813445693655e-01,9.881048375138088424e-01,9.838659227693392628e-01,9.802250148818320019e-01,7.495982410341976987e-01,9.382178674119050488e-01,1.633933623523045608e-01,9.487116343057793166e-01,5.843552577545461091e-01,7.410888515330993354e-01,7.876171652627443898e-01,4.409918039450126948e-01,7.026827143522668129e-01,3.057244617228518924e-01,7.678161639183171960e-01,6.784865596837801327e-01,2.607944981165116194e-01,7.206944009649877136e-01,6.909742157487125391e-01,3.784126381632373359e-01
4.444165063071309207e-01,5.220784785650234294e-01,8.532099475744495676e-01,9.978098805309849606e-01,7.238798067345968423e-01,5.596906980969733603e-01,4.494519266936667923e-01,9.816707887226454599e-01,8.780301214416688094e-01,3.483164684874259232e-01,9.056360422470585148e-01,8.638017803926119065e-01,8.383143357012020624e-01,8.022300200048294583e-01,5.094332942988046842e-01,8.255214765278141575e-01,0.000000000000000000e+00,8.906697525628224366e-01,9.475306150273828942e-01,7.671403628447414080e-01,7.636100684612481260e-01,8.170876926434131882e-01,8.288630447427806081e-01,6.132716489886124167e-01,6.033619811153587698e-01,6.692417782859614306e-01,6.062001773990973730e-01,9.835999125001121390e-01,2.442304552369445880e-01,3.173317650635006926e-01,5.653023710002357261e-01,8.559557199559970631e-01,9.022276342392999693e-01,8.850814508643515266e-01,7.318008197913465906e-01,5.654398565829147350e-01,2.223260894865135007e-01,4.743728525745029012e-01,9.610285223149940270e-01,8.999818804049033449e-01,6.663471179432195468e-01,6.940475014111482377e-01,8.708209694392331501e-01,7.345860384085109995e-01,8.000309899848956352e-01,2.477054601111267629e-01,7.362149977183655158e-01,8.216378151183469924e-01,8.713600147799751561e-01,4.822271448671449634e-01,6.165225234359453799e-01,5.499727499369722050e-01,8.327197324740597262e-01,4.121831899869359273e-01,8.642439532628515275e-01,9.863368008027524336e-01,9.820258187086889912e-01,9.955395086839389229e-01,8.392162815210663096e-01,2.242412308361995954e-01,5.160595857009280252e-01,6.452903330833139606e-01,9.806032528249875035e-01,9.060060445826946252e-01,5.067511542109952583e-01,9.782048372268961067e-01,9.989116281714182088e-01,8.396946919238446050e-01,7.935571196369342051e-01,6.842118398683375569e-01,8.706159437398115486e-01,8.720622348287796477e-01,7.674128220431201131e-01,5.885305664382427526e-01,6.245966943137885030e-01,6.429286947097347937e-01,8.540547572842392965e-01,9.946309684076118929e-01,5.559319827240299244e-02,3.882487701446617478e-01,8.408852368908070751e-01,7.321877833549574888e-01,8.787632484302118074e-01,7.293077852301926844e-01,6.041667419241277814e-01
8.613166954204042325e-01,1.316889431905309826e-01,9.451707802848101636e-01,6.715453350136399990e-01,9.957929392358114695e-01,7.134197704811243712e-01,6.973410273852048702e-01,5.145310493716498401e-01,3.978656740767744227e-01,6.047040700845132122e-01,4.830325944385657766e-01,9.289072388216992326e-01,7.528611372207130170e-01,4.304815845446857692e-01,8.426542783331989472e-01,7.034619539243757158e-01,8.906697525628224366e-01,0.000000000000000000e+00,9.549775399141723353e-01,7.882869742018107084e-01,6.293686778375715551e-01,7.250100630608442565e-01,6.683602316634608131e-01,9.059756479795307849e-01,7.964375039161322167e-01,2.677361255992839473e-01,8.024815255444321949e-01,8.306576885541109290e-01,6.342210665304609529e-01,1.419538975372517942e-01,4.166299230329165160e-01,6.445001347020953286e-01,6.098117609303250752e-01,8.184880858950899229e-01,6.142236968468018921e-01,5.755907306536981460e-01,2.554527392724734725e-01,7.966581147957756404e-01,8.189332219485735420e-01,7.315711984793050737e-01,7.243350752488306732e-01,8.092419224243149189e-01,9.781165851070603434e-01,9.048274876536418487e-01,7.821301586635480696e-01,8.824541128877537721e-01,4.415116798127489139e-01,5.494602766012655071e-01,6.365573622769596929e-01,9.243470831399022147e-01,8.215653070029127480e-01,7.414942419647089222e-01,-1.097516377320330860e-01,7.313690663009762005e-01,7.955670018695478740e-01,4.322297720395737453e-01,5.486817226374537393e-01,6.264761149224505887e-01,8.589028290542459754e-01,6.463256392186533805e-01,4.197254460735427295e-01,4.200780044390812762e-01,2.812270950669654712e-01,8.991994014130401114e-01,9.834093691144918381e-01,7.557021725161128245e-01,8.111504321610827350e-01,8.771869807864354218e-01,2.168783930237983826e-01,4.452339153635390678e-01,7.481979476606031021e-01,6.844641940724777163e-01,6.631663640640087509e-01,7.940560837072700995e-01,2.166997216968449547e-01,8.100528910670217186e-01,6.404176420267397862e-01,5.429407406512321010e-01,4.562871579194073268e-01,1.736285257901316326e-01,6.422430501219104082e-01,3.602657082706502423e-01,7.778562334109491161e-01,4.335702416743901222e-01,3.215346390812018340e-01
