0.000000000000000000e+00,7.001566061663528906e-01,7.278989225011620601e-01,8.858684446086620978e-01,9.832001379367723004e-01,7.711419434717083909e-01,8.250733909156811041e-01,8.418948961997272384e-01,6.351764706585837361e-01,9.636199302773625908e-01,8.132412931225294628e-01,6.941972789991557313e-01,7.148414839731687120e-01,9.976251254587451545e-01,7.295961558064401054e-01,6.583289837250769772e-01,8.543185531115615738e-01,7.930194968192395555e-01,8.391526212401154705e-01,2.242826857568047672e-03,7.450389281172347111e-01,5.136770793812103220e-01,8.211835526191485490e-01,7.231060635822323945e-01,9.568691322793601017e-01,8.165796999934044065e-01,9.490452581931896336e-01,7.762482274889648259e-01,3.412789002550719042e-01,5.000525472448361652e-01,1.845978642948590542e-01,6.570532187712430083e-02,8.737115911641991639e-01,9.592802780652661676e-01,8.496004683932356638e-01,6.114339772804542328e-01,5.588366261332137208e-01,6.134083871987043857e-01,9.241917064674673998e-01,9.660011826657795009e-01,9.681936141544555952e-01,9.499892926793400694e-01,9.232970053630393803e-01,8.398395172531307740e-01,9.357007298565380715e-01,9.065047403305708240e-01,8.734774093049355592e-01,6.160207982737297971e-01,6.801836784312689232e-01,7.712237118622281562e-01,9.525205704531991557e-01,8.108433692913447066e-01,8.311339300150909493e-01,9.617547120909992753e-01,8.490938819343184507e-01,7.766484193430830407e-01,4.180590116323064098e-01,8.182593734005558783e-01,9.445576949053787752e-01,6.214629148837343964e-01,3.011034056882307963e-01,9.757439307665974892e-01,8.439554968937078572e-01,5.486168806868659820e-01,8.917995431492012903e-01,1.409251090185295874e-01,8.337021379177685931e-01,7.474945924092339933e-01,9.239303613174961738e-01,7.161644685483578021e-01,6.006218988165460404e-01,8.760092255519869031e-01,7.312392831872879251e-01,4.386658003362718383e-01,6.099837456274174174e-01,8.728864054522315064e-01,5.533751036583229865e-01,4.082959493803706152e-01,-1.554471547362258899e-01,5.024428562129108489e-01,7.961195667456635316e-01,9.849296181880731194e-01,6.562816761478418304e-01,3.956739624294852709e-01,7.211098389574448486e-01
7.001566061663528906e-01,0.000000000000000000e+00,5.685484844978497820e-01,8.859947851797340679e-01,8.494306382539194011e-01,7.689708628778012534e-01,2.753271220010221620e-01,5.890525385846812068e-01,9.364644352862209198e-01,5.997740938617410755e-01,6.971484827856677668e-01,4.335259394894064866e-01,6.174022346677419115e-01,6.472866354599594585e-01,9.063554019370968495e-01,5.965528530047854439e-01,8.281740676717740390e-01,1.070906856584259992e-01,6.696448331080717686e-01,8.639228529680433866e-01,7.137825804790396411e-01,1.456720576378940646e-01,4.515320821984559752e-01,2.560698580616686537e-01,4.026852991480812660e-01,3.411351896374541504e-01,6.686531093104859380e-01,8.153823930531215458e-01,6.079371689664548883e-01,3.702542583864931736e-01,4.924883773584872726e-01,3.235395620278745943e-01,8.834617536167844731e-01,6.461392932467926453e-01,6.480570041415349980e-01,2.719448838320994710e-01,4.814524534520450150e-01,6.844642916011585143e-01,8.894798323094855741e-01,9.892550195360443333e-01,6.397175821883720193e-02,9.903889621749295546e-01,5.136024448489474592e-01,7.001766736082477571e-01,7.094311825386406811e-01,8.497905548693023281e-01,5.312180740929920431e-01,5.250387184814520047e-01,6.146819033572517021e-01,7.191443974985460841e-01,8.734340709955773496e-01,8.471697704908973670e-01,7.535389142698173393e-01,8.427293860528343172e-01,7.845931467229391165e-01,8.797771166248170571e-01,6.558952062207881184e-01,8.197228811180518049e-01,5.432537433547088845e-01,4.934308337562019475e-01,6.923294648358808701e-01,5.816607334843425514e-01,8.376271532654872010e-01,8.534281719265097710e-01,7.695861485194683826e-01,7.912638231970573477e-01,6.458206205999621474e-01,7.981170462699873625e-01,5.079466957821202611e-01,7.400756341388796677e-01,9.492205139152508631e-01,8.532340906845125028e-01,7.722880551824511386e-01,7.362713884696078237e-01,7.771885870430792487e-01,5.301981434982511177e-01,7.546568094414249916e-01,5.314568742605300100e-01,4.664961431466203012e-01,2.081174116640953919e-01,4.891154361892701696e-01,9.811249526798403453e-01,6.660160576429171586e-01,2.801483783610042577e-01,7.309072268248117954e-01
7.278989225011620601e-01,5.685484844978497820e-01,0.000000000000000000e+00,9.370819917781700870e-01,5.168317679802172382e-01,9.190422011121684998e-01,9.287059939306121503e-01,8.248217577740110107e-01,9.960899030992679259e-01,8.693358789650741381e-01,8.534546802003502020e-01,4.945606565313001024e-01,5.094245239293198474e-02,9.414043434859356019e-01,9.954137412410327679e-01,9.364599727545481755e-01,4.070982166826375148e-01,6.889261867109438553e-01,3.235040729699953932e-01,6.700392113289086460e-01,5.921412654560109790e-01,7.244934182163317304e-01,7.627800614057608231e-01,9.098466746521008952e-01,9.392663007977346545e-01,5.731256239979570094e-02,6.618021642683634687e-01,9.283072667352215701e-01,7.993095105729522976e-01,7.402492833650217152e-01,3.078184323554642443e-01,9.860842456263636535e-01,7.647137574606162058e-01,9.458343556756818593e-01,6.918880945022568563e-01,7.636789530820959904e-01,3.635717109971425831e-01,5.337574860762041018e-01,4.178246002908627132e-01,9.024271077130676666e-01,6.815928840330893745e-01,9.168340490172603996e-01,8.800712023644944315e-01,2.152777262115155299e-01,9.229934007974046617e-01,7.329835323288658167e-01,7.413788884300170912e-01,9.994006202618337387e-01,5.535381477046683596e-01,4.091079163480629277e-01,7.790316747841958822e-01,4.664047399156016072e-01,4.997781324231659883e-01,8.587969572189400047e-01,7.186997538539494634e-01,7.227782791051731159e-01,9.397422218881339440e-01,5.049283041636212221e-01,8.131670523533881534e-01,3.358324122405205725e-01,6.869013499708981341e-01,8.202490305995576714e-01,5.840089350496273646e-01,8.596633176459775871e-01,8.111535647501938451e-01,7.507930319865654401e-01,6.045812976866606903e-01,8.722622830262470872e-01,5.098561592533946696e-01,8.759747416433876221e-01,8.320506768445468104e-01,8.248072007967891528e-01,2.541538395669403760e-01,7.416626144044808910e-01,5.445517702059876793e-03,8.811147791631320780e-01,8.196613770222365147e-01,3.070332806657743996e-01,4.579419750023078772e-01,5.343753540893430021e-01,6.921115603815801709e-01,8.427119814375145790e-01,4.694425426368024623e-01,8.742965363967379888e-01,9.231388811300659247e-01
8.858684446086620978e-01,8.859947851797340679e-01,9.370819917781700870e-01,0.000000000000000000e+00,6.634844928619395565e-01,8.097206576250305377e-01,5.389807524741723199e-01,4.860260095260289792e-01,6.965356505114810304e-01,9.637588069640323774e-01,6.707025512498984154e-01,8.987607745166755757e-01,6.752235926739045269e-01,9.593011966249173073e-01,4.266444752899034576e-01,8.765229543868451323e-01,8.981457676619606367e-01,6.428925369453646343e-01,9.807292058964612869e-01,7.815566201026091786e-01,7.809886537738566226e-01,8.473601349628939738e-01,8.659804649639630814e-01,8.635070200452522604e-01,7.117807902114051677e-01,5.743598544948530504e-01,4.857329399113007873e-01,9.746075077425648825e-01,8.260757767637791904e-01,6.955437355449355374e-01,5.381802260042150010e-01,7.443375298302797871e-01,6.473689978459767902e-01,5.892897664704919158e-01,7.822887108926546151e-01,2.496332845031430936e-01,4.566404759893952225e-01,8.271934773397234819e-01,7.113877180870493699e-01,8.497145101366774256e-01,3.009066357782476664e-01,7.140811762587677691e-01,8.691008283198096152e-01,7.615376559489772657e-01,9.323714496948586339e-01,9.308631752999951825e-01,8.363810460413835246e-01,7.297848674328925034e-01,6.406778168470267376e-01,9.175908698158052879e-01,4.605608512641528596e-01,8.892043660451759424e-01,9.925881461370191783e-01,9.226660451890378312e-01,9.264392888198877962e-01,8.627756809534152804e-01,9.998262906608499367e-01,6.208053352320259677e-01,9.463586086676346598e-01,1.677226619092009874e-01,2.818007827289756989e-02,7.445586483154729152e-01,8.494193407149367436e-01,9.666188305840152095e-01,8.740237474166048237e-01,8.755582044093764837e-01,6.535747257735939897e-01,7.138331204051984180e-01,8.297895511402910707e-01,5.226900347589269469e-01,9.126263545078610040e-01,6.644872812841395859e-01,7.187448131563998199e-01,1.051028735128795299e-01,7.932125590466528875e-01,6.639557552911419247e-01,7.251337933086703380e-01,5.998057449817524311e-01,3.288686973323555751e-01,8.045289825220809654e-02,4.119161852592668205e-01,8.068933511904275990e-01,8.787366930741886684e-01,6.560035843605793726e-02,9.354600867759289562e-01
9.832001379367723004e-01,8.494306382539194011e-01,5.168317679802172382e-01,6.634844928619395565e-01,0.000000000000000000e+00,8.354902764376056501e-01,3.050642668554615633e-01,6.224481701120606614e-01,7.060436872772515304e-01,7.899148352422726838e-01,8.487107499345457606e-01,6.592766646211568604e-01,5.267298307230474652e-01,7.264244463083712189e-01,7.976976731931517683e-01,4.908835685670871474e-01,5.440246477014579751e-01,7.153292647689791783e-01,8.390070166379022254e-01,7.202448145545591318e-01,7.599918801972890270e-01,8.644679618670958465e-01,7.911375241943843228e-01,8.625130447271280865e-01,5.432798799670519596e-01,6.442379852875580459e-01,6.521785022145285549e-01,6.755572855513530817e-01,7.472667423451240243e-01,6.445488762745910788e-03,1.034016328567886611e-01,8.872970248359206558e-01,5.300410041265546379e-02,7.169645894665409580e-01,4.374403660050640852e-01,6.746904114893416127e-01,1.124669216357596091e-01,4.585009267079393491e-01,5.314195380944244373e-01,8.576343240235525522e-01,3.013637972903106532e-01,7.342169894334867886e-01,7.137648485742662530e-01,9.119989123313063661e-01,2.150210692523180644e-01,4.530831092217499356e-01,8.662775540787619466e-01,6.080645381454283793e-01,5.782479005898799596e-01,8.199925931385629863e-01,4.722539637631967269e-01,9.924624471848604301e-01,3.166234432252827413e-01,4.143019206151332123e-01,8.442628930477953375e-01,9.268548827096249054e-01,7.274929694856003826e-01,9.197114601932306899e-01,9.898637513105357222e-01,5.589679233773344746e-01,6.245201182228268255e-01,6.786637449547741063e-01,4.766071004437512082e-01,9.902109572216452049e-01,8.491296526546576739e-01,7.169082232686851963e-01,5.532815756665763196e-01,7.059849611983884943e-01,4.442053119437395226e-01,7.107868573344244822e-01,8.990200545350041095e-01,9.113682726205862838e-01,3.511688809849879411e-01,7.212686458275258117e-01,6.578522839536198319e-01,4.930078187678912371e-01,7.656144084001084149e-01,7.843675557153247935e-01,3.289670732468696901e-01,3.522205275153993398e-01,5.730129829739403213e-01,8.810354738333195934e-01,7.001744767156328209e-01,4.647836495617254648e-01,7.753537267071722860e-01
7.711419434717083909e-01,7.689708628778012534e-01,9.190422011121684998e-01,8.097206576250305377e-01,8.354902764376056501e-01,0.000000000000000000e+00,2.788983695009101815e-01,5.316772481562189734e-01,9.289455540812077139e-01,7.384372019986228386e-01,2.552057675779706436e-01,7.041859391777549604e-01,8.453517665655269075e-01,9.741072732131483836e-01,4.945467805340246215e-01,5.993963852129722270e-01,9.461708194246523096e-01,3.276777925290016436e-01,7.956672346830246934e-01,7.302733502363238927e-01,7.243788634543860683e-01,9.475984873720693091e-01,9.137433549425244550e-01,6.380119743673062782e-01,4.628455695588886143e-01,6.822742399316824580e-01,6.136357255949369538e-01,4.861140012514681974e-01,6.920451351582512789e-01,2.838111500791478115e-01,3.675868612803605551e-01,4.373679877780987102e-01,4.324625725569078982e-01,7.402102689894050069e-01,6.581541763051139693e-01,2.552805476870682044e-01,3.470428345368659073e-01,8.579530975068179188e-01,9.945221313348595604e-01,9.495255494699852417e-01,3.736234268369919009e-01,6.357128570820508306e-01,6.300404240455357296e-01,7.599756012579667042e-01,9.031734666751138896e-01,9.473078309384098672e-01,6.052652685261423748e-01,7.960143204859717603e-01,7.844950644995092315e-01,6.699068480129836134e-01,6.529344470726022864e-01,7.283390277847826555e-01,8.400855108299164486e-01,9.427062040262293996e-01,6.253145175743690665e-01,7.795009723682437830e-01,6.954038558714639162e-01,8.804787125832898020e-01,6.089910643828647663e-01,5.458325386463720452e-01,5.843138589080383305e-01,2.116568588512676430e-01,8.459814091225889010e-01,8.796588197613171012e-01,3.579138831507913121e-01,3.905781178331603209e-01,6.752406964272388290e-01,9.267566475533279835e-01,8.787437395251734840e-01,8.684751875145234612e-01,9.797152960428776591e-01,7.899551833567679537e-01,6.430981471122183546e-01,2.166033347083758664e-01,5.783489331472944084e-01,8.070338327036920001e-01,9.359542880665331355e-01,4.009599959225114141e-01,6.574706245520340886e-01,-1.246610664519609696e-01,4.019612432015151615e-01,8.297221383817393603e-01,5.350967788897117439e-01,5.454062918967159806e-02,7.825574919846860489e-01
8.250733909156811041e-01,2.753271220010221620e-01,9.287059939306121503e-01,5.389807524741723199e-01,3.050642668554615633e-01,2.788983695009101815e-01,0.000000000000000000e+00,2.105086459882967720e-01,4.004375971387090227e-01,7.456104641548476630e-01,5.970975318381177566e-01,6.680486795276205925e-01,2.694791800932577752e-01,7.539328573556425273e-01,2.669246632530121177e-01,7.948206003127875618e-01,6.969036999180581171e-01,3.912512082829127658e-01,2.728168650712898824e-01,4.166417825318203816e-01,8.226730319937047842e-01,5.345608349311812280e-01,7.428852327295488722e-01,2.867943989597850352e-01,3.382494944545416660e-01,2.873498369114543816e-01,2.645480849250331223e-01,6.565686432774493486e-01,6.056512661390749397e-01,6.048075762801167210e-01,5.443146712150768174e-01,6.814347182041518014e-01,2.698605422249878982e-01,4.878731887871318729e-01,4.914937842002389257e-01,3.628723698752227556e-01,6.420395759536061675e-01,7.542899766732089617e-01,6.937341117006080582e-01,5.202910342635560514e-01,2.803142540520933701e-01,7.271838326080451997e-01,8.774884189103293597e-01,3.383406886787847928e-02,3.319475932084668957e-01,6.132413372314448052e-01,7.189473140190643097e-01,4.101787789185599720e-01,9.417282294882052263e-01,4.335760505605249504e-01,6.383308802464061626e-01,7.118738245417407517e-01,5.609323228104932113e-01,9.931926188940968236e-01,6.777412664623758687e-01,6.029587722682069328e-01,7.477936283682132812e-01,5.110247263357882153e-01,8.954402197999087321e-01,7.359050296806544100e-01,1.073313928846846982e-01,6.896612654523156527e-01,7.278484258550663721e-01,9.240789793360524307e-01,8.578557239489417174e-01,6.859905086188886614e-01,6.749365751791420731e-01,8.102652521315434342e-01,1.072881218733592358e-02,6.894000582397463717e-01,7.071641441655535099e-01,7.313676608572188265e-01,5.547571632912713380e-01,4.493502810054751939e-01,8.195844638997751286e-01,5.385265057496153585e-01,7.795071444101171476e-01,3.648023476564726808e-01,3.906351919443011855e-01,2.351808282885526069e-01,8.479273625717220764e-01,7.311145491108823613e-01,5.491956001024035361e-01,7.138497812691092514e-01,7.299536388575225132e-01
8.418948961997272384e-01,5.890525385846812068e-01,8.248217577740110107e-01,4.860260095260289792e-01,6.224481701120606614e-01,5.316772481562189734e-01,2.105086459882967720e-01,0.000000000000000000e+00,7.229988100272437546e-01,1.720540220340369963e-01,6.209665228524076097e-01,4.357446105136864034e-01,9.343706773881377270e-01,6.986813243891671910e-01,7.574377404865298979e-01,6.053331379470661133e-01,8.570352579287385808e-01,8.518297590405333741e-01,4.552972347587009305e-01,6.925969943827074982e-01,8.438507609464493964e-01,4.712711420729686074e-01,6.138255059177892825e-01,4.784624712564949922e-01,6.995127760461708477e-02,6.345763011962773925e-01,4.012858659755660362e-01,7.395630941368398492e-01,5.706641430137806559e-01,6.595589073139744851e-01,2.480028817598093904e-01,7.898970571208047131e-01,3.971580020737287553e-01,5.090945296853769397e-01,2.167098686767950089e-01,5.138326737572317393e-01,6.006584646838674102e-01,2.040643143327774411e-01,2.484804824783242716e-01,9.415109516437751846e-01,5.750624017852350445e-01,5.116715349900224918e-01,9.032959429647827720e-01,3.319255899411907573e-01,9.824164720695535147e-01,3.868950959214672580e-01,4.139095175264922988e-01,4.198566412428200723e-01,2.031770453927994602e-01,7.931260198519671789e-01,7.989235737546407368e-01,4.209385532908181959e-01,2.177483053296326576e-01,7.940564763119483116e-01,7.287340055778817050e-01,7.381382618057323874e-01,8.911637938534477943e-01,8.505027407014469354e-01,9.304605452118583919e-01,4.949401424842560515e-01,5.661344970955475286e-01,8.397148583061491145e-01,5.040899691283533546e-01,4.433754818591374991e-01,7.325050184109384022e-01,9.794785494008649840e-01,5.824853091871411426e-01,8.445407060070885263e-01,4.666827878155667131e-01,9.883056765373432473e-01,4.347070942421011885e-01,7.098650391847920182e-02,3.235798760898408455e-01,9.283897129579967711e-01,3.232594897999224171e-01,8.321908514730347317e-01,6.685259087248902610e-01,9.182448093093299457e-01,4.635557973920358399e-01,4.937373108780067632e-01,5.146175386169568045e-01,7.163692490721882411e-01,7.741078616925625155e-01,6.514122680847924673e-01,4.439981807957333326e-01
6.351764706585837361e-01,9.364644352862209198e-01,9.960899030992679259e-01,6.965356505114810304e-01,7.060436872772515304e-01,9.289455540812077139e-01,4.004375971387090227e-01,7.229988100272437546e-01,0.000000000000000000e+00,-1.693268588887539838e-01,7.387895885910336080e-01,7.228342362629956996e-01,7.713932591698804409e-01,2.052578840773751911e-01,7.089184971620183795e-01,6.311198580297074923e-01,5.365179846789358553e-01,7.837734791917669863e-01,6.742368540737111449e-01,9.493007780209719026e-01,9.152964185542061815e-01,5.495410375021222427e-01,9.480795439483702403e-01,7.620663497087276639e-01,2.101575873014605578e-01,6.899205351221797677e-01,9.199094474838702684e-01,6.671768289510223715e-01,-2.790968756833647757e-02,4.504732521263868916e-01,5.752415316819574631e-01,6.228544727988459817e-01,7.482119525796874226e-01,4.347929174886833170e-01,8.918510115989627396e-01,2.375875983354465149e-01,5.940199555506031626e-01,3.884757548607817856e-01,4.880849558562792567e-01,8.729294992616298821e-01,4.011469178393882729e-01,6.453641937789458272e-01,9.648166716093363737e-01,4.674733380436567054e-01,8.876826429989307377e-01,6.520026880157875349e-01,-1.911071204845637417e-01,3.682587294955834700e-01,9.642455035463550761e-01,9.326913148313153989e-01,7.346815305921050587e-01,7.582802253000556769e-01,8.362456117670564737e-01,6.515592516967305681e-01,4.140619246220993421e-01,6.912984351986547482e-01,4.140235655012405314e-01,6.702616817535960170e-01,9.392570594571125753e-01,-3.552344041318351020e-01,4.940535499370761752e-01,5.951806909950101421e-01,8.085916391551998261e-01,9.076296281492431950e-01,7.942734113497254000e-01,5.905103986223576573e-01,2.387645791224428937e-01,6.021025442321756849e-01,5.156088973665803321e-01,3.024422911835031869e-01,6.651099704235732268e-01,5.982669705627183809e-01,6.790632750687023433e-01,2.616644472492791196e-01,1.818137840827239726e-01,7.550599568209060974e-01,6.845482659513945078e-01,9.471049280079993915e-01,4.905039798776149040e-01,1.811443895926108105e-01,2.311915279911790078e-01,6.186750911313424472e-01,7.697590754482007691e-01,1.791324311539077563e-01,5.435530353158302130e-01
9.636199302773625908e-01,5.997740938617410755e-01,8.693358789650741381e-01,9.637588069640323774e-01,7.899148352422726838e-01,7.384372019986228386e-01,7.456104641548476630e-01,1.720540220340369963e-01,-1.693268588887539838e-01,0.000000000000000000e+00,9.175671618317547962e-01,5.427310629991309865e-01,7.944517992445258026e-01,5.865675235524367981e-01,6.774878845713067088e-01,7.041255499598991774e-01,4.119976511123010221e-01,4.831085889284265633e-01,9.535802711538576837e-01,5.094447543349399643e-01,9.679494854955859040e-01,7.949883914988655764e-01,7.281770810415610917e-01,7.903846873913538129e-01,6.343737205563233506e-01,6.802287514144431668e-01,4.394071431096328029e-01,9.709776752170102831e-01,6.270489595838999453e-01,6.480471636400394475e-01,1.092683881287893899e-01,6.742304331818433916e-01,9.411160650729499810e-01,9.363934400541105152e-01,9.481373780304215293e-01,2.523739503561567288e-01,4.454019890737621612e-01,4.134027201347522662e-01,9.746417461482977940e-01,3.006007517196176426e-01,5.034785602000471094e-01,6.914336387215367363e-01,6.563543587775854116e-01,8.969093535562973063e-01,9.392464540196882039e-01,8.184915330184230342e-01,9.919624370160287086e-01,6.253026686121785360e-01,2.657227255373663111e-01,9.136263788335634572e-01,6.323284060796653394e-01,5.825313775414669992e-01,7.789439766054913061e-01,9.960755134686676282e-01,8.963372770713685656e-01,4.986764239569504431e-01,5.697377665452211248e-01,4.585300511580863159e-01,9.906448973577968165e-01,2.737489683773386417e-01,5.376176267082460880e-01,9.510196963752660659e-01,6.417618069231931788e-01,8.289362896303374972e-01,9.158664873707119680e-01,5.837763013719602379e-01,5.452179226994298133e-01,4.101665614195450504e-01,9.676153999906085268e-01,9.883670397153774267e-01,6.905554787559694541e-01,6.953451236444463390e-01,5.190621678048367160e-01,7.486210395005853113e-02,3.913570593738396886e-01,6.357724484927240738e-01,5.930299126856628522e-01,7.444336114488846468e-01,1.238010200150414519e-01,5.812497533393239380e-01,7.397664040673679331e-02,9.870969513515249760e-01,5.999483650666261880e-01,8.618439946090907799e-01,7.689608531060937446e-01
8.132412931225294628e-01,6.971484827856677668e-01,8.534546802003502020e-01,6.707025512498984154e-01,8.487107499345457606e-01,2.552057675779706436e-01,5.970975318381177566e-01,6.209665228524076097e-01,7.387895885910336080e-01,9.175671618317547962e-01,0.000000000000000000e+00,5.681017868291230455e-01,7.964324908411108961e-01,6.588074124355940420e-01,5.736509522228452340e-01,6.547195726942044436e-01,4.955808606154823992e-01,4.957201933921939752e-01,7.451088009487475405e-01,7.325766725233726628e-01,8.460958717060782508e-01,7.463010020341522832e-01,7.864055436581213199e-01,7.774915594398298380e-01,7.395941942041296402e-01,5.028178371879815645e-01,6.919729225040156528e-01,2.922240897658087144e-01,-2.077740362653276995e-02,6.935803680024044127e-01,3.563324506985416917e-01,4.428478216655241662e-01,5.473765232346966547e-01,7.134911222894718685e-01,8.463325235497543009e-01,5.868431364438637665e-01,5.312413572864509437e-01,8.394881219506513670e-01,9.469542031371754875e-01,7.662379446927518600e-01,3.897389278226612852e-01,5.412519141869212014e-01,6.810680164525260150e-01,9.552335939405431908e-01,8.753610486092771037e-01,6.762143779812470612e-01,8.740966528267879454e-01,6.502874206661332090e-01,1.394427367646880744e-01,7.694311070343801129e-01,4.345012760124526974e-01,9.625271628882109409e-01,3.911017740583188074e-01,4.773959447648385424e-01,6.453448681229702055e-01,7.408467113395927894e-01,2.507059160301538525e-01,8.285018828988900408e-01,9.013358396048437582e-01,5.228706887729207553e-01,4.818888328978117030e-01,4.498146183781173701e-01,8.010452262617715480e-01,8.700181534218833779e-01,8.018497363417729229e-01,2.877770806391296565e-01,7.032456814326126793e-02,6.097078782516311968e-01,8.403627505671567022e-01,7.687320994837957278e-01,8.574679381863239414e-01,4.086157502317374068e-01,4.037411583578874863e-01,5.739738906677361863e-01,5.740735257367044486e-01,5.950390767938680270e-01,9.814277758814047292e-01,6.471596114444839731e-01,2.758038856268473227e-01,5.978094904386539454e-01,4.430344443398933074e-01,8.883688797972076889e-01,5.839803770988102327e-01,7.251661622965702714e-01,6.571224876436019269e-01
6.941972789991557313e-01,4.335259394894064866e-01,4.945606565313001024e-01,8.987607745166755757e-01,6.592766646211568604e-01,7.041859391777549604e-01,6.680486795276205925e-01,4.357446105136864034e-01,7.228342362629956996e-01,5.427310629991309865e-01,5.681017868291230455e-01,0.000000000000000000e+00,8.675585802946244041e-01,9.061030753606953425e-01,6.672811210917098945e-01,4.954297221815459062e-01,7.040521224483272666e-01,6.822726520539688089e-01,8.740313635590664099e-01,8.961114703085342192e-01,9.982859957059474487e-01,6.556456913469598247e-01,8.220297209645968106e-01,6.821888911367357533e-01,6.383335866690912352e-01,7.706093673718605874e-01,7.494410168913983039e-01,6.865897377536198665e-01,9.586001666700975088e-01,1.914516665304022425e-02,5.975734877344736073e-01,4.640242375448514478e-01,7.016936170607178669e-01,8.401638085794250754e-01,2.062303049081659623e-01,4.262100599397574130e-01,4.777143930726837073e-01,5.645095838205806960e-01,8.725006259711511891e-01,6.762475092487257866e-01,5.664149672585379047e-01,9.769087483775320546e-01,4.352863616931955115e-01,3.524504933564631681e-01,9.888903580486809730e-01,5.112951558354050796e-01,6.844622733371116263e-01,6.127914485146942480e-01,9.137738471005408813e-01,5.169145377907459205e-01,7.996074722961352688e-01,6.237331688358576098e-01,8.559759812701662751e-01,1.052605081070792092e-01,8.172265709755914820e-01,8.459472184776428705e-01,-1.546944406962778573e-01,8.930326538152174587e-01,6.525205129260791548e-01,5.799537369705591860e-01,2.483823919640164024e-01,4.944006224962927964e-01,7.069218032700552712e-01,8.187651958058446144e-01,8.408737943875104204e-01,9.502829880836362042e-01,5.059715097815088436e-01,7.535078082069950334e-01,4.494126857347398030e-01,9.821332220199938678e-01,7.872911388717195313e-01,7.140741634102619750e-01,4.054483251360614382e-01,6.355508018693502015e-01,5.767043777224905021e-01,7.970734380565801525e-01,9.020230478085846659e-01,4.908322726868023511e-01,3.876508797961955022e-01,2.554794258673560581e-01,8.612817650521854551e-01,4.533128031141017145e-01,7.171846004159465604e-01,4.361718011496138470e-01,2.179328978237072278e-01
7.148414839731687120e-01,6.174022346677419115e-01,5.094245239293198474e-02,6.752235926739045269e-01,5.267298307230474652e-01,8.453517665655269075e-01,2.694791800932577752e-01,9.343706773881377270e-01,7.713932591698804409e-01,7.944517992445258026e-01,7.964324908411108961e-01,8.675585802946244041e-01,0.000000000000000000e+00,4.868652803674136109e-01,9.365742178903032622e-01,3.386397472238298900e-01,6.488310598988499267e-01,7.333399864035100579e-01,4.618310770281435773e-01,2.750591657644954058e-01,9.083656132292113883e-01,3.458615122851131929e-01,6.034193345029766897e-01,6.150414655221198013e-01,8.050941183547362379e-02,7.746958180441743114e-01,7.572722682230835778e-01,7.286175647606488726e-01,1.624591356574225376e-01,4.384571001149687453e-01,3.857292164799380196e-01,7.661333065487213601e-01,6.825893220650648407e-01,6.078880253773253362e-01,6.995132739911034125e-01,4.216567135269794764e-01,2.247053959441685025e-02,8.619996014613116042e-01,6.820712814500444754e-01,5.457080771030571320e-01,6.290200522334761235e-01,5.954558418764253069e-01,8.691587819958864758e-01,9.059669526718767685e-01,5.001924759186540115e-01,8.878584257185435646e-01,8.731738597567634264e-01,5.437380960744726544e-01,5.998754555169755198e-01,9.964016115427346554e-01,8.926835084908342210e-01,2.473364359841338511e-01,9.914577575688756639e-01,7.477843993671347000e-01,5.916368085214782635e-01,4.465895417666359002e-01,7.190001735241455805e-01,8.946199245664216981e-01,7.776560795559962491e-01,7.026422609536490116e-01,4.368677233498787782e-01,4.366677225718125777e-01,8.589293364467466274e-01,6.051889713732776510e-01,5.701830524821852597e-01,8.824920333484276291e-01,8.378214653605672302e-01,9.822549566177588565e-01,2.602223448627904445e-01,4.852720823547163054e-01,9.700553196277007517e-01,7.388565810196296990e-01,3.675123808978716378e-01,3.111459845449556227e-01,9.404230967709860112e-01,8.720261943532838789e-01,4.494470609343448886e-01,9.595070959039225800e-01,9.968208085801234519e-01,5.786733476634247086e-01,2.039478607761712747e-01,9.678119274090429824e-01,6.403928345052846138e-01,7.013097704352804218e-01,6.552432349385115540e-01
9.976251254587451545e-01,6.472866354599594585e-01,9.414043434859356019e-01,9.593011966249173073e-01,7.264244463083712189e-01,9.741072732131483836e-01,7.539328573556425273e-01,6.986813243891671910e-01,2.052578840773751911e-01,5.865675235524367981e-01,6.588074124355940420e-01,9.061030753606953425e-01,4.868652803674136109e-01,0.000000000000000000e+00,5.284974914406488367e-01,7.864671775375187135e-01,6.784854767110153340e-01,8.812578077476568295e-01,8.963782343144904852e-01,9.232930522510376381e-01,7.636810808275531492e-01,6.403288248264031868e-01,6.594215400870198085e-01,5.750233806242867063e-01,3.551651231065879322e-01,9.795995884846135926e-01,6.404213926670715429e-01,5.291412516519551357e-01,3.609565220144814734e-01,4.585648664071828584e-01,5.455138161548265252e-01,2.515494238704858720e-02,4.669833022944845369e-01,7.149832998027781938e-01,6.850594510287683070e-01,4.845744497870683176e-01,8.248761279331046081e-02,9.760369621450902811e-01,4.653892093168513489e-01,9.322155949953265797e-01,3.987239302438012611e-01,4.047952459290351523e-01,7.571712114304410823e-01,5.806969199688749583e-01,9.702124474893083494e-01,6.170321463278841678e-01,6.244343525805422512e-01,8.176888397275539067e-01,9.909851373853685308e-01,8.788022855944430667e-01,4.109116966205408339e-01,7.269989079539879162e-01,6.486390291765402605e-01,9.005627479959917858e-01,9.197943870197822225e-01,5.409369827424058697e-01,8.686211349591719255e-01,5.069788628618964177e-01,9.258455224983584975e-01,6.973153990685451165e-01,5.949925567529241732e-01,7.962213718520549932e-01,6.774634654566242808e-01,6.532548399886546342e-01,8.879114570172391696e-01,8.485087929752241909e-01,8.166851437912248102e-01,9.328753623370329429e-01,3.150082012559327072e-01,7.955559581047704221e-01,9.161416412870933001e-01,7.238333017188002261e-01,2.200541153617312506e-01,2.272076007696941791e-01,8.885125187642848310e-01,6.310292943354055550e-01,3.222556538203636411e-01,7.674344960956955841e-01,9.185336125440196620e-02,5.184002514332195499e-01,6.417980615684364398e-01,6.027034403839773846e-01,4.009805278804751127e-01,3.590419417615904329e-01,8.601874518572383277e-01
7.295961558064401054e-01,9.063554019370968495e-01,9.954137412410327679e-01,4.266444752899034576e-01,7.976976731931517683e-01,4.945467805340246215e-01,2.669246632530121177e-01,7.574377404865298979e-01,7.089184971620183795e-01,6.774878845713067088e-01,5.736509522228452340e-01,6.672811210917098945e-01,9.365742178903032622e-01,5.284974914406488367e-01,0.000000000000000000e+00,6.384116275669406981e-01,6.716692962135732969e-01,2.769773759690423720e-01,5.327370805568610868e-01,9.740380584299738187e-01,6.276187161040495122e-01,5.438748305884222312e-01,6.421531067335918275e-01,3.727208358234153085e-01,3.387997252162706641e-01,4.909009493360516618e-01,8.352225909195954978e-01,5.734397462046589844e-01,6.624536644085337045e-01,1.328906097680249698e-01,7.869890731957162044e-01,7.581316934693521636e-01,4.748129327089840590e-01,5.035472170690578064e-01,7.615644466028521631e-01,6.575256885368923054e-01,4.125800182543358230e-01,3.595629699266906787e-01,7.285604046061496808e-01,6.725781118233009614e-01,4.808947874256654931e-01,8.302950406895448499e-01,5.004636040491950988e-01,6.594706723640975099e-01,4.081458995907759069e-01,7.913603636140454922e-01,4.026557957919039143e-01,8.167723422919443976e-01,9.550545998092156985e-01,7.345906148300611616e-01,4.136887855970416972e-01,2.952815726018191422e-01,7.674082635360375271e-01,8.934855769936356218e-01,6.924928326703888581e-01,8.478370430712723893e-01,6.222639137872355564e-01,4.958384217369577462e-01,8.254445952835832712e-01,7.894895703850159929e-01,5.055299380780546858e-01,5.600631096038609646e-01,7.801842385373833899e-01,9.395647321998747969e-01,9.859577380348978348e-01,6.015976651574570511e-01,3.285039648563888304e-01,9.840998853534339563e-01,7.349070959443706474e-01,3.010729481626229775e-01,6.804669906999639695e-01,2.905057307760634533e-01,4.653917481554861180e-01,6.590727768832386202e-01,3.623124996732465242e-01,7.162044144573352922e-01,7.719608346751484218e-01,5.899216209717950132e-01,4.364054245357888995e-01,1.990006986577815273e-01,2.921560811676238711e-01,4.313993567771758353e-01,8.240599790646444545e-01,6.656782373545129250e-01,8.677197626196613278e-01
6.583289837250769772e-01,5.965528530047854439e-01,9.364599727545481755e-01,8.765229543868451323e-01,4.908835685670871474e-01,5.993963852129722270e-01,7.948206003127875618e-01,6.053331379470661133e-01,6.311198580297074923e-01,7.041255499598991774e-01,6.547195726942044436e-01,4.954297221815459062e-01,3.386397472238298900e-01,7.864671775375187135e-01,6.384116275669406981e-01,0.000000000000000000e+00,8.272357606025693144e-01,8.668657790284944875e-01,4.383425356106320780e-01,9.695793358485522706e-01,8.572537952133674199e-01,9.809614569747959756e-01,4.241074936412961849e-01,6.995346424762771687e-01,4.681741713972237262e-01,3.400315617419322756e-01,7.062323954821536631e-01,-3.046790739769708045e-01,4.494484361290320140e-01,5.260818253997330274e-01,4.124260569629863427e-01,4.966737642473321168e-01,8.126421406798709501e-01,7.682812794188368377e-01,5.740588029333681952e-01,1.543459341748146807e-01,4.926167708776069132e-01,5.594538590322615246e-01,8.578856381538284559e-01,8.197074386942863056e-01,3.318036339369591636e-01,5.520117574889851220e-01,6.002237859000246756e-01,8.664882368896744680e-01,8.363560340714408792e-01,8.472406637430729415e-01,6.764745757355241640e-01,7.611597791307720406e-01,7.457456336082562975e-01,6.481946802643549777e-02,7.754065481995091602e-01,8.196785073426006152e-01,6.226046261326237952e-01,5.568381508275895841e-01,6.217576503895787532e-01,7.782949738692601649e-01,6.397884308127685937e-01,6.056655196082187942e-01,8.588863448913195420e-01,2.192998063796595953e-01,3.205795711974306350e-01,7.411781385591886817e-01,8.459305246512339727e-01,6.504499807171429948e-01,7.147568264698872520e-01,7.447099672863110031e-01,8.307000816061411719e-01,9.703015093192914886e-01,6.649651107007878981e-01,9.574166339085715682e-01,3.966360530672436990e-01,6.678185725577644449e-01,4.755195195088879334e-01,1.301024342042950976e-01,4.991724573735081272e-01,8.694699286643903235e-01,8.746329180413405791e-01,7.322908890485072542e-01,2.983981429993133316e-01,-6.360492387386984525e-02,6.413665689521511615e-01,7.525620322131417739e-01,3.270182138120739657e-01,5.232167041788194917e-01,6.511412697036791375e-01
8.543185531115615738e-01,8.281740676717740390e-01,4.070982166826375148e-01,8.981457676619606367e-01,5.440246477014579751e-01,9.461708194246523096e-01,6.969036999180581171e-01,8.570352579287385808e-01,5.365179846789358553e-01,4.119976511123010221e-01,4.955808606154823992e-01,7.040521224483272666e-01,6.488310598988499267e-01,6.784854767110153340e-01,6.716692962135732969e-01,8.272357606025693144e-01,0.000000000000000000e+00,9.582946358678855470e-01,9.354312862988929389e-01,9.396461532794693206e-01,8.293043038010051715e-01,9.951068404003549084e-01,4.597616914404658583e-01,8.769655959864772754e-01,5.220084813557612780e-01,7.292578997006123886e-01,9.475852151196159090e-01,8.006724903991440101e-01,7.458960327853808581e-01,7.685992262821204069e-01,5.644230476010692055e-01,9.379300827837366850e-01,7.072482793052975447e-01,8.261617210198736183e-01,9.560648974362061514e-01,1.497243653945313224e-01,5.154543969887854793e-01,6.005513149779538873e-01,9.880914775313398568e-01,8.075802559814071468e-01,3.291392086288860153e-01,9.283110699061427606e-01,7.616340008856030686e-01,7.689607098518457251e-01,6.002055591635032661e-01,6.121756974489159786e-01,9.902442656175031166e-01,6.623651653549456064e-01,9.131373196369150236e-01,9.505218516913199744e-01,7.721366291900644274e-01,6.452764190706176128e-01,6.032200212080470747e-01,5.163642348930354009e-01,6.334676857898010605e-01,6.751941902022663422e-01,7.859887607882268812e-01,9.336118667433147555e-01,9.338389126799289119e-01,2.604572155015599244e-01,1.356822628640223793e-01,7.889319195975336152e-01,8.023760631455111314e-01,8.288592242687422562e-01,7.488900633508598359e-01,5.772065053539239265e-01,6.786506648731509550e-01,9.317437425748318347e-01,4.603794763933224399e-01,6.143409405594637551e-01,9.755548731457269751e-01,7.201260929056949589e-01,9.602325585102027272e-01,7.679259460339412646e-01,4.479993951593341794e-01,6.516197144751144643e-01,9.219731198492677748e-01,8.877533565602612198e-01,5.537938954495057464e-01,3.561819933119341197e-01,7.075714914923557641e-01,9.869667370336296930e-01,8.635824396298593664e-01,6.314801378776439822e-02,6.834537515364016436e-01
7.930194968192395555e-01,1.070906856584259992e-01,6.889261867109438553e-01,6.428925369453646343e-01,7.153292647689791783e-01,3.276777925290016436e-01,3.912512082829127658e-01,8.518297590405333741e-01,7.837734791917669863e-01,4.831085889284265633e-01,4.957201933921939752e-01,6.822726520539688089e-01,7.333399864035100579e-01,8.812578077476568295e-01,2.769773759690423720e-01,8.668657790284944875e-01,9.582946358678855470e-01,0.000000000000000000e+00,7.982772690140873539e-01,4.925900888691564505e-01,6.401226800984880505e-01,2.270531870990257217e-01,5.518754725658420179e-01,5.440040638493019998e-01,7.489965112615950549e-01,4.304074967594349599e-01,8.642712160881824701e-01,8.281695273001110635e-01,6.825531005780897109e-01,3.359554419660755187e-01,4.671146695982802965e-01,2.548490498455855402e-01,5.256387139946253617e-01,8.512106088407345172e-01,9.956577828410133613e-01,9.508694011463858509e-01,3.623063692527237617e-02,-1.769993017757372222e-01,9.361440573925734476e-01,4.976456345573500029e-01,1.926132847144471083e-01,6.865266614120187905e-01,8.616990905334798168e-01,6.874226641691818518e-01,8.315994858349584629e-01,8.597807657553024896e-01,8.788600188681806591e-01,8.792244305135173965e-01,8.169681032227724682e-01,7.880843541786219930e-01,8.836810596566542220e-01,5.899856508752983064e-01,7.310212590603752947e-01,7.856068442520105499e-01,9.172694852828411349e-01,8.732904473105691512e-01,7.703659031675302860e-01,8.234098468718936692e-01,9.279736202484784036e-01,4.765382280647577629e-01,5.750506237412439381e-01,5.424401273507709620e-01,7.731343400360968232e-01,6.403882173009042278e-01,4.584055025877952771e-01,6.459151058381068511e-01,9.739774730381242085e-01,6.726531703906369897e-01,3.461959643598641612e-01,4.703149591613823288e-01,9.396261994542551843e-01,1.821858621328128480e-01,9.806695328300113479e-01,8.363556724758749450e-01,4.031265494613331946e-01,7.600346790275420705e-01,8.870435582878420933e-01,6.732457023210738356e-01,4.037143695617779748e-01,5.246571890364641888e-01,2.874420958866681919e-01,9.180755122821450120e-01,6.941431123591216279e-01,9.259186878087189987e-01,5.875216212114982017e-01
