0.000000000000000000e+00,9.995460397929953889e-01,8.880891463733354696e-01,6.937502897758385245e-01,8.688830233301465533e-01,9.889685670833678888e-01,5.583204444790010879e-01,7.216699066895063686e-01,8.064265115398266959e-01,8.464250189476548725e-01,8.085568033494510143e-01,2.057078227417856453e-01,8.104976890644698395e-01,1.173766491166890608e-01,9.531778857309307629e-01,9.311594098779073514e-01,7.405482554139837248e-01,9.509672047549393437e-01,7.252259771423088530e-01,7.229886385514996405e-01,7.499658692634182389e-01,9.505994796418173465e-01,7.910986946851421564e-01,9.144745142030675789e-01,9.033890886929180075e-01,5.920002391135350539e-01,7.074352382157614305e-02,8.908722291822531725e-01,4.182534123213859645e-01,7.213290601043421679e-01,5.204128888989717483e-01,8.587364955479140916e-01,6.736580343358499201e-01,8.542520408685374544e-01,7.637191310545977663e-01,7.467229896471565542e-01,1.943116253596516019e-01,8.240903466518266773e-01,8.703264187263789475e-01,8.394164851184626741e-01,3.150031981241597778e-01,6.594422021390311528e-01,6.654823523056692114e-01,6.733323475039512118e-01,7.769643104890248120e-01,8.843285044057133115e-01,7.448849805713434469e-01,9.260529900344303122e-01,8.539994474378478362e-01,4.067563076848487169e-01,8.185422540161230165e-01,8.222601131201562330e-01,6.580798186012374318e-01,6.888505566569168570e-01,4.439724179537823390e-01,9.478665065607974061e-01,8.224827272798368449e-01,9.309909091749932752e-01,8.940671457736198979e-01,6.741239941693613069e-01,5.027599605016993545e-01,7.025871520632503975e-01,6.062658034687317121e-01,9.322483259054263893e-01,7.837325155528648279e-01,8.337146455988504457e-01,6.071334129918992684e-01,7.205385508566268804e-01,9.538382261116161720e-01,9.964429250973282359e-01,9.314464800932216182e-01,8.264081292066619566e-01,7.794525419296849389e-01,3.947880352504611334e-01,6.198708215110082520e-01,8.370364402971500750e-01,9.948710494618595579e-01,7.569439945129949887e-01,4.706087615847994732e-01,3.347442270332703917e-01,3.535730249997450780e-01,8.880415436052887523e-01,6.680716374601528562e-01,6.585208590943466556e-01,9.568212118337767746e-01
9.995460397929953889e-01,0.000000000000000000e+00,7.109583438186369841e-01,6.625707750773522919e-01,5.438595876397962492e-01,2.504577186045165993e-01,6.750727704576322541e-01,7.203751382491846433e-01,6.792215855789427437e-01,6.546251632808531840e-01,4.863946582906035765e-01,8.807350377160364507e-01,7.719956779166282645e-01,7.286573268377020129e-01,7.842130769124898704e-01,9.191684625511076234e-01,8.777447458849162443e-01,5.130338562437161132e-01,9.745691727716503383e-01,8.382048312197210027e-01,7.503466865663483976e-01,4.799097085016531539e-01,7.712109167814726884e-01,4.978290033512260404e-01,7.838732588536738710e-01,7.179758299645926378e-01,8.369297133368384101e-01,9.305157456644266301e-01,7.163993924658099699e-01,5.571625945712708194e-01,9.288399337705280367e-02,3.247353570333186279e-01,9.988390674848566242e-01,6.103492203140020722e-01,7.700953240543741973e-01,5.006862916879757375e-01,6.530392484951171028e-02,4.272870952245421128e-01,9.516402411383938498e-01,9.087951896302896015e-01,2.306648224548494552e-01,5.531409850643760340e-01,8.158348580951793050e-01,8.899404225667506552e-01,8.310031669953634736e-01,8.222788775569704889e-01,4.680544497099647927e-01,9.494207830296963468e-01,8.312020610962063127e-01,5.602197620879973972e-01,5.012619847462913558e-01,5.217836635795001232e-01,9.237716863373468534e-01,9.073154368769122957e-01,4.250785230814420057e-01,6.022206991185432567e-01,4.788931229704779802e-01,7.297161145152394335e-01,8.398917772280208860e-01,1.929041207986453010e-01,4.146736390715996534e-01,8.852473422878300857e-01,7.918608991164486355e-01,5.124553358410948167e-01,2.810520986196903825e-01,6.957047654921679758e-01,5.088113489194486805e-01,9.277001562786932887e-01,7.556459976702893933e-01,9.666466820004873117e-01,9.575810427967272886e-01,8.616679823647440672e-01,3.349616780367571933e-01,4.210280818256967872e-01,4.252943128387483007e-01,9.134000136751890819e-01,4.314585217171416076e-01,3.447993179751374093e-01,7.742017037030876070e-01,6.258374418852988841e-01,2.238898864663958210e-01,9.403409275086683783e-01,7.159646941770643203e-01,7.067758775544563665e-01,5.668132862924708526e-01
8.880891463733354696e-01,7.109583438186369841e-01,0.000000000000000000e+00,9.479916780698832701e-01,6.302786069423886861e-01,8.346194167285950760e-01,7.410478904471727857e-01,9.469662514908004924e-01,6.658353706190652810e-01,8.068208906740538255e-01,5.203385874861480298e-01,6.964750391993558276e-01,9.769991443000971554e-01,9.856773625633423741e-01,7.898812057238124851e-01,8.199565739100922457e-01,6.347781057418050432e-01,8.228532053381548694e-01,4.915768506398747184e-01,6.703356421269897059e-01,9.989668513359483137e-01,6.774095034148780448e-01,8.745141444874411363e-01,8.330810882246266758e-01,5.755192338381751593e-01,5.482487560568155560e-01,6.059504156305147715e-01,6.925307017083714989e-01,7.876703105598825347e-03,3.930246610505418459e-01,5.138587165015801039e-01,7.154049218497643414e-01,9.355873541396907411e-01,5.074651288448235320e-01,8.463197674740532417e-01,1.911855128643502599e-01,4.985307100288119964e-01,6.638729672729397624e-01,-1.294266075253683868e-01,9.198271295219573318e-01,5.949219672322713093e-01,9.830544971051350389e-01,8.229167787998339367e-01,9.106228162744997023e-01,6.304698142649510784e-01,6.599432527935397141e-01,7.781536508562854060e-01,8.719233486676752909e-01,5.005586728786868278e-01,8.259614907479156942e-01,8.831756195336329940e-01,6.450599324837651416e-01,6.418365097801037589e-01,7.248842329874808366e-01,7.271770152849114099e-01,2.727373696122860625e-01,6.866949738589739338e-01,3.695914291176016220e-01,9.381838182840258611e-01,5.767500994807344128e-01,8.769817818004843613e-02,9.513700572011880574e-01,8.790264288966926909e-01,9.626360542466122494e-01,9.686808474972327110e-01,9.544249723167266275e-01,9.184416653686147125e-01,4.048791536082968490e-01,1.105283419601744699e-01,9.336136603352356289e-01,9.436058715109397754e-01,9.839456148756389187e-01,2.437032142499588605e-01,5.813184175265284637e-01,5.982186018343951250e-01,7.098142475779640748e-01,6.074618754053786596e-01,3.138859915626091013e-01,5.176347852674227923e-01,5.603703729910314291e-01,5.626210410799704631e-01,8.111376634449410927e-01,3.544205622546359735e-01,9.620267975162776208e-01,6.592331482597629799e-01
6.937502897758385245e-01,6.625707750773522919e-01,9.479916780698832701e-01,0.000000000000000000e+00,9.682841192009592479e-01,5.044151295082153208e-01,4.653868419125844480e-01,7.637620544381795717e-01,8.317661166588837807e-01,9.039796372973264438e-01,8.059866986333130701e-01,7.394237316955980521e-01,8.335961713363223557e-01,4.971794229779339935e-01,7.392215918584668088e-01,6.217109774117062226e-01,8.190646520888854587e-01,9.142121272311570790e-01,7.598335694138099727e-01,9.225106574351329414e-01,9.140573903790075727e-01,8.763223122164101042e-01,8.276632615118321157e-01,8.949553629843303160e-01,6.869597629835381136e-01,9.560027746559693895e-01,8.804818185311809042e-01,9.616768439279499425e-01,9.884450614436102178e-01,2.604338544361381458e-01,4.348663640049739154e-01,6.356550813377327414e-01,9.147243326291764065e-01,6.241787271476991750e-01,3.895896309860625850e-01,4.007150815864753968e-01,4.690056674832207007e-01,5.002678201201650188e-01,8.115410538974219268e-01,5.099213404836104857e-01,6.447355108262442513e-01,7.517854094120254294e-01,7.009408152745809639e-01,5.532110777141153735e-01,9.979503707743102581e-01,5.714848447671585507e-01,7.374433943176944561e-01,6.655796707138463830e-01,9.034038814192443256e-01,9.944190958202334674e-01,9.873134351393598740e-01,9.431719404171462484e-01,7.275790086377031951e-01,8.657018486115282130e-01,6.554913514210735093e-01,3.442161595377031258e-01,6.896408872621522246e-01,9.009826559129032741e-01,9.832288740508406955e-01,5.075176120173262584e-01,8.561685590539858115e-01,2.933576994193149989e-01,4.953768059625720532e-01,6.961172922001539476e-01,9.114577197652790064e-01,4.863815680095893157e-01,9.215061963670891920e-01,9.066203673465669244e-01,4.373033019767160745e-01,6.013834794446142329e-01,9.683279905175323776e-01,6.616696702561669641e-01,4.410034435540092224e-01,5.799379468558317763e-01,4.271860069296591345e-01,6.961798571194151020e-01,5.566230486553115364e-01,7.029266457141755131e-01,7.504376465986064559e-01,6.068124863357603482e-01,6.829754515474648624e-01,5.639541724490607644e-01,4.999723996419458971e-01,5.402988958484788995e-01,6.104098226306192698e-01
8.688830233301465533e-01,5.438595876397962492e-01,6.302786069423886861e-01,9.682841192009592479e-01,0.000000000000000000e+00,7.090046493915734827e-01,4.130111453399823440e-01,6.786728107174981872e-01,5.173065178843890832e-01,7.715345053239081041e-01,9.498525202787935218e-01,6.045907815964650656e-01,9.225485975391927163e-01,9.962279092344583642e-01,9.076766341615044587e-01,7.575892551605829528e-01,6.190623255507277101e-01,5.875192220208309557e-01,8.448229124946459168e-01,9.035584484780719849e-01,4.955347980341113234e-01,9.832501378459264085e-01,7.922194282563034262e-01,9.770967786909242614e-01,4.141469264590821320e-01,6.116207429428843767e-01,4.390936794207959126e-01,5.268271408169042935e-01,7.258888466289169505e-01,3.524631714135461613e-01,4.780748003020054981e-02,4.178683803001243535e-01,8.115985429810876894e-01,9.938649567167456844e-01,9.075803905672705785e-01,-1.101140033962781234e-01,8.163797607761101860e-01,8.049892087608134794e-01,8.275288383362107147e-01,8.857716637831707374e-01,5.816509205432341956e-01,3.499869772277245938e-01,3.239522718542647284e-01,9.001834298073667640e-01,6.442875308173440230e-01,8.400964040947076494e-01,6.891576840923114844e-01,8.968323111499123534e-01,1.702421530775248895e-02,4.941264150404353073e-01,3.498345358907949953e-01,6.697424468785007079e-01,9.951087344366783549e-01,8.941750654979651047e-01,8.898008928990257527e-01,7.743042040592125197e-01,6.991121379921509948e-01,4.533706300425591751e-01,6.201725645092509565e-01,6.472923832757884188e-01,3.186696384816880001e-01,6.006533400165938730e-01,8.464751543287746260e-01,8.184581386973709405e-01,7.044942829910931792e-01,3.043826625417583309e-01,9.729519263571163590e-01,8.390264904295356985e-01,7.696185570543664367e-01,6.278608381568614449e-01,6.273059677932318889e-01,6.103648632802051166e-01,6.675751261516016388e-01,1.004681034244340743e-01,4.865291659774150235e-01,4.081838660723398071e-01,6.686794163149892833e-01,8.353199568370199835e-01,5.743646036973790725e-01,3.632655929289309027e-01,5.623524280440738154e-01,7.712118929068708661e-01,6.354464415869126581e-01,6.755731323475183681e-01,2.493315240377977360e-01
9.889685670833678888e-01,2.504577186045165993e-01,8.346194167285950760e-01,5.044151295082153208e-01,7.090046493915734827e-01,0.000000000000000000e+00,6.763739675104830651e-01,4.045113359014603782e-01,6.128676396915799796e-01,2.667156359323975545e-01,6.858688291685446359e-01,6.289804740677014117e-01,9.277487268701261058e-01,4.038592621005517302e-01,7.686773749782327414e-01,8.270565245092317275e-01,6.189836457703711270e-01,6.763791545957502649e-01,7.576326780002320405e-01,9.238687346874099315e-01,7.465817794783846661e-01,5.916106871683852741e-01,6.597345096291983291e-01,8.945907102674532929e-01,4.431006756413634617e-01,7.821039641148206378e-01,9.051398954045216660e-01,4.503428386907448733e-01,9.497407420816481594e-01,6.370929224133214941e-02,3.725034522600655373e-01,7.191500652937962146e-01,6.386966303155314773e-01,9.146922033438875665e-01,3.634385621397008270e-01,4.469109509014096426e-01,2.608322978526833036e-01,7.946376301672888331e-01,8.547618665753335954e-01,9.985933067743055780e-01,7.967831234313551558e-01,6.232438369779540466e-01,7.389935240554992291e-01,9.931139897100123015e-01,9.742878768642401210e-01,6.887559498922234402e-01,6.193978117370578795e-01,4.348626317393902707e-01,6.891860105134384185e-01,7.436503856287018932e-01,3.274768685844187122e-01,6.339753877088812883e-01,9.434752062462257172e-01,5.965308206745654207e-01,7.004675704295665328e-01,8.195827217579538804e-01,8.405629229346085474e-01,6.022095807544852741e-01,6.142195717366562002e-01,3.819517869275758093e-01,6.686260488256798862e-01,5.445743901605614168e-01,6.197839106767557560e-01,3.556007927648520694e-01,6.782595027940810928e-01,4.100331793190019614e-01,5.500526091960387109e-01,2.926809399376346099e-01,6.894471668322957880e-01,5.217746356854432443e-01,9.292990012140468492e-01,7.376932319333298071e-01,2.127753645697226803e-01,7.828078584484753355e-01,7.404509502026872525e-01,4.255850994375734442e-01,8.611418272306988753e-01,5.888882997321872592e-01,7.896830895843500731e-01,4.178405881188420601e-01,6.297038635192830913e-01,7.441577853322098868e-01,7.063099373732701913e-01,5.286488024103024319e-01,7.974586906345824122e-01
5.583204444790010879e-01,6.750727704576322541e-01,7.410478904471727857e-01,4.653868419125844480e-01,4.130111453399823440e-01,6.763739675104830651e-01,0.000000000000000000e+00,3.789720939976881642e-01,5.163599093037081200e-01,7.001912134700492008e-01,5.580659509072782853e-01,5.803466879047998184e-01,5.550834888458733296e-01,6.694061113028916266e-01,7.610512173231044342e-01,6.991780624841289482e-01,7.340452315749393941e-01,8.340566831086809740e-01,6.432794489008447636e-01,7.658653462946261037e-01,8.849887275664469755e-01,4.386611211042688585e-01,4.030989455772268637e-01,9.412443373940033720e-01,9.056180084210484482e-01,5.568609004485838287e-01,6.472617220865863885e-01,4.276880910873881447e-01,2.086559734334559879e-01,2.324284952314534525e-01,6.994421721397887648e-01,-4.548486047858679715e-02,2.382537765057347046e-01,6.570750907016023046e-01,2.534792372908894476e-01,-3.299870312114392967e-01,1.054773583488674282e-01,2.628885794442526458e-01,9.485922835469975389e-01,6.735279653017420820e-01,3.411915056193794982e-01,7.032317946531077002e-01,6.522167385291235409e-01,6.555357347139911806e-01,9.858775035226160499e-01,6.727967252245020680e-01,4.540375915499425541e-01,6.168309397309313935e-01,4.424004789441554619e-01,5.896814801641035997e-01,5.082591733998794714e-01,6.006198635585326961e-01,6.672970138152027886e-01,4.637084482026344601e-01,9.256160257178834838e-01,5.100365630382506232e-01,1.524157462338354696e-01,7.738479311745067868e-01,9.666860667764269888e-01,-1.597372597551461326e-01,6.877913747710309167e-01,7.873749720353091508e-01,3.293169390097578919e-01,6.434733645958131687e-01,6.016161841433290691e-01,5.115538481835705253e-01,1.774530627578672221e-02,6.632564831050695719e-01,4.185325840697065036e-01,2.550639236198752324e-01,7.430513904862845465e-01,8.691513906455228256e-01,9.328689437183134148e-01,4.177623314736321758e-01,6.957632253302301617e-01,5.178100907615743598e-01,-1.278677229271593663e-02,4.119459774556150089e-01,2.170314877285370314e-01,9.604277968481916838e-02,9.990739648158648567e-01,7.536829276093413021e-01,4.300406193280200129e-01,7.940921812455015161e-01,2.983401889989724665e-01
7.216699066895063686e-01,7.203751382491846433e-01,9.469662514908004924e-01,7.637620544381795717e-01,6.786728107174981872e-01,4.045113359014603782e-01,3.789720939976881642e-01,0.000000000000000000e+00,5.442768809136169228e-01,6.022194576785652176e-01,9.744426050176194232e-02,8.604838390978862828e-01,6.139046732494723990e-01,9.164782732274812105e-01,4.989480617199739676e-01,7.730531660572615982e-01,9.636846784048596071e-01,5.225705738284134316e-01,5.675481095619177019e-01,4.952942350061715904e-01,5.462864135267821997e-01,8.752224997057017619e-01,9.231672524370024835e-01,4.568907567028226424e-01,4.178247993961644591e-01,3.868200378462390843e-01,7.653980144192357171e-01,3.129984147793812843e-01,6.930114273764511612e-01,4.102859544722002871e-01,3.811030504914397210e-01,8.429792802717336331e-01,2.276892033157049411e-01,6.017020722195166593e-01,3.472118967309266724e-01,4.892707595894202344e-01,4.062248362719358408e-01,7.709730692440777133e-01,4.579093032979018596e-01,3.608822276320977629e-01,1.693635797862956816e-01,4.609541265610809235e-01,6.059678122083489438e-01,7.309456750590198615e-01,6.089651819532827526e-01,5.626134492840435541e-01,4.695243110150450483e-01,2.492667599196815575e-01,6.332034666384788180e-01,7.865531365221345439e-01,8.200915731021511945e-01,5.829851038780671235e-01,8.390792437381572322e-01,9.383564196236695576e-01,9.839461019308100020e-01,3.402099466007338924e-01,7.398710210504848561e-01,3.883169724651891475e-01,8.239245877975023280e-01,3.593786201453340601e-01,3.243643816669892210e-01,8.829668432363063646e-01,7.021087674492918485e-01,7.799555901423722570e-01,9.381894574263331954e-01,2.210866640007222439e-01,6.685031647528341114e-01,8.860148772655429550e-01,5.471958933625094001e-01,4.116738214406312490e-01,3.367219249520131408e-01,6.811215261995059445e-01,6.548706188591566502e-01,1.192582090638531211e-01,6.557441607927682048e-01,7.528079299886537568e-01,3.060205796418740201e-02,1.734309813701816472e-01,7.042991480899594148e-01,4.028367709824728915e-01,6.346765398649734102e-01,9.633655551029203234e-01,5.815879264687375816e-01,6.427525673112151061e-01,9.560241757585343780e-01
8.064265115398266959e-01,6.792215855789427437e-01,6.658353706190652810e-01,8.317661166588837807e-01,5.173065178843890832e-01,6.128676396915799796e-01,5.163599093037081200e-01,5.442768809136169228e-01,0.000000000000000000e+00,8.999863562456191790e-01,7.709433607788379605e-01,3.134398574263332904e-01,-5.499109085961043086e-02,9.235346297265446536e-01,4.647248872556596355e-01,7.738748446507112133e-01,9.843229074655165389e-01,5.991164326653072303e-01,4.847060458112468218e-01,9.126479390363374522e-01,8.090387931780517183e-01,2.245321541995640713e-01,6.269665130400010611e-01,7.956240417182011138e-01,7.221557628623667124e-01,7.433926457901887108e-01,6.447636764511022189e-01,9.125351585979575297e-01,-9.639129604988787292e-02,4.344907112376719671e-02,4.616989558589490450e-01,2.476230816083158648e-01,7.161716683716494725e-01,5.795611633807252749e-01,9.827352484497571261e-01,7.491217721162493071e-01,2.126378660854836566e-01,9.555560172221067017e-01,8.100630871911511655e-01,8.411449234107823969e-01,6.068732217775124615e-01,6.041572435019727516e-01,4.806987746860618693e-01,8.302824665970978124e-01,9.623283351332929669e-01,7.224915169679864135e-01,2.199635098762900420e-01,7.302409325989696054e-01,5.417616068073276558e-01,3.092407950691976048e-01,4.740216500126278598e-01,6.728985483575251614e-01,7.490598614124042154e-01,7.026823661949576083e-01,9.548948617618373547e-01,4.413445353697917350e-01,6.192559271426812950e-01,4.850131483983061154e-01,6.493228784177830226e-01,7.492430999652847090e-01,6.688142980159671458e-01,5.166206536961394091e-01,3.229856042804304384e-01,9.373764563530563310e-01,7.371756493829462187e-01,9.427019838662447082e-01,2.645445230840607342e-01,8.159017902579106529e-01,2.639993363916756097e-01,6.301830695014927208e-01,7.531614054457806962e-01,8.425758370186102741e-01,5.454260369069074965e-01,2.596565345803943381e-01,8.107602746687646578e-01,6.632201136330535540e-01,5.651993441751999026e-01,6.681612711677502592e-01,6.636765072489637651e-01,6.641411936081565992e-01,9.616215378680832426e-01,8.542327403964560251e-01,8.080466539641687485e-01,3.934509764284229716e-01,6.723458017220386163e-01
8.464250189476548725e-01,6.546251632808531840e-01,8.068208906740538255e-01,9.039796372973264438e-01,7.715345053239081041e-01,2.667156359323975545e-01,7.001912134700492008e-01,6.022194576785652176e-01,8.999863562456191790e-01,0.000000000000000000e+00,7.519111033869303462e-01,4.296466286242044408e-01,9.513992535652607829e-01,9.437198681315797089e-01,8.755066539219726884e-01,4.070458096010109994e-01,9.861147820064922742e-01,4.473016524702086993e-01,4.654769401166098941e-01,3.614941069580968058e-02,7.685116271573864122e-01,1.640351252871373733e-01,8.661489487815970945e-01,7.627711176158565864e-01,7.050060460012016472e-01,6.597333701781979975e-01,6.549410962582143947e-01,9.169074238905892127e-01,4.803786719586791154e-01,4.938651189305515721e-01,3.937456015029259238e-01,6.714966100104325930e-01,9.467163754540441900e-01,8.027429088910494892e-01,8.277008974036988986e-01,4.797361630919433351e-01,3.133032322918958279e-01,2.297098084839599430e-01,8.128170205742317744e-01,9.684328747367643153e-01,5.207419074105505974e-01,6.470824517489492944e-01,8.686190866025693680e-01,3.252235156922100856e-01,9.321085431087787754e-01,7.399055527640634455e-01,5.958561783331629558e-01,5.997958223777847264e-01,7.860173008365696212e-01,6.867664783313605081e-01,5.346026503791928564e-01,9.570557186513009018e-01,9.965804022337659829e-01,9.155808665368836419e-01,6.568874110570404046e-01,9.906877876293379570e-01,2.468430948569098615e-01,6.664953993675861721e-01,9.659270768340741942e-01,1.753986541585081105e-01,4.569804709005765297e-01,8.651439073878962605e-01,8.797990592571054425e-01,9.908353914891614433e-01,8.667240457605912551e-01,7.367918313348226222e-01,9.884048444522347543e-01,6.174244247840748878e-01,4.061718702489459654e-01,6.844784544495429168e-01,8.943383495416852291e-01,2.943433468084187266e-01,6.280232702473497186e-01,5.990562555443446069e-01,4.009253034853864084e-01,6.210702082455656914e-01,7.784355584081699142e-01,8.344134430264191771e-01,5.440582781520021394e-01,7.319572469690581729e-01,6.837523683233344141e-01,6.318355547221368163e-01,2.668008918236309812e-01,2.063446207187395742e-01,4.801851130248909749e-01
8.085568033494510143e-01,4.863946582906035765e-01,5.203385874861480298e-01,8.059866986333130701e-01,9.498525202787935218e-01,6.858688291685446359e-01,5.580659509072782853e-01,9.744426050176194232e-02,7.709433607788379605e-01,7.519111033869303462e-01,0.000000000000000000e+00,9.823239064232729412e-01,9.594777751252695497e-01,4.727526839876882714e-01,2.149604785678418395e-01,6.061883101900845672e-01,9.542434954661556112e-01,9.438195966619233879e-01,7.972925945797993963e-01,4.372142456275561195e-01,8.480034506497282631e-01,6.616472090074932977e-01,4.719533719135383110e-01,8.790375146322138011e-01,3.099237574132940876e-01,8.974806872320987283e-01,2.799644953243281276e-02,7.830155491505561560e-01,1.197688024551195676e-02,6.589689005445691361e-01,5.372987152533850175e-01,4.184842018565274602e-01,5.258536961292987755e-01,2.452591475865119885e-01,4.708251113528335030e-01,-1.385573184670252922e-01,3.961449870725257116e-01,6.715592040397110329e-01,6.405895843386552047e-01,9.726719567777103448e-01,6.685603851495567351e-01,5.232030378139618243e-01,9.061809844081626375e-01,2.053498245075925654e-01,6.541542697062375789e-01,9.332818685313289953e-01,8.376324888996177220e-01,8.795800615710611670e-01,7.221060465469779643e-01,5.274515805850334971e-01,5.025344503384329142e-01,8.113512395689740364e-01,1.151870910851874874e-01,8.379272078190123096e-01,8.324093731706200261e-01,5.168579062658725798e-01,4.434152996965759486e-01,3.663058832549064281e-01,7.353142385817461602e-01,6.677929417959715952e-01,4.149115974833981757e-01,6.157679363197435807e-01,7.089158042908549895e-01,6.581578357851507466e-01,7.873879322202126385e-01,7.988842652176052495e-01,9.117120625787560328e-01,2.724131084402552361e-01,6.891551231521100274e-01,6.950872742554837780e-01,5.849398859039025567e-01,3.634323810073791794e-01,2.917159531723145793e-01,8.090511803845740202e-01,5.032423984951118756e-01,5.311946043204484047e-01,9.098039920095717381e-01,9.688784727461128288e-01,4.904421295817353865e-01,5.320323125669453868e-01,1.282798934210207242e-01,7.721688925123140201e-01,3.599784638502968592e-01,7.220803406866503904e-01,5.908340649338181816e-01
2.057078227417856453e-01,8.807350377160364507e-01,6.964750391993558276e-01,7.394237316955980521e-01,6.045907815964650656e-01,6.289804740677014117e-01,5.803466879047998184e-01,8.604838390978862828e-01,3.134398574263332904e-01,4.296466286242044408e-01,9.823239064232729412e-01,0.000000000000000000e+00,4.692012238134005142e-01,7.993889336208370722e-01,8.635031238713480883e-01,4.447246602050727304e-01,8.446297383549931093e-01,9.361709474362598371e-01,9.089123653983666173e-01,9.220561350360640951e-01,9.002697338731298071e-01,7.644944329708263098e-01,6.729134107827848821e-01,6.499551114362399629e-01,7.475890695981255440e-01,5.143627126557025475e-01,9.573660063266448139e-01,7.101827046322790604e-01,2.674954073914710406e-01,7.630594800792142030e-01,4.264645760081267611e-01,5.379482841106627555e-01,9.887105362536691144e-01,5.345058937418377676e-01,9.475061072671870921e-01,3.679677342828410191e-01,1.751952701964248904e-01,6.925715040623496854e-01,5.364436719650421681e-01,9.635368825796659653e-01,5.272455131253375171e-01,7.327610760882126151e-01,8.876486339840995443e-01,3.030914564066211625e-01,2.692904503522421944e-01,9.782794224482166401e-01,7.445310470329354890e-01,9.565381683382487843e-01,4.272510944580067971e-01,6.264928860998993931e-01,9.390692810637117915e-01,9.088252858728681494e-01,3.949075580689529463e-01,6.450727724487308468e-01,7.559387672823570936e-01,2.490653252629930481e-01,7.762059884373582186e-01,8.477332547701029730e-01,9.344132017485242692e-01,6.655125044594293326e-01,6.912119673057026681e-01,2.188263119151505898e-01,9.622432486779071148e-01,7.205452736352937482e-01,6.155479158505722248e-01,7.278905778734146015e-01,8.991010608455625164e-01,6.070018650482752465e-01,9.476135902646171116e-01,3.993742491358613367e-01,8.012080389270330727e-01,8.925358216153225221e-01,4.267574921540987498e-01,2.515703203718152037e-01,9.315442761768569779e-01,9.662885143094476215e-01,5.739861129696716135e-01,6.000122565935421814e-01,9.448792175669817883e-02,3.957996541277142843e-01,3.614614122304654065e-01,8.899117176741451196e-01,9.625762070349335175e-01,8.233912061901781376e-01,6.639817302257268183e-01
8.104976890644698395e-01,7.719956779166282645e-01,9.769991443000971554e-01,8.335961713363223557e-01,9.225485975391927163e-01,9.277487268701261058e-01,5.550834888458733296e-01,6.139046732494723990e-01,-5.499109085961043086e-02,9.513992535652607829e-01,9.594777751252695497e-01,4.692012238134005142e-01,0.000000000000000000e+00,3.945059316002932359e-01,9.124467304149868063e-01,8.460544326597185805e-01,4.718108646349255531e-01,7.058960884394641644e-01,8.012423334315122991e-01,1.951897626849078138e-01,7.308902987517418293e-01,8.387154877466133085e-01,8.892822674075032685e-01,8.936379732896326811e-01,5.490150877943200669e-01,6.555513052752689473e-01,8.845802397886384227e-01,8.891177491611393924e-01,9.439574247320732525e-02,7.181295999850574319e-01,6.551297742387489631e-01,6.892571920372971839e-01,6.701582544012912868e-01,6.743370432076705168e-01,7.588649306805492767e-01,4.381910936236941279e-01,6.909098708549795687e-01,7.611334590087611707e-01,6.451248654963086526e-01,8.790353709613103472e-01,2.713165576463348883e-01,8.724713960096154297e-01,9.995742296010523553e-01,7.692252601083013896e-01,9.806026320941751973e-01,8.080710821201458893e-01,7.181614374933260603e-01,7.556977727471393402e-01,9.993986566310049113e-01,8.452772783921611577e-01,6.935395218280659968e-01,7.496354233548947477e-01,8.272406603524917745e-01,4.390380301594343782e-01,8.429377612201490733e-01,8.597385417699916765e-02,5.488528194049629994e-01,8.544089953629911971e-01,8.385649209329313347e-01,7.206310528610377908e-01,4.848789816237218386e-01,8.223159278971811093e-01,9.215256262820850086e-01,6.595556953432841762e-01,7.002577217528221931e-01,7.883154157844671772e-01,7.867751980113479870e-01,9.937666449279793923e-01,7.191069217885949216e-01,2.654369791647838150e-01,7.356768268398885535e-01,9.639288047405027982e-01,4.379022840260349825e-01,4.247954201106269867e-01,-1.398656361157233075e-01,8.028173589082129302e-01,6.292618844245414511e-01,4.245808389288613371e-01,2.833585478974194327e-01,1.933658967381677307e-01,5.776392236003407010e-01,6.439536112480915842e-01,2.486029368616009816e-01,5.241052546995582651e-01,4.695674625597736629e-01
1.173766491166890608e-01,7.286573268377020129e-01,9.856773625633423741e-01,4.971794229779339935e-01,9.962279092344583642e-01,4.038592621005517302e-01,6.694061113028916266e-01,9.164782732274812105e-01,9.235346297265446536e-01,9.437198681315797089e-01,4.727526839876882714e-01,7.993889336208370722e-01,3.945059316002932359e-01,0.000000000000000000e+00,5.862347060223987993e-01,3.973784710069391268e-01,3.347181067893270079e-01,8.192542446535332479e-01,2.065750148516593276e-01,8.944667297421976526e-01,9.447396187937624479e-01,7.748431458697846441e-01,9.663244880182844110e-01,6.706467512268127207e-01,2.697019574999742764e-01,6.912229226379751346e-01,7.043072944082334752e-01,7.732109114324376975e-01,3.885974092260111590e-01,6.539025937130006350e-01,7.281686380785394874e-01,4.539672879467158695e-01,7.872052132708761141e-01,2.468391132358341289e-01,8.799344245881042248e-01,6.262376969517154945e-01,6.544119707789898266e-01,7.124275634364878318e-01,3.409021698492584740e-01,7.576624971031753475e-01,4.206217980780541654e-01,4.310962116969306313e-01,6.449535800295111976e-01,5.701203084519559372e-01,7.935149936244172419e-01,8.367176447655050309e-01,3.399627562493336974e-01,7.165055471265353582e-01,4.564130404864873425e-01,7.272031041377136074e-01,9.651409584736087011e-01,9.669454358570633845e-01,6.036552948747428982e-01,8.061042959683094589e-01,8.715757480441637117e-01,6.215685230715981557e-01,5.184117682748875522e-01,7.543241555169195589e-01,7.025892659242188865e-01,5.455253843412569692e-01,5.851562313035526541e-01,7.785524987882710413e-01,7.650173972544459522e-01,8.175228890437514773e-01,9.098111474035794899e-01,6.211715769522357933e-01,8.063646703701572438e-01,7.911260947340202909e-01,9.325056385014380833e-01,8.550428671397680702e-01,5.162370185170447323e-01,4.680504516266909554e-01,6.633403713446577310e-01,3.123197296102080411e-01,7.630839019428062864e-01,9.343733635270373705e-01,9.095395849972407465e-01,8.500545824893489533e-01,7.088825507015881211e-01,4.445267897940432533e-01,6.634845056221528870e-01,7.407370298142738063e-01,5.741450203694524745e-01,8.977979000744261695e-01,8.851010579063057770e-01
9.531778857309307629e-01,7.842130769124898704e-01,7.898812057238124851e-01,7.392215918584668088e-01,9.076766341615044587e-01,7.686773749782327414e-01,7.610512173231044342e-01,4.989480617199739676e-01,4.647248872556596355e-01,8.755066539219726884e-01,2.149604785678418395e-01,8.635031238713480883e-01,9.124467304149868063e-01,5.862347060223987993e-01,0.000000000000000000e+00,7.633216102813098480e-01,6.369200391614333601e-01,7.484216767124316494e-01,5.913573038004484861e-01,9.311179662543455082e-01,8.413429658499782526e-01,9.396918219788408244e-01,3.279361913067024847e-01,5.898588271903161262e-01,4.334873159748873217e-01,7.057105838427375488e-01,9.170775355240667892e-01,5.703629983775759804e-01,7.501896592063137525e-01,7.115716844700568089e-01,3.016964471075511134e-01,5.315902272271424422e-01,1.071239467700786652e-01,9.433984950867058128e-02,4.005439381435624835e-01,3.020007532600434974e-01,2.722136687276113243e-01,7.003167284378440938e-01,9.042655488296000854e-01,3.822986920106619113e-01,5.208698630844083022e-01,5.345705187751842447e-01,8.694281070971572323e-01,5.136752081578382922e-01,6.569322935911496852e-01,7.619373934281660210e-01,3.968096670260933267e-01,6.370996725576048014e-01,3.331414959647349128e-01,2.527541527541512512e-01,8.474205250768838127e-01,7.300127754762998356e-01,6.630886008600965775e-01,9.749571071576303982e-01,8.667742289751450002e-01,2.749382740023880167e-01,9.166400884885159694e-01,6.179084045496413546e-01,7.790973250168433673e-01,5.791058263452872890e-01,4.466864779483688541e-01,8.698003505670668378e-01,5.030836609174913487e-01,5.422858901389272512e-01,6.524286395351606149e-01,6.131612252832332466e-01,9.267878536470615103e-01,7.949333757920198362e-01,4.658168068434519471e-01,2.171673216756579428e-01,8.490035924312466786e-01,9.320942711530204594e-01,4.982412150338531021e-01,4.745750837744571182e-01,9.501560076470091376e-01,7.541329995334629110e-01,6.396416384564627133e-01,3.380541931660623334e-01,1.958604606159861927e-01,4.115837611283046545e-03,1.845161595225789375e-01,3.597827602822856186e-01,7.826023299563816815e-01,4.928242478637456236e-01,6.649007378382659761e-01
9.311594098779073514e-01,9.191684625511076234e-01,8.199565739100922457e-01,6.217109774117062226e-01,7.575892551605829528e-01,8.270565245092317275e-01,6.991780624841289482e-01,7.730531660572615982e-01,7.738748446507112133e-01,4.070458096010109994e-01,6.061883101900845672e-01,4.447246602050727304e-01,8.460544326597185805e-01,3.973784710069391268e-01,7.633216102813098480e-01,0.000000000000000000e+00,9.711425503741517584e-01,7.448365210656155977e-01,-8.428891335698467102e-02,7.252087527637838260e-01,9.068777109808111581e-01,5.905015723738629152e-01,9.261126631293613576e-01,8.500240221234168780e-01,7.997851770008865824e-01,6.212467108403068039e-01,9.340142006516748419e-01,8.516805368018480760e-01,4.866198280299134371e-01,5.514977471069706372e-01,3.253194605623488389e-01,2.989327038187436503e-01,5.196412610917899855e-01,4.642583060398936534e-01,5.256090194162057472e-01,7.877625557674177159e-01,3.649778652469768403e-01,6.974093330077009156e-01,9.210468122242138067e-01,9.553176469473343424e-01,7.383561618601789389e-01,2.314088306238751003e-01,8.869736486256162289e-01,7.808152013473788067e-01,9.353823120520299295e-01,8.539558100895935366e-01,8.472524831753573960e-01,6.926772900849235137e-01,8.804591449927270386e-01,7.875564122209541829e-01,2.170316164937085013e-01,8.455084746024601472e-01,6.233192359658747961e-01,9.406217187173014915e-01,9.285721268223813274e-01,2.607019773000559537e-01,4.518841292709792068e-01,8.882363851000681931e-01,9.690890399445695191e-01,3.790217945917172537e-01,7.571234370954100790e-01,6.995977019538297537e-01,5.426877657590986059e-01,8.349004123070216110e-01,4.159089804592260853e-01,3.933605306084272391e-01,9.662199634600219245e-01,8.322126361619528456e-01,3.072353491202716169e-01,7.571508673708022830e-01,9.204001817424785070e-01,7.119880004329551260e-02,2.985862052305235381e-01,3.934627469644553233e-01,6.541825172874836669e-01,4.011983958696619945e-01,9.808588510170593855e-01,4.722661751366958871e-01,4.908679521846631699e-01,5.444406456543706696e-01,2.908564647229390787e-01,8.810255546892488132e-01,2.553482456702745318e-01,2.156507385587843051e-01,-1.773829722917175666e-01
7.405482554139837248e-01,8.777447458849162443e-01,6.347781057418050432e-01,8.190646520888854587e-01,6.190623255507277101e-01,6.189836457703711270e-01,7.340452315749393941e-01,9.636846784048596071e-01,9.843229074655165389e-01,9.861147820064922742e-01,9.542434954661556112e-01,8.446297383549931093e-01,4.718108646349255531e-01,3.347181067893270079e-01,6.369200391614333601e-01,9.711425503741517584e-01,0.000000000000000000e+00,8.304892149456196693e-01,3.973219498214935475e-01,6.673213087728379067e-01,9.539468971346369841e-01,9.643043214011797204e-01,7.878392113118534157e-01,8.570815430076638153e-01,6.481895956236796152e-01,6.782157024460899741e-01,7.787275739487505843e-01,8.356203963036896720e-01,5.606886704492635154e-01,6.055982019587416998e-01,6.905535715675334973e-01,7.049940880294807144e-01,8.842597359902565346e-01,9.213790791613001296e-01,8.922381238794200309e-01,2.359008531555357446e-01,-1.419448478029421423e-01,8.216079596520837747e-01,4.717698086679749658e-01,3.415447385325542373e-01,1.660924416188551411e-01,4.733756438199126504e-01,8.882903643044069986e-01,9.524512883740274827e-01,8.413953917925893755e-01,6.350436986490985980e-01,8.809922633843635387e-01,8.690706902857288085e-01,6.770743788476034641e-01,8.865781710581783770e-01,8.227498245167890190e-01,2.813000894262515095e-01,8.520754453359962177e-01,8.564293696784545107e-01,9.944512385329083992e-01,6.808831139573363611e-01,7.044793015667366598e-01,8.920312389490336891e-01,7.690874231085507162e-01,6.522599593074004387e-01,6.528189975900349218e-01,2.808327736251156059e-01,8.841680166290736276e-01,8.883771674236793370e-01,8.730581578147186272e-01,8.997538277633423398e-01,2.958742196028349425e-01,4.625880523798824862e-01,4.656131221625006145e-01,6.192323900988672136e-01,7.858941838209798636e-01,6.590737076004180572e-01,5.724277720131523139e-01,4.128691790993607724e-01,6.459368937728320326e-01,9.046781285505967052e-01,8.052351440665558302e-01,8.329655221576903745e-01,1.146437450481829767e-02,2.905066096979772028e-01,9.961434819311157929e-01,8.582503871019544484e-01,6.373465550665946555e-01,8.686122603473701576e-01,8.132857282542204080e-01
9.509672047549393437e-01,5.130338562437161132e-01,8.228532053381548694e-01,9.142121272311570790e-01,5.875192220208309557e-01,6.763791545957502649e-01,8.340566831086809740e-01,5.225705738284134316e-01,5.991164326653072303e-01,4.473016524702086993e-01,9.438195966619233879e-01,9.361709474362598371e-01,7.058960884394641644e-01,8.192542446535332479e-01,7.484216767124316494e-01,7.448365210656155977e-01,8.304892149456196693e-01,0.000000000000000000e+00,4.881501833103618626e-01,7.257817113625396610e-01,2.371788034592820504e-01,9.550539489584075614e-01,8.924910769216393147e-01,9.071340740621728349e-01,6.620567760521062217e-01,9.785259558045178441e-01,6.448123907472890215e-01,7.897486173403978071e-01,6.292748550627066395e-01,4.098209446612521845e-01,4.550517672552743531e-01,2.089116798428683475e-01,7.882316904610078279e-01,6.234042274820557061e-01,5.455283792660065023e-01,4.630424153323990932e-01,4.379251956980300120e-01,4.867872863798863303e-01,6.552512492228415031e-01,9.930073607398199886e-01,8.125930181771706673e-01,6.761828465365989915e-01,9.222935676157659746e-01,6.458570409982669069e-01,9.066323930600508341e-01,9.551073825944991214e-01,8.209185957529675504e-01,6.243491037594210979e-01,5.283525185502937482e-01,9.105416811631360519e-01,5.493249044984578333e-01,7.875529656535658063e-01,8.253673678860584673e-01,8.015174768626007751e-01,7.177561902789734161e-01,3.106509304392612303e-01,8.827370600742101558e-01,3.075440414551122714e-01,8.883355215695278861e-01,7.252205596991143643e-01,7.506650977379401013e-01,7.328104035280443018e-02,8.786654092327905730e-01,3.761163893350483178e-01,9.030979248227651857e-01,5.499304404749562059e-01,6.086428750761342377e-01,8.770873489703274739e-01,7.672790596771074112e-01,5.732185158946080383e-01,6.719175150036517108e-01,4.868985277203777273e-01,4.978868423850524305e-01,5.697019919089143514e-01,6.051614974538291891e-01,5.900303996241149651e-01,9.396979346545699663e-01,7.355769908581611949e-01,5.240864972318081128e-01,1.118624388293130295e-02,1.370902704643930103e-01,6.576249118879449185e-01,6.798116052633318418e-01,7.288325634422352373e-01,8.972537701214492456e-01
