0.000000000000000000e+00,9.774180985313241088e-01,8.254210933484070756e-01,9.076313373266527984e-01,8.961209746554514854e-01,4.262853759504338091e-01,8.592591431854256223e-01,5.988086051526337883e-01,9.027958668230188222e-01,6.550422473253251221e-01,4.679849319859495926e-01,9.043620552141421465e-01,5.144928657973653063e-01,8.293878386485630250e-01,9.027305117509155652e-01,9.130017999808205387e-01,8.091723479106995853e-01,7.887196336964794607e-01,6.574674333452708019e-01,8.080983067016807020e-01,9.612946910767460329e-01,8.439566987569873113e-01,8.150601710130247479e-01,9.128343694086110682e-01,7.194763591126659419e-01,5.089275732148330622e-01,8.337413731617731028e-01,7.624274107936626077e-01,6.469209576579516563e-01,7.882647800507212033e-01,4.779028987300276698e-01,6.900867048433405593e-01,8.962721242172839720e-01,9.819571538277006573e-01,9.093721409865940242e-01,5.728650844372265016e-01,5.766701440184676120e-01,6.214530497022342503e-01,6.207507686993622986e-01,3.552763380075057431e-01,6.317070037861245435e-01,8.708125905074974860e-01,9.797058629302302091e-01,6.828203012084492762e-01,9.141119552677728910e-01,9.200801538129500523e-01,9.690271584916536618e-01,7.144634978066473074e-01,6.698071222193352492e-01,9.065765692808586129e-01,8.879287589058262320e-01,4.440169905971713682e-01,5.425528413033682273e-01,4.344026247707323263e-01,2.505746541163073049e-01,6.812654564187620165e-01,6.411202083160125742e-01,8.705345138054669807e-01,9.406211346024164754e-01,4.961801852672304003e-01,6.827975554955431070e-01,3.270234333456839559e-01,8.354346889185102487e-01,7.146092856666086401e-01,5.288583848001335852e-01,7.911545226351908155e-01,5.810820908296079335e-01,9.575787904181707333e-01,7.625953697007561427e-01,2.105127650232910264e-01,2.894005158964643165e-01,1.271564534033200189e-01,7.301216980124368705e-01,9.167148453204017056e-01,6.612686593057306439e-01,7.791742312985148189e-01,9.936086034398270428e-01,8.388042684176884034e-01,4.709128334724259068e-01,5.746974182988684454e-01,7.254592905440955253e-01,9.486853568132818104e-01,9.459567648858782096e-01,6.901031917349816913e-01,9.697641860854868678e-01
9.774180985313241088e-01,0.000000000000000000e+00,9.457019676023084020e-01,6.045872341572194886e-01,9.263020529578008810e-01,8.179327203331465679e-01,3.458236539446475355e-01,6.418672530202205184e-01,7.433926045677491379e-01,9.750840627524994808e-01,8.644277489058491692e-01,4.441117992207093690e-01,9.384592487450917897e-01,9.280605636360187427e-01,7.184895818367648124e-01,5.186740481491846078e-01,2.609042914719141848e-01,9.330896503048580204e-01,6.734148637526778947e-01,7.657359649491984888e-01,8.577995130499298515e-01,5.203513273048542276e-01,9.252217488714564730e-01,8.740536563714601526e-01,5.210575218147200927e-01,8.191653031064087820e-01,5.778109893062359781e-01,6.579101546033625514e-01,5.788242050223085799e-01,5.275073561157236357e-01,8.021788208206255544e-02,1.336269696554693853e-01,5.063768254171667760e-01,6.608364342958173987e-01,6.717972744726923295e-01,6.649353565738275185e-01,7.977133247740698652e-01,2.572949835729894663e-01,8.343122225921059121e-01,9.724156561079100314e-01,5.146642270244881079e-01,7.552669122578998806e-01,9.148184196562941795e-01,6.382443152957791854e-01,9.508449488992076759e-01,5.847988507093517807e-01,8.994357454894656989e-01,6.001011101825710625e-01,6.509287592105905684e-01,7.896043178962487419e-01,7.805588477667438907e-01,2.103825653049326561e-01,6.977070436242284179e-01,2.267811443643627523e-01,4.930055401797105441e-01,8.247781277493414498e-01,7.244233886283305557e-01,5.816290101204364404e-01,3.914973976105835529e-01,7.756984962156528995e-01,5.228458419053690909e-01,4.530623077866701154e-01,9.063270916826986490e-01,7.824523193135685117e-01,4.438661342275769250e-01,4.570404213767318424e-01,5.208510055828837748e-01,9.213960179420004337e-01,9.769641092314877984e-01,8.091545393664940633e-01,8.687189546305063015e-01,7.600362799836822836e-01,2.159087482041414652e-01,4.050439320930675491e-01,4.146218445053360679e-01,7.661590599599176210e-01,7.014762502161954183e-01,9.708815843983477079e-01,3.624742603258918061e-01,5.520066678124372350e-01,3.159118736758156909e-01,5.593871194345582110e-01,9.369897481909446046e-01,6.802155252050267054e-01,6.794220965554024216e-01
8.254210933484070756e-01,9.457019676023084020e-01,0.000000000000000000e+00,7.096242023520341613e-01,8.332548376101853727e-01,6.045477781861540167e-01,7.215048874643861243e-01,8.646570989824907683e-01,8.788430490072455248e-01,8.855185663090668902e-01,3.801802705365320278e-01,6.688059175056644268e-01,7.204330198360754389e-01,9.018114127682927972e-01,5.575362692651386620e-01,5.905854961009185944e-01,-9.067914893144712885e-02,9.812904024834931960e-01,8.916887979068175429e-01,5.936728804099046242e-01,6.751094833532909067e-01,8.515904897277615238e-01,9.876177626976917479e-01,6.715779799364927083e-01,6.841459032116400385e-01,9.295303693525246436e-01,9.659390909628364774e-01,8.693298827571356302e-01,7.008329092244612868e-01,2.040106421897793787e-01,9.967559864991018537e-02,9.689852316473225313e-01,8.091267870066382040e-01,8.911787844423553206e-01,5.881307997453505410e-01,3.445051802355784121e-01,3.609154649183963226e-01,1.604431404799840921e-01,7.763503855912827767e-01,2.716384379277342331e-01,5.239507030774656071e-01,8.669463692998174986e-01,8.036845151956670819e-01,9.064810263331359863e-01,6.383226826411519950e-01,9.862730493861098235e-01,9.301787595752017967e-01,7.406717249093174305e-01,8.233078001431264337e-01,8.518362795918423824e-01,6.078449762446808124e-01,8.727173352589230326e-01,6.362089180034320446e-01,9.411491936308460371e-01,6.465854969225699467e-01,9.703966760818003578e-01,9.458454985079338684e-01,6.020634037724261756e-01,8.458889333062815652e-01,4.085555064610176257e-01,7.887538706867177618e-01,9.569738731503140139e-01,7.083026558368651360e-01,9.191574930680054267e-01,7.019224337633729327e-01,8.645494648373225344e-01,8.477471469139908899e-01,9.974999045069502523e-01,8.383448872308751909e-01,9.735346193036631401e-01,7.473620350018194136e-01,9.516461527206426796e-02,8.728794970277526932e-01,2.696198248634660843e-01,7.888372633504264764e-01,8.675744521955823796e-01,3.805329473634576631e-01,8.728470286297141945e-01,1.505249235222865314e-02,5.534433395521070054e-01,8.214529858649221028e-01,4.526689733684843286e-01,4.597412708370570700e-01,4.553355438935613453e-01,8.890220054253571424e-01
9.076313373266527984e-01,6.045872341572194886e-01,7.096242023520341613e-01,0.000000000000000000e+00,8.347173280785704641e-01,6.306264387845401664e-01,7.732531101031067111e-01,5.175303534504958058e-01,4.365609978999251406e-01,6.907579859884693807e-01,9.975799031840892894e-01,4.467793232351042199e-01,9.814317259294249585e-01,7.378633019428044726e-01,8.122707426245121543e-01,7.770810824116282101e-01,8.058286666833469614e-01,6.959787664266515739e-01,8.679825960390545880e-01,7.313744562541691918e-01,6.859016832939166530e-01,6.077500647907517761e-01,3.631558603723499257e-01,6.496554055651092563e-01,6.148880355234739303e-01,9.765516555393179976e-01,9.305207040576577437e-01,6.621008925584621618e-01,7.851489068765092894e-01,-1.308369526193119969e-01,2.061635726074300401e-01,2.449505323655845612e-01,6.398245320174495987e-01,9.356247642351187555e-01,5.150389489709322755e-01,2.404218388187060740e-01,7.847408160706097480e-01,7.461348856726685019e-01,8.664617462330872488e-01,6.171278528274534159e-01,2.512120551895061782e-01,-2.462235387366631389e-01,9.690791726309186949e-01,9.787837104008234590e-01,8.770916240555969301e-01,8.572144208354869344e-01,6.367809196786751169e-01,7.461209397712400548e-01,5.657054018017300123e-01,6.168194599206536788e-01,9.008940204128523810e-01,6.533981925715672823e-01,4.065930664583796150e-01,8.855225275208196134e-01,7.181376359944380283e-01,8.038121719380886265e-01,6.161614454964751131e-01,3.470744333200562748e-01,6.385337597340751126e-01,5.535859593374143905e-01,4.690379681891557184e-01,9.383621246127665794e-01,2.702983022230580623e-01,6.665301091911746134e-01,9.414443756256988260e-01,7.705763672029406486e-01,8.444020092643662601e-01,6.397881069985565938e-01,4.456780008838592266e-01,5.421608925289507219e-01,6.859415358246619965e-01,3.297178467376268296e-01,5.970622813633951198e-01,7.366667277210792175e-01,4.492115310026671415e-01,6.837230299007700518e-01,4.780133641518152232e-01,5.683592035047877467e-01,4.777582164639790352e-01,6.048222081827611118e-01,7.143083028325505346e-01,6.030861470762814980e-01,7.834115686051714711e-01,4.910677049104356096e-01,8.265119253650533571e-01
8.961209746554514854e-01,9.263020529578008810e-01,8.332548376101853727e-01,8.347173280785704641e-01,0.000000000000000000e+00,6.290573810082560335e-01,5.041033091001398958e-01,7.430464576733812887e-01,7.950888769930479771e-01,9.255766993189679104e-01,6.241264787362306166e-01,8.441683825730976753e-01,9.982806108503858855e-01,7.712096846001128547e-01,6.813000710157248729e-01,4.368871488327178976e-01,9.810115213385237620e-01,8.237713589131849812e-01,6.032946556105100999e-01,7.713171961552939271e-01,8.363772120679486832e-01,4.214038466133506189e-01,8.872224043894016976e-01,9.251759238776455785e-01,4.015900896142209353e-01,8.564423146650868013e-01,8.521754189316496086e-01,9.273668787486551990e-01,5.907368568637778594e-01,-4.094650332201166254e-02,6.471467915082416145e-01,4.516071076024462116e-01,8.498525173922810705e-01,8.841849197161666396e-01,3.982226040939345069e-01,6.685634721732254260e-01,1.475086503594290055e-01,4.693303318444036476e-01,4.670122496527584488e-01,7.767084680963588506e-01,4.986639542630890709e-01,6.851367986650002129e-01,9.137440923094253264e-01,7.290489495963280442e-01,6.172503796850116187e-01,9.837495530479666295e-01,9.578207775296421200e-01,4.095324915958951095e-01,8.651304937478532242e-01,6.351511592829830466e-01,2.828925470929301578e-01,8.487921494773033038e-01,5.246657108595204067e-01,6.416335384223875726e-01,5.805134828367148891e-01,8.463534997142428962e-01,7.784108841587715766e-01,7.624549996011570352e-01,8.109481676763743430e-01,9.696792466026011859e-01,5.425590587810152909e-01,8.171942559682469076e-01,6.718715355798202671e-01,7.405742447247397608e-01,8.098669664718187722e-01,7.716024316229773694e-01,9.065656393476776431e-01,6.737408064187639933e-01,7.698415238909430691e-01,9.320546449618949403e-01,6.421936203447458080e-01,7.411041041501460480e-01,8.379580763011263977e-01,3.859211343111602077e-01,6.524377911720331547e-01,9.046397391796415777e-01,5.122540898107222906e-01,4.152297082105328996e-01,6.682177884362627829e-01,3.136762807437611933e-01,8.745328848128501864e-01,4.500269125686208738e-01,7.752452591646628033e-01,4.026770394231032196e-02,4.547489336784409919e-01
4.262853759504338091e-01,8.179327203331465679e-01,6.045477781861540167e-01,6.306264387845401664e-01,6.290573810082560335e-01,0.000000000000000000e+00,1.581256277490408757e-01,6.220686790721182691e-01,6.580398428054330395e-01,8.699483942039726303e-01,6.257296278464592465e-01,7.914222793816303447e-01,7.261359451555149391e-01,5.576809677579366298e-01,7.907710465312107750e-01,9.400457364261441962e-01,8.608529964715909699e-01,5.647496572899900480e-01,3.397743986736764810e-01,7.784854621549076592e-01,8.354622159766416090e-01,6.241446316013398166e-01,4.666662908480276872e-01,6.393602948852639134e-01,8.073615431626329775e-01,7.340110570523635802e-01,6.709794198163353540e-01,4.128046867619342697e-01,7.302387257375931862e-01,4.772513937321898325e-01,3.245119827424975956e-01,6.613482282065553663e-01,7.923734135189413053e-01,8.238095943687063771e-01,9.973909199839479101e-01,3.239424359367636952e-01,3.701282851387212025e-01,9.303375598690450943e-01,5.722717698189558888e-01,2.986785738065886320e-01,4.291293323571246932e-01,7.266025980941842599e-01,9.675428703577124701e-01,9.147800294833557944e-01,6.018900787620429238e-01,9.192428884386354415e-01,4.629334202907552376e-01,6.449951577778770817e-01,9.547561485958591110e-01,9.348368839032694666e-01,6.901663604148554620e-01,8.930971425633612570e-01,8.266171684988218304e-01,8.517870804244306315e-01,6.210648877035703785e-01,6.423727606933425927e-01,7.313124192485607189e-01,5.618407315954672132e-01,7.744496245747851670e-01,6.833097437657185136e-01,3.851438609272945235e-01,7.641761867271230635e-01,6.964815656501736063e-01,7.276141604169914512e-01,7.479543118907308052e-01,7.022330712049769108e-01,6.147240080421305652e-01,9.970189198915200279e-01,4.493346629988695384e-01,5.606241393299725706e-01,4.215769248931858226e-01,7.769957798124831339e-01,2.541544921971191640e-01,4.643464563665933298e-01,4.096803035011816752e-01,8.503352575149536463e-01,7.841979561117184971e-01,4.107147003934824014e-01,5.308330322784388100e-01,3.794186820353290246e-01,8.158830508818769589e-01,7.350714497081423104e-01,7.414657933916033450e-01,5.297287203900151731e-01,3.746197495396078048e-01
8.592591431854256223e-01,3.458236539446475355e-01,7.215048874643861243e-01,7.732531101031067111e-01,5.041033091001398958e-01,1.581256277490408757e-01,0.000000000000000000e+00,7.957541031333152937e-01,5.884224336554413348e-01,-7.367914375629169843e-03,5.990463649676260882e-01,5.163040336839261890e-01,6.933795095720761692e-01,5.796943630033977168e-01,4.630281007808487170e-01,4.517777144608979278e-01,7.200366316726634075e-01,1.874039221937801591e-01,4.928998408724267200e-01,4.283247146587518817e-01,4.380561157395005401e-01,6.629215472129887932e-01,6.372868282828182407e-01,3.419382299481630305e-01,5.255301188847529836e-01,7.757790914578496233e-01,1.897552814112206110e-01,8.610188455857650247e-01,5.902964389050928684e-01,4.542695608440930344e-01,6.959977702748784134e-01,4.454677616232852744e-01,7.304777103037984887e-01,7.218213701968761997e-01,7.119902943950843222e-01,7.020308776809626172e-01,7.363271648134600555e-01,7.647757938435559844e-01,9.669916571398643468e-01,7.603665881787138314e-01,5.167132075676246217e-01,4.942274535395571045e-01,7.234546640614233359e-01,5.285977148748441934e-01,8.357191833214514531e-01,7.330473230431819864e-01,1.156628668032392560e-01,7.667546600720434036e-01,2.110230279627980654e-01,8.610199468472518047e-01,6.581388582106353358e-01,6.178535392971820084e-01,5.576862792149176462e-01,5.489430132341956980e-01,1.028753666074723738e-01,7.985163296820414480e-01,7.175614038670469208e-01,7.228048988887271209e-01,8.262545624061115035e-01,3.469051832679919123e-01,3.874692769298976325e-01,5.704364648822429773e-01,7.732241884138524313e-01,8.858824330596846153e-01,8.053616214609846669e-01,7.919305437622949917e-01,7.575325028208221845e-01,9.744391729458387053e-01,6.142625035029676273e-01,3.039642997992335061e-01,6.462716016446006240e-01,4.212308734151292144e-01,6.310936425335127442e-01,9.184610359459638440e-01,6.217256433921447556e-01,7.463303549008074578e-01,5.861119498169781172e-01,3.962598523461678957e-01,3.915418953967798599e-01,3.807678952698201336e-01,5.703125743779712264e-01,8.047542464713139942e-01,9.067891514205614900e-01,5.586567120975653999e-01,6.935666598432919105e-01
5.988086051526337883e-01,6.418672530202205184e-01,8.646570989824907683e-01,5.175303534504958058e-01,7.430464576733812887e-01,6.220686790721182691e-01,7.957541031333152937e-01,0.000000000000000000e+00,4.060598492485356648e-01,3.511546772541080941e-01,8.188778942655764448e-01,7.402662524779848319e-01,9.308846443814972060e-01,7.270598772654240927e-01,4.631160224328956798e-01,5.503004811983308597e-01,7.147435112913222977e-01,4.842616013233415062e-01,3.452468357747524585e-01,9.462204805022937926e-01,8.844401797892479378e-01,6.601179058316587467e-01,6.574771511737192986e-01,8.501996158609474996e-01,5.032221607216734727e-01,6.570123370279475905e-01,6.386028469124840345e-01,5.022457718614433686e-01,2.041222302886531448e-01,7.181436134832196450e-01,7.637866801535093675e-01,8.230609965965930419e-01,8.325263360249830491e-01,6.745537293436535409e-01,7.202814205575498452e-01,4.950884611329431362e-01,-1.327885401101038809e-01,5.977835224100311873e-01,5.385441551472056609e-01,4.153993415177206772e-01,6.503569546050580463e-01,4.317128845945187865e-01,7.037670896616324834e-01,7.520953437728199464e-01,7.671384529415465892e-01,1.410844453822027722e-01,5.079911416916892408e-01,6.988635085903396327e-01,5.626970448134314129e-01,3.276336889609885589e-02,3.764224316316679975e-01,6.749555262128410504e-01,8.271783619553173539e-01,4.210472925797404953e-01,8.746942984968145707e-01,6.752922524245160707e-01,4.727618709805525010e-01,4.231846638637167812e-01,8.822139484211543037e-01,4.752176696133671441e-01,4.703930521405061960e-01,5.727214705200687206e-01,7.963912594979101200e-01,9.022036673662537920e-01,8.206471546925455662e-01,6.454090035007556958e-01,1.156234404477005651e-01,8.682941425540917635e-01,6.558244063779214983e-01,6.065337763785123570e-01,6.237547043135428515e-01,4.840898815263060539e-01,-1.417023596197299340e-01,3.734267359417542398e-01,5.664123250600658910e-01,4.909075573413335114e-01,4.692345700168614187e-01,7.353659320769274643e-01,5.163509960997219039e-01,1.189873092774556274e-01,6.532183421093787912e-01,8.867304363134457246e-01,8.813882261385513894e-01,6.814716975654599995e-01,7.982352397302390212e-01
9.027958668230188222e-01,7.433926045677491379e-01,8.788430490072455248e-01,4.365609978999251406e-01,7.950888769930479771e-01,6.580398428054330395e-01,5.884224336554413348e-01,4.060598492485356648e-01,0.000000000000000000e+00,6.986305069920946131e-01,5.220927258798604420e-01,6.209400458973878267e-01,8.546338381818123775e-01,6.998999768201277227e-01,6.363865859504034272e-01,7.196064201662875082e-01,6.465466578969433220e-01,8.427894994276339258e-01,8.713619065581381662e-01,5.314401092621556799e-01,7.683230520842665445e-01,8.982349845697775725e-01,6.362082912077867691e-01,5.249065440082172351e-01,3.401158528266665648e-01,8.525689554753624888e-01,9.955503406370216357e-01,6.641982863838018503e-01,3.928017845375826322e-01,1.043147893040656804e-01,1.143254666060248836e-01,7.623662531403527787e-01,4.224183279398525670e-01,7.661594688605452008e-01,8.115967489409865454e-01,5.992625308939161233e-01,2.104681696363446541e-01,6.051269793240909856e-01,2.238241410323245639e-01,8.832913932722639139e-01,5.939683535965742944e-01,7.749638203790990554e-01,7.186298400108570572e-01,9.321895470288149577e-01,8.835342698856640808e-01,1.830414421022053817e-01,9.515773864871022170e-01,8.946538477917626020e-01,7.857779681251830795e-01,7.456507202181268390e-01,7.268038474133295956e-01,6.607068071566987166e-01,3.318271399437636715e-01,8.652102096223577288e-01,5.353600985367358289e-01,5.755414103274170134e-01,4.204351870653251222e-01,9.601363023815995268e-01,9.393796522794692905e-01,7.875844580173788634e-01,5.263012090320978720e-01,9.757940135792478875e-01,8.535765543874077599e-01,4.915907211605103910e-01,7.919452160828375220e-01,8.202896990437699154e-01,6.125142784358393877e-01,6.149984810414538261e-01,-1.063824790232165557e-01,1.164544676155411934e-01,7.620408026233956855e-01,6.654444689227219101e-01,5.036159638822098605e-01,-2.940394601119306062e-03,2.351496273826606531e-01,8.617859932533009637e-01,9.105133740671049747e-01,7.139793432093994863e-01,4.488982432167795689e-01,1.599359203264119067e-01,4.519763543735850209e-01,8.234315004407676275e-01,8.705676433259856850e-01,7.634465066387920995e-01,2.259238366708780088e-01
6.550422473253251221e-01,9.750840627524994808e-01,8.855185663090668902e-01,6.907579859884693807e-01,9.255766993189679104e-01,8.699483942039726303e-01,-7.367914375629169843e-03,3.511546772541080941e-01,6.986305069920946131e-01,0.000000000000000000e+00,8.325786517278315202e-01,2.182407715620309774e-01,6.415240614561867893e-01,8.834121649125311615e-01,9.027366781182646349e-01,9.365848520459770787e-01,9.464089520248457621e-01,7.397924460778183553e-01,8.924018064602022848e-01,9.229876995094750125e-01,7.041225267387394293e-01,5.366711479104434579e-01,6.996866980243169332e-01,9.104841848182236852e-01,7.608073236823916785e-01,6.169416529869811150e-01,6.263722932021884571e-01,7.704434651735991846e-01,1.462468616483071082e-01,3.747817208811033973e-01,3.651592975677825370e-01,6.446297681169051996e-01,6.480755165457330325e-01,8.966016689099962633e-01,7.369244243982377984e-01,-1.423190540235098611e-01,7.318158216333020549e-01,7.396735123968888326e-01,9.337546781855027289e-01,6.909964974366408219e-01,5.528075205542700710e-01,6.298766733426743869e-01,6.885977524527245874e-01,6.309529049103431708e-01,9.032308424364132726e-01,7.215881805406080263e-01,7.976071585102261219e-01,7.335618476855156889e-01,6.706464453144705962e-01,6.567253256146303730e-01,9.521824900730906371e-01,8.809608225765311884e-01,9.407044322353504961e-01,7.422493786695477658e-01,6.115734069508268478e-01,4.950922065661685911e-01,5.206565641003162437e-01,8.697977092165095625e-01,7.236085429211086550e-01,5.953703476572812514e-01,3.855121888122992058e-02,6.307736620053512322e-01,7.767203605180167392e-01,8.622722770935076220e-01,6.829485632725633693e-01,4.505791336070819608e-01,6.738102367655095515e-01,9.407250417473075332e-01,6.156184031892535380e-01,5.827691173016461557e-01,7.649528081407761526e-01,7.352706871288957613e-01,6.925604209634594888e-01,2.501398110440338218e-01,7.281373345263321140e-01,8.619103502907408121e-01,3.066739029368531488e-01,8.688754034834037521e-01,1.745637607498867205e-01,5.916443728830487192e-01,5.600925109571073257e-01,8.520214861733683698e-01,7.832157561421547731e-01,2.931003173828880537e-01,5.045281743770084759e-01
4.679849319859495926e-01,8.644277489058491692e-01,3.801802705365320278e-01,9.975799031840892894e-01,6.241264787362306166e-01,6.257296278464592465e-01,5.990463649676260882e-01,8.188778942655764448e-01,5.220927258798604420e-01,8.325786517278315202e-01,0.000000000000000000e+00,4.416698030585602952e-01,6.344806219651704104e-01,8.441632123588201919e-01,2.357175196164311148e-01,6.447388158627879173e-01,7.355660835886241866e-01,5.643404335360566737e-01,8.780313011145425284e-01,6.626425496094299206e-01,8.351972739610081797e-01,5.438876524222236997e-01,9.730087057466966227e-01,3.960019319967381102e-01,4.335150772175138112e-01,8.124728972189350085e-01,7.054666209539210975e-01,8.261224365989473517e-01,2.162041902588877351e-01,4.319901241195045483e-01,2.108152487746650866e-04,8.707530143771706754e-01,7.460863012147946893e-01,8.599815080869558370e-01,7.584138953525636495e-01,5.563177146870363909e-01,3.515734941457540619e-01,7.971422263325190771e-01,9.441782130152583941e-01,8.702532783300649388e-01,2.784289862779383284e-01,8.909068445485108789e-01,8.044979550071440499e-01,8.456041785719664583e-01,9.831454828593173545e-01,9.219365061058099053e-01,9.676147351435766542e-01,8.249006094503787967e-01,1.609885848804772368e-01,5.546976922780105790e-01,6.233445356433394702e-01,8.500485405726010413e-01,6.750271843282377171e-01,7.227871337655010775e-01,6.200373745289976535e-01,5.495530619599534594e-01,5.147343161548573187e-01,6.718835956292876777e-01,2.120209927237759195e-01,6.104141193357325301e-01,5.991009641694050591e-01,5.891351241326886479e-01,7.964335161927619255e-01,7.364505318928250555e-01,4.137495157823241620e-01,7.103659764806343757e-01,9.693108288185795507e-01,7.387039853850176918e-01,4.068302467554351654e-01,6.948719698428753588e-01,8.859155765520276837e-01,2.656805985906769974e-01,7.280855374284650461e-01,7.195754391878614875e-01,6.821319058179857731e-01,9.080409551730002082e-01,2.554108294321653649e-01,5.678942762342025219e-01,2.378066828330276453e-02,3.942256478337726744e-01,4.669952206471563172e-01,8.165967706049289676e-01,6.175859253559951023e-01,6.049418620803225233e-01,9.160094388344173222e-01
9.043620552141421465e-01,4.441117992207093690e-01,6.688059175056644268e-01,4.467793232351042199e-01,8.441683825730976753e-01,7.914222793816303447e-01,5.163040336839261890e-01,7.402662524779848319e-01,6.209400458973878267e-01,2.182407715620309774e-01,4.416698030585602952e-01,0.000000000000000000e+00,7.473325306659388545e-01,8.645909787821742798e-01,6.525572696496931835e-01,7.792273269836568206e-01,7.581943994220672334e-01,4.072437688341316031e-01,7.309715186352314653e-01,8.609169335629438535e-01,4.430744400433285213e-01,7.552417138160461008e-01,7.179198576891364647e-01,9.022073596273916252e-01,5.946149583066993038e-01,7.208393559894757940e-01,7.511881740183323775e-01,8.133901145461104321e-01,5.353998470348636518e-01,1.551658886610572385e-01,7.327868832381606579e-01,5.229450006625401270e-01,9.027732311177288915e-01,8.537668390293997600e-01,8.043170679677421608e-01,7.003121465459780648e-01,3.045324697510898293e-01,7.134450547038946322e-01,9.963150206857215307e-01,6.555549837086523945e-01,1.958276311009906345e-01,5.013070516003437227e-01,8.713873598683038457e-01,8.726672913829178757e-01,8.531382417761069759e-01,9.365012019426207646e-01,4.585059779169832206e-01,6.175755497683378392e-01,5.146679302701711034e-01,1.688069117764791627e-01,6.628073511888010749e-01,-3.410637964434873326e-02,9.517074089685094718e-01,7.677855728845559558e-01,8.644759453027182072e-01,9.675420467226306664e-01,6.475071841772841452e-01,6.455200528238381752e-01,9.105383778036372222e-01,6.903320555490248811e-01,2.191086481970281330e-01,5.860837947024610806e-01,4.374118578221831699e-01,9.509640168833474183e-01,6.179562047069918629e-01,4.887765398055375354e-01,9.738188522256000512e-01,9.168626833656561281e-01,5.609640138730888070e-01,5.513575833307803320e-01,7.845153948211882611e-01,8.427294304634548316e-01,5.329947964459882392e-01,4.592233502402728873e-01,4.904875424113145921e-01,7.718063014996924265e-01,6.862362708934320876e-01,4.552796383023985927e-01,2.068704556744178913e-01,6.429447332086610789e-01,6.282408407163752040e-01,8.690093239502032496e-01,8.882598811193859190e-01,7.770189019646386308e-01,9.238861960849759081e-01
5.144928657973653063e-01,9.384592487450917897e-01,7.204330198360754389e-01,9.814317259294249585e-01,9.982806108503858855e-01,7.261359451555149391e-01,6.933795095720761692e-01,9.308846443814972060e-01,8.546338381818123775e-01,6.415240614561867893e-01,6.344806219651704104e-01,7.473325306659388545e-01,0.000000000000000000e+00,8.854185039257687073e-01,9.642437544076871703e-01,6.324072032930396770e-01,8.805526707754903759e-01,9.474930892686694861e-01,4.730355598792774785e-01,8.321604094506459548e-01,1.683753179182527759e-01,9.261326670735646749e-01,9.524780335058878888e-01,8.955121409391564313e-01,6.161019426458002046e-01,7.371385010115359959e-01,6.371774493057997812e-01,9.657956171233814668e-01,9.370787128924360498e-01,7.694756503700582728e-01,5.000812602392401551e-01,7.954205405473313562e-01,7.739000897399126444e-01,6.135295728994288877e-01,9.531498341923453355e-01,4.660948514862918168e-01,3.510211431949057381e-01,9.055600771942297067e-01,-1.992444549707379498e-01,9.667956360151988005e-01,5.690860081364670364e-01,8.475809397946503232e-01,9.194611326079438207e-01,6.207656808062865794e-01,7.973726395349397533e-01,9.754295800626155977e-01,8.726636725032326236e-01,1.593269364438651137e-01,8.049983923807485509e-01,8.249261790942030714e-01,9.999297799171356083e-01,6.183702313459056299e-01,5.154221061660029246e-01,6.226326875316215981e-01,6.067877223550753873e-01,8.588842530495992555e-01,7.961724370620079094e-01,9.808846431872547678e-01,6.618574983466299910e-01,4.894113471494637713e-01,5.864155748040037475e-01,3.640649940558050579e-01,5.755987833053883840e-01,7.404434313863482719e-01,8.601520220779729220e-01,8.566070328809090029e-01,6.673648855735453411e-01,8.247582894313416624e-01,5.825910220078218960e-02,7.230858037309513264e-01,8.494120721957464371e-01,7.233186607633940168e-01,7.385855363014659503e-01,7.207750250135745995e-01,8.192700172597449093e-01,8.990287332377385754e-01,6.119730055987906425e-01,6.853045038451661686e-01,1.780086904747456567e-01,3.145225007719899546e-01,2.800859795626021720e-01,8.029470316216043013e-01,5.999940272757491311e-01,6.316648395113859671e-01,6.000653835350321375e-01
8.293878386485630250e-01,9.280605636360187427e-01,9.018114127682927972e-01,7.378633019428044726e-01,7.712096846001128547e-01,5.576809677579366298e-01,5.796943630033977168e-01,7.270598772654240927e-01,6.998999768201277227e-01,8.834121649125311615e-01,8.441632123588201919e-01,8.645909787821742798e-01,8.854185039257687073e-01,0.000000000000000000e+00,6.435471111254873477e-01,7.394831041441313202e-01,8.677160961167426079e-01,4.842120866758892750e-01,6.748387302242010444e-01,9.136356942091077293e-01,6.396343192049662729e-01,6.368990392375747378e-01,4.879996041260522555e-01,6.632981537746768241e-01,6.480744075816978755e-01,8.665233997893329043e-01,8.849906026772880185e-01,8.650407046394659183e-01,4.105277130827029719e-01,4.671752723105697669e-01,7.522831131380738334e-01,9.233858819656259875e-02,7.305095510908317102e-01,6.718150142005547831e-01,4.086895334499231480e-01,4.519359519908325296e-01,2.540110059333240689e-02,5.131146812154186998e-01,8.388265654998134924e-01,6.154873998323131534e-01,3.619336827804928158e-01,9.570975725938487555e-01,8.122026903726526914e-01,9.189210291078365733e-01,4.519479437433052138e-01,8.006312097600239985e-01,7.742355690802182888e-01,9.100286850180974163e-01,7.488142949218290489e-01,6.606309865290200811e-01,8.320395957222520567e-01,5.215728584505673338e-01,5.644011740278916944e-01,6.955807717758477615e-01,9.070765315796524009e-01,6.465827193348383517e-01,8.429177039046066300e-01,8.623356547532696759e-01,4.312726274765388279e-01,5.782664567691671031e-01,1.336584371507874291e-01,9.656366975619079529e-01,9.131974982178893141e-01,5.103089390617266963e-01,9.153297137880235246e-01,6.732614659037745586e-01,5.252229242489572236e-01,7.830360372560696280e-01,6.899056617857778351e-01,8.874199431516477388e-01,6.333704685303519488e-01,9.010277383745928237e-01,7.982819112601773348e-01,2.891767258208944869e-01,4.277472429969388368e-01,4.272801347418102580e-01,2.148253835533055489e-01,4.247087189819888642e-01,4.736944008029778663e-01,2.066663622854243432e-01,6.119754669159610527e-01,8.545315733712857131e-01,8.399071448110709825e-01,3.728683864961805927e-01,6.418918407091711575e-01
9.027305117509155652e-01,7.184895818367648124e-01,5.575362692651386620e-01,8.122707426245121543e-01,6.813000710157248729e-01,7.907710465312107750e-01,4.630281007808487170e-01,4.631160224328956798e-01,6.363865859504034272e-01,9.027366781182646349e-01,2.357175196164311148e-01,6.525572696496931835e-01,9.642437544076871703e-01,6.435471111254873477e-01,0.000000000000000000e+00,5.672477408096590068e-01,7.775109369869599441e-01,6.808628936127234521e-01,4.312028878110256702e-01,7.854364243303699755e-01,4.505036694797397989e-01,6.153497669713932083e-01,7.614209415874653164e-01,6.740285934921027566e-01,4.893293502240818604e-01,6.758958137578351399e-01,6.138412108949145018e-01,9.346304537331018292e-01,6.298665488830881842e-02,4.921016621480240327e-01,6.438921324673331226e-01,7.767010514194516713e-01,4.854686838905333257e-01,8.546469152403362024e-01,6.737726487109865214e-01,4.980226489127134171e-01,3.687579972255685679e-01,8.048234463179892995e-01,1.662105418531547585e-01,9.984908272814151386e-01,4.970800100141218314e-01,7.607489729047555160e-01,9.839288227475678772e-01,5.665410580784424610e-01,8.816051961693530670e-01,5.993727694916251014e-01,9.443167932676754805e-01,6.903397017342606246e-01,6.470553490396296903e-01,7.298512280145248443e-01,4.015285730888521476e-01,8.377247416828380588e-01,7.315391104894533036e-01,7.272655030053267744e-01,9.603757454347976452e-01,8.431674071899288858e-01,7.152850291117848203e-01,6.090622213664463880e-01,9.692036696390808892e-01,6.394553439031740449e-01,8.678615622666185914e-01,9.366046648940653530e-01,7.457837047408955033e-01,7.467396941533560595e-01,8.992409819904445545e-01,4.317670144280165712e-01,8.329988610450056452e-01,4.002041592977994555e-01,7.886016933448011246e-01,7.249397863456902291e-01,7.940707041244613462e-01,8.935375514394978680e-01,7.930926947581165010e-01,5.863340776458565440e-01,9.104269709292791557e-01,5.011516500713099065e-01,8.877179123093100754e-01,7.101209653536324495e-01,2.209328976428066582e-01,7.583054271366571619e-01,9.528957112058444867e-01,5.468026736541351518e-01,8.004427378016645278e-01,6.084045779860831615e-01,2.935257460713484035e-01
9.130017999808205387e-01,5.186740481491846078e-01,5.905854961009185944e-01,7.770810824116282101e-01,4.368871488327178976e-01,9.400457364261441962e-01,4.517777144608979278e-01,5.503004811983308597e-01,7.196064201662875082e-01,9.365848520459770787e-01,6.447388158627879173e-01,7.792273269836568206e-01,6.324072032930396770e-01,7.394831041441313202e-01,5.672477408096590068e-01,0.000000000000000000e+00,2.469331699731155960e-01,9.296852687046013308e-01,5.141826611871381791e-01,9.352390898379340234e-01,9.827149576603302350e-01,-2.883689357634638406e-01,8.952872687040072108e-01,7.227119321235292437e-01,9.115148282810422442e-01,5.740036252697000574e-01,8.919361327544048645e-01,7.836073129439654616e-01,1.760999046800258427e-01,5.496878102844189318e-01,2.258859309702452300e-01,2.410744484811132571e-01,7.770914228230054732e-01,4.459080428208823110e-01,6.231061841978673410e-01,8.005171087729461288e-01,4.588867396864821924e-01,4.480931798241240549e-01,9.678343864133704955e-01,8.199187529635433291e-01,1.177849763520010251e-01,3.665087686945995848e-01,5.107662533163456198e-01,4.602538356154658450e-01,8.364269204395881063e-01,7.911788081413928531e-01,8.671964253733646100e-01,4.717287803171983929e-01,6.727040430103350399e-01,3.450043479543003500e-01,4.743693397171007131e-01,7.898902755451447932e-02,2.282623651228643524e-02,7.791647273553961028e-01,5.599992201168882966e-01,8.880823730458455856e-01,5.719270819011431639e-01,2.504672800822501655e-01,6.633000057657763016e-01,7.505621374773755461e-01,-1.781678722127345293e-01,9.971419463641314485e-01,7.883903993689154177e-01,9.948138027778410386e-01,8.616500050720294901e-01,6.657155388538520402e-01,1.703492106416424345e-01,7.743586814128365914e-01,7.428573394157949039e-01,8.048883187529815020e-01,5.169070725974771879e-02,5.923851823692259932e-01,4.612252005806714017e-01,8.536787567437323365e-02,6.788850574977265406e-01,2.819448020514297992e-01,6.436326769172140416e-01,6.070359633146786837e-01,5.695773888740257584e-01,-1.255904243485936878e-01,8.798402020481598251e-01,6.227665317476730467e-01,6.114681623750786166e-01,8.112490387810151748e-01,8.608585671740400791e-01
8.091723479106995853e-01,2.609042914719141848e-01,-9.067914893144712885e-02,8.058286666833469614e-01,9.810115213385237620e-01,8.608529964715909699e-01,7.200366316726634075e-01,7.147435112913222977e-01,6.465466578969433220e-01,9.464089520248457621e-01,7.355660835886241866e-01,7.581943994220672334e-01,8.805526707754903759e-01,8.677160961167426079e-01,7.775109369869599441e-01,2.469331699731155960e-01,0.000000000000000000e+00,9.244209949384071257e-01,6.899004411562928984e-01,3.591929247371269951e-01,6.704096273681834361e-01,7.369451784346109369e-01,8.524257985305339069e-01,9.276516737852533723e-01,6.135443322648210795e-01,6.857015909506760654e-01,5.389424314263393523e-01,7.574888077130683683e-01,5.883290429818961442e-01,4.593362827320462971e-01,5.413106487256057475e-01,6.220714980929591409e-01,9.739056244091405246e-01,2.266500345973944119e-01,6.256132536984636561e-01,6.139202614225047760e-01,5.790816170497946613e-01,8.169721667299764123e-01,8.149138723051224664e-01,6.113245663126128937e-01,3.867063971441039305e-01,6.502146425628265725e-01,9.594129689860958488e-01,9.759971643038815037e-01,7.701034239030428719e-01,6.667956182151369982e-01,6.591781048791898190e-01,2.441368852649091481e-01,7.820542894706203896e-01,8.050252542493365748e-01,4.714708171065973286e-01,9.985120612853839450e-01,6.255645879297579981e-01,6.779667867065313214e-01,6.046473779158821893e-01,4.091611469276074109e-01,9.599057887608812845e-01,3.145607861507804248e-01,5.681683541870719001e-01,4.600113711240251257e-01,5.981208267906191756e-01,8.911408585417522898e-01,6.369796039813587774e-01,9.421659132220112642e-01,7.661785807720816743e-01,8.934106883636234731e-01,8.097627533251000598e-01,6.888472916956953629e-01,9.247239138429600436e-01,6.628258589917532806e-01,7.046027255319256000e-01,6.201383219673282099e-01,7.486063115264787182e-01,2.048088251796975345e-01,7.836243935869641186e-01,8.882051748299777394e-01,6.476788282810610475e-01,9.853953370512886778e-01,8.520177102049951712e-01,5.740111972419682101e-03,9.990011536462841679e-01,5.384040809447825371e-01,4.348260946433780139e-01,1.925069936221308620e-01,8.500456101137199294e-01
7.887196336964794607e-01,9.330896503048580204e-01,9.812904024834931960e-01,6.959787664266515739e-01,8.237713589131849812e-01,5.647496572899900480e-01,1.874039221937801591e-01,4.842616013233415062e-01,8.427894994276339258e-01,7.397924460778183553e-01,5.643404335360566737e-01,4.072437688341316031e-01,9.474930892686694861e-01,4.842120866758892750e-01,6.808628936127234521e-01,9.296852687046013308e-01,9.244209949384071257e-01,0.000000000000000000e+00,7.072639528355352256e-01,8.624021466110302070e-01,6.139225063586676301e-01,6.003505102745898547e-01,4.242220490019782964e-01,9.880002838076852312e-01,2.042335877547134249e-01,6.553992757473787734e-01,9.111705717171391106e-01,8.302062751238472593e-01,7.034092807049066032e-01,7.660136228872195252e-01,5.266270882968027145e-01,9.118126655093301558e-01,9.356984943494039975e-01,6.496721470697994771e-01,7.325976629298504017e-01,-3.870053433690854860e-01,-1.427243628091013905e-01,6.196426093423833548e-01,9.757697389476134298e-01,6.213416058539046327e-01,3.037899646765088169e-01,9.680657075866244687e-01,9.131185972319890709e-01,9.720020681088182846e-01,8.896337478888544092e-01,2.690080270420804331e-01,8.754902558321997486e-01,2.703309063611603613e-01,6.013506188637809391e-01,6.299832892190929678e-01,5.709959867435742131e-01,7.788043491649776495e-01,2.134916442324684138e-01,9.642768290805274756e-01,8.026602197234813385e-01,6.749796281211970506e-01,7.700644642726474087e-01,7.600873097857228089e-01,5.806076722403685775e-01,8.189612627264668543e-01,5.788927340485645612e-01,1.872853447234035240e-02,6.195737178838638393e-01,6.168033467217735044e-01,6.544913373948639812e-01,5.376511032194573048e-01,2.867445416048590781e-02,5.735665027543039862e-01,9.518669369001542258e-01,8.675907141150799307e-01,8.795688867248446785e-01,7.259496357651029630e-01,8.845868891116448474e-01,9.231458950464024871e-02,6.615169548060608751e-01,4.876992331707859507e-01,7.703917119760901322e-01,6.587295511172969187e-01,2.152116221222175052e-01,2.532222185030766903e-01,7.761330538792952094e-01,7.652626427516867613e-01,7.885079544818889286e-01,7.277369791950284439e-01,6.536100161331390712e-01
