0.000000000000000000e+00,3.266969039495716820e-01,8.646969178195538230e-01,9.237734963068431338e-01,7.938992302797295286e-01,7.315397191881503058e-01,6.636889217534985841e-01,2.191589693844026576e-01,9.356685331437837316e-01,9.826666359321433175e-01,7.609815965271087279e-01,7.744157311012331846e-01,8.922487963739887951e-01,8.946284084384739099e-01,9.987619157011513593e-01,6.438451784500571762e-01,9.668188767220446955e-01,1.930290552460199593e-01,7.160512574043780276e-01,9.233613454097271411e-01,8.373140319107426066e-01,9.151379105073222942e-01,7.113226656537523507e-01,7.264081505090235202e-01,5.281348487815430426e-01,8.665189650008724431e-01,8.528306481571547026e-01,8.444782671146932040e-01,7.320919913093006937e-01,4.185332685971505651e-01,7.683201398501322554e-01,5.720319156244264569e-01,9.026596298974611798e-01,6.825169029673702203e-01,6.170304540049748043e-01,-1.667006165595363298e-01,2.715833435924717154e-01,2.740741395915495815e-01,8.248722404004931175e-01,8.543548141802819185e-01,3.625037488942670083e-01,9.274967010076662355e-01,8.293992967148059448e-01,8.086374536768060617e-01,8.913761133909535728e-01,9.672442377051387874e-01,8.622827128479498837e-01,4.942797692333169568e-01,8.324629032887355118e-01,9.227910120071908251e-01,6.393263350661606559e-01,6.977816160883224539e-01,9.533518642660470110e-01,8.947673319706470618e-01,4.474594687592329256e-01,9.488303400196342885e-01,9.455499522692728531e-01,9.147530051815663255e-01,7.358910379021927906e-01,2.357133032010270690e-01,4.938462204909374043e-01,7.603791259228235289e-01,6.170934379348255172e-01,9.500504329436580964e-01,8.723236997124508285e-01,8.796531457611312943e-01,9.107373128948261787e-01,7.245956620295633810e-01,7.156396398698439132e-01,8.498696962450291714e-01,8.968892662638476843e-01,8.513074232773281125e-01,-1.537581536573068841e-01,4.055522587118119970e-01,7.258367851531136727e-01,3.068076791277890014e-01,9.117855821388016757e-01,9.747430602147871825e-01,2.638209254671465276e-01,2.964167446796346916e-01,8.511867340322702979e-01,7.437959223997976377e-01,8.733932527170795712e-01,4.160453435817914603e-01,5.255309735702333729e-01
3.266969039495716820e-01,0.000000000000000000e+00,9.022936996924910691e-01,8.073138469578773346e-01,7.254193368038502898e-01,8.731512288081167972e-01,6.089946982197649294e-01,5.439289097387705052e-01,2.206792693559078977e-01,6.440115947014233289e-01,5.786757240423138215e-01,8.877226765402568276e-01,6.506488989688420377e-01,4.373648185193952931e-01,4.420822603067256495e-01,7.820758812295454110e-01,5.132505842122357942e-01,3.515507687984823493e-01,6.590450223997649237e-01,6.446828731787433986e-01,7.212036670638388713e-01,7.617717885233847852e-01,6.946674299166810673e-01,9.151328338038912102e-01,5.196899790869287106e-01,8.998445107819319499e-01,8.295098995733924951e-01,7.557681744519983980e-01,6.730957015285360390e-01,2.834893909323482619e-01,2.990638376333458193e-01,9.396234041643927171e-01,8.494431090652422300e-01,8.456837072296986557e-01,5.231067146414076774e-01,3.603347533151028959e-01,3.456750304723501532e-01,4.602408014374101408e-01,9.508072475045979965e-01,8.051569471697787028e-01,7.259746378950983070e-01,5.132295167333009722e-01,8.229849775585293958e-01,9.170289341189253873e-01,5.727727691944424215e-01,7.738488640036071953e-01,7.920986294527181393e-01,9.455358185806204130e-01,8.347569393034347529e-01,6.415911883498132129e-01,6.789980514787370414e-01,4.467717310711128986e-01,2.126995188758210864e-01,4.214633597020827072e-01,9.398848713364038598e-01,5.353387325175597011e-01,7.339967122752821815e-01,9.832651185629518453e-01,5.068367469804634373e-01,1.466618215871516029e-01,4.517187348097770894e-01,8.616924808067346619e-01,5.952363933796209761e-01,4.305514679622143848e-01,9.306662411948658509e-01,7.892103814872629686e-01,9.265548772376109854e-01,2.658902508909704032e-01,7.437337801154252359e-01,8.198861965755123160e-01,8.353252477262393949e-01,9.308078854903050203e-01,5.147508699724975267e-01,4.837487374684564245e-01,5.805527026961637693e-01,8.729817645636746004e-01,7.707885068881958901e-01,5.861915072964598572e-01,5.610621326950873122e-01,3.827183934498762929e-01,7.082875182877452769e-01,4.466011514628813184e-01,8.256488996432431726e-01,7.627192361843513346e-01,7.204424422611542811e-01
8.646969178195538230e-01,9.022936996924910691e-01,0.000000000000000000e+00,9.105346688587581117e-01,6.342633458553181836e-01,7.063799621348829660e-01,9.706436147402599524e-01,6.384625591825078272e-01,6.726177190556469343e-01,9.597934332630593257e-01,6.445302445054346130e-01,6.671757792360653028e-01,4.694337755686182057e-01,8.556248568888503714e-01,8.607349265991187659e-01,8.125440856673482592e-01,8.950782618873146523e-01,4.831388605647499723e-01,9.379186546026063720e-01,9.578495296593638741e-01,9.098796259035907275e-01,6.558437328713951908e-01,9.236463497625566621e-01,6.790917582936358832e-01,8.166496532144077447e-01,7.017370775184924581e-01,9.606978260238333567e-01,9.904711768157886675e-01,2.894202973820568792e-01,4.095911199066066821e-01,7.112477303583952803e-01,9.310402658165033429e-01,5.591048033082736124e-01,8.734597453370990250e-01,6.019305180214536977e-01,4.439276369796578137e-01,2.306732510134744674e-01,8.589516204593616866e-01,8.475784150962234476e-01,5.244616532783048513e-01,3.865883776818349049e-01,9.162367889946709809e-01,8.309424391146947864e-01,6.078727732474682455e-01,8.920780878675430570e-01,6.576329346678517762e-01,8.674956088815255484e-01,9.403183304542882537e-01,7.078724437502150746e-01,6.861462545083433229e-01,8.840979331665100860e-01,7.789942474433971809e-01,9.358993604534229238e-01,7.452291799096136815e-01,5.059386187871801610e-01,8.074132069662025568e-01,8.620428421532331242e-01,8.448698189704955119e-01,5.974085342377948304e-01,8.310853689470166783e-01,6.988940610921634544e-01,7.140549793131097944e-01,8.778337347949795033e-01,8.919268803260904654e-01,8.922348826468671223e-01,6.648812815078226635e-01,4.127962432191735753e-01,6.268844897392106263e-01,9.500855894763398091e-01,4.915519947999976158e-01,9.599846607321496084e-01,4.089476117922205001e-01,5.339375903058369843e-01,5.298992737519733209e-01,7.829029872004944490e-01,1.817392491567954294e-01,8.925253863340680827e-01,9.989311392550083157e-01,5.116027158406620812e-01,6.814497226748822412e-01,6.824907773409770728e-01,8.948014666351873370e-01,8.860363152813418575e-01,6.096117510407872420e-01,8.586502026000794041e-01
9.237734963068431338e-01,8.073138469578773346e-01,9.105346688587581117e-01,0.000000000000000000e+00,6.636418674805751872e-01,2.293230025464369493e-01,-1.500866453567394898e-01,5.324954212768644862e-02,8.755590985209715793e-01,8.786584861564341598e-01,7.663751400291620719e-01,8.758030158125608144e-01,6.361364939973752630e-01,9.518139227136360736e-01,4.407533025412911365e-01,8.105044813548772931e-01,8.893128897877816685e-02,8.490116841811778947e-01,9.720030038311743281e-01,7.889641717004862720e-01,7.043492897887246862e-01,6.874353046352486007e-01,8.983613633444622604e-01,9.853595414568856459e-01,2.426583209207668346e-01,5.245351649908343017e-01,2.360788261926736187e-01,7.097007234011101229e-01,9.411433667792474811e-01,5.650490544104633805e-01,2.149799309890470245e-01,3.472977182971206389e-01,8.033142726728668137e-01,7.605013604623321877e-01,7.794094716992020500e-01,2.693900803651753662e-01,2.910806477767168277e-01,4.879966782100376710e-01,6.065653951205652872e-01,9.216015748840119537e-01,4.263111404135052074e-01,9.777584191346994080e-01,6.868555873012555102e-01,8.455490133393488428e-01,8.199836041107658735e-01,9.618247518484114300e-01,4.795511528889404573e-01,7.369202151136070578e-01,6.793541733735628529e-01,2.420898311014590687e-01,7.007442362556266513e-01,6.582008282871515403e-01,6.400198470241534876e-01,8.686609304623857941e-01,9.579157436208132204e-01,5.135418340743412857e-01,8.383835904582899179e-01,7.173593675154734672e-01,8.018059435961747416e-01,7.679337117050903938e-01,4.782333459063823899e-01,7.940455771961165699e-01,8.121628950498146482e-01,9.510709405419919271e-01,9.733870342625693395e-01,9.951735451290650847e-01,9.977822261378669344e-01,4.075886446460289525e-01,6.219926218913904847e-01,6.142572131987169559e-01,9.037248567040897518e-01,4.312847651703222707e-01,5.011096836720190240e-01,8.623602842196927964e-01,7.803585562555062083e-01,7.555048674000934827e-01,2.270493697672962830e-01,6.615290688512227568e-01,4.592435076938297667e-01,2.691172978849010744e-01,5.901924390428938683e-01,9.150397711666916623e-01,8.632359026142857328e-01,3.580434112499293331e-01,9.358860465470479895e-01
7.938992302797295286e-01,7.254193368038502898e-01,6.342633458553181836e-01,6.636418674805751872e-01,0.000000000000000000e+00,4.896682287479054985e-01,9.083830289104828370e-01,9.091472365303906455e-01,4.630160373539643492e-01,9.909831298598128502e-01,3.214343108352532563e-01,9.496149264033724169e-01,6.702636735549868385e-01,7.155746371257762917e-01,2.880279018611969222e-01,9.274683407830149884e-01,7.837195639608043329e-01,6.878111925737745436e-01,3.712774502688107603e-01,9.831344420780299131e-01,7.666095139691330163e-01,6.529502333095281719e-01,6.090002559995517650e-01,9.459640201492592881e-01,7.767365883039116792e-01,8.179568728494361896e-01,9.859074292547844731e-01,9.096507385656023015e-01,6.252938010276793968e-01,2.794842100875239987e-01,2.535551989345111723e-01,5.077608169772319657e-01,9.673529782134515642e-01,8.458689314434074680e-01,8.512684519277748940e-01,7.711575669628898400e-01,1.325727277291173511e-01,8.198445243177802100e-01,6.465330263613603412e-01,4.938069544076526540e-01,2.748524938252924210e-01,5.555624722457290776e-01,3.383045922016003071e-01,9.166889808712330723e-01,6.513736193893753246e-01,4.863477575358703953e-01,9.058326660321827095e-01,8.267849029799290150e-01,7.072447939945042394e-01,3.491494247850774335e-01,7.277702048383318800e-01,7.850513860867630589e-01,5.087634231799612605e-01,-6.566239396902265324e-02,9.076765777883908370e-01,4.900474712884519413e-01,4.010414246867110566e-01,7.128687056976387160e-01,5.167032532962955171e-01,2.330009504260256159e-01,7.628406846239541572e-01,5.977548851198565272e-01,8.295232538657740795e-01,7.333847867453389124e-01,8.764695123595581672e-01,7.525019134144264044e-01,8.917452087836847952e-01,9.354105631342839455e-01,8.151309886399178417e-01,6.312572320438060158e-01,7.320424710986550565e-01,4.312964545498077507e-01,7.026584518764851239e-01,6.163714649104311549e-01,6.995857181886525611e-01,8.604115576712945135e-01,8.098794473856946174e-01,6.588586570601833170e-01,6.261650612981718433e-01,3.440078586745463074e-01,4.322956735191483268e-01,9.560243070877203486e-01,9.619191190307317951e-01,2.430227830128824096e-01,9.866088366019430955e-01
7.315397191881503058e-01,8.731512288081167972e-01,7.063799621348829660e-01,2.293230025464369493e-01,4.896682287479054985e-01,0.000000000000000000e+00,4.853942853548052216e-01,7.642498590095052613e-01,7.466959366557304190e-01,8.015674231513594261e-01,9.440614684037015314e-01,7.577533690923548004e-01,6.060385348366621461e-01,8.238071812093157309e-01,3.778233122197481308e-01,6.995128199581758244e-01,8.330940592972482239e-01,9.716699286891660181e-01,6.988373260975251355e-01,9.000463286800395313e-01,6.315763028434387971e-01,7.778505844026610827e-01,2.168127069288503239e-01,8.596024214023604282e-01,8.898296656756604639e-01,4.108460108056709026e-01,9.221909433952998336e-01,4.069020995555238662e-01,2.332867987326096570e-01,4.940181644918787418e-01,7.893040976667309305e-01,8.696864638748612597e-01,7.262385838645706304e-01,8.243982891361649745e-01,6.421879107034429435e-01,4.755467950784679765e-01,3.377484452724099917e-01,7.103908251112213135e-01,2.239501403953690073e-01,6.340432718120457833e-01,2.065386922542509218e-01,6.713812236470568795e-01,6.060465982330223156e-01,8.166826710251293697e-01,7.501010319206647958e-01,7.585792969577792588e-01,5.798555865293384404e-01,9.743174229997173530e-01,6.660306103426281155e-01,5.990146497004975590e-01,5.665264071034594728e-01,6.521383140192307248e-01,6.824500742632396699e-01,7.844130787498171387e-01,8.341408949314522703e-01,8.654374686468708777e-01,7.664794305337007119e-01,8.719561593632327856e-01,6.910520760304265098e-01,2.626230599338991167e-01,1.242857352528617815e-01,4.668813622227393489e-01,8.618220637267067774e-01,9.343254637514432082e-01,9.683128773755722563e-01,6.264044780430467751e-01,8.565510294709286487e-01,8.801286591513342028e-01,7.376572892244566138e-01,6.702960674932605389e-01,6.684708828089644950e-01,7.219261972680844908e-01,1.935506473752331980e-01,4.504221209858113029e-01,7.915113984302903916e-01,8.146544845188822270e-01,9.432422913783520269e-01,2.228887960097815646e-01,6.982802073290791389e-01,-8.174707167664534146e-02,5.889676160347687706e-01,9.539200069525382020e-01,9.190139606610542300e-01,4.303385596349921238e-01,8.267793916212738681e-02
6.636889217534985841e-01,6.089946982197649294e-01,9.706436147402599524e-01,-1.500866453567394898e-01,9.083830289104828370e-01,4.853942853548052216e-01,0.000000000000000000e+00,8.566300278314087358e-01,3.056008094714151024e-01,4.897862456797553166e-01,7.220534257082481533e-01,1.717947577122530545e-01,7.544079919950368307e-01,5.250776291081954428e-01,5.497625155722400958e-01,8.302527503559423705e-01,8.889277105997320794e-01,6.982490775472008915e-01,2.312363854760146609e-01,2.986294073561605034e-01,8.575740229638234569e-01,3.999755883861210171e-01,4.499428434106107488e-01,6.449003334289220568e-01,7.898698573688489599e-01,6.998255535077884115e-01,4.101244418634886757e-01,6.889630229963321639e-01,-1.882415915689225061e-01,5.065103556921438654e-01,5.120939423736112772e-01,6.148618304169671811e-01,3.017767762195965875e-01,2.102571429141618098e-01,7.968393620503367858e-01,5.251322014096851398e-02,5.271211000845202888e-01,6.820764654456659137e-01,2.119970008365057168e-01,4.450166626021773153e-01,8.246289179974505279e-01,6.096978484579375079e-01,9.661459662747342581e-01,4.031341454501715660e-01,4.030437973919219208e-01,8.908293526099778648e-01,9.840265465447475268e-01,4.423972989419096558e-01,7.837950711133438997e-01,5.149773420528970247e-01,7.675500880881687138e-01,2.541226330802588973e-01,6.157782927109499704e-01,4.564122054996390121e-01,1.971678294502088313e-02,5.277714296866378163e-01,5.762343506188430942e-01,2.225923217225573292e-01,6.492605189815594535e-01,6.295591558588914394e-01,6.942819166847394863e-01,5.946314153604653763e-01,5.260871548070285286e-02,6.401645228330330450e-01,8.145579451068029053e-01,7.583234936510244717e-01,2.657131558603500476e-01,9.638301081518432234e-01,3.724675457765403430e-01,6.635713322725285135e-01,6.355987785191009598e-01,2.850225781193413410e-01,9.659113914938801670e-01,4.490616982254026501e-01,4.232262319280076235e-01,6.815227083053169155e-01,2.965703561786874332e-01,6.639591857683306841e-01,9.959501372161045918e-01,3.792720340156227055e-01,7.562072805825507116e-01,4.214487689957471250e-01,9.253556465210761584e-01,4.640423570214534665e-01,2.570987835583006254e-01
2.191589693844026576e-01,5.439289097387705052e-01,6.384625591825078272e-01,5.324954212768644862e-02,9.091472365303906455e-01,7.642498590095052613e-01,8.566300278314087358e-01,0.000000000000000000e+00,6.103384432963130379e-01,5.442506277233404299e-01,6.316079787186941186e-01,6.910666387120429910e-01,7.476463470432284097e-01,3.042230024012007039e-01,5.685589604689963439e-01,6.192314249783688052e-01,9.190847674203854734e-01,8.057821582297338692e-01,6.788131050218171314e-01,7.049130600313975314e-01,7.183447227731540874e-01,7.555743449321311589e-01,6.596798281229833139e-01,8.410292996064980819e-01,6.519405733431137273e-01,4.959878067879776031e-01,4.689377120450122227e-01,7.348088567549102557e-01,2.990166545215884319e-01,3.102379001581637707e-01,3.578563311866965746e-01,7.104560716564410905e-01,4.047988702023940233e-01,5.491294539366395888e-01,9.258527935254940999e-01,1.808118811179904306e-01,6.275247008425206829e-02,6.721506806124790678e-01,9.791993303210215771e-01,7.274558268141092521e-01,6.449075056140531892e-01,7.487472098257059727e-01,8.480515397482077944e-01,8.171928199806658411e-01,8.141051271967510994e-01,3.341756158682740452e-01,6.922301352490720650e-01,6.789214759999937510e-01,6.459255400651999768e-01,8.505137274049247020e-01,2.775410892786542849e-01,7.685444422769915906e-01,5.900681935213542006e-01,6.251952369347362204e-01,6.127382724872052627e-02,9.751707241887846989e-01,9.681859664042526958e-01,4.326773436384008242e-01,9.542045322418888365e-01,7.130014888467963718e-01,7.531357804234871667e-01,7.299650555086688586e-01,7.914510155492600063e-01,7.414523431998194525e-01,7.900635829931144105e-01,9.890165917344289070e-01,4.190898774372074365e-01,7.882955847952796136e-01,3.064339423571259546e-01,6.785021226118863602e-01,7.061402002331198524e-01,5.570778676402853291e-01,4.540073199529642278e-01,9.001107437365616359e-01,6.589772554975513730e-01,4.196578334657682929e-01,6.505039359824149603e-01,5.710621571499288063e-01,5.358387082655662326e-01,4.906986061684870393e-01,3.909069939078433364e-01,9.965927019917648622e-01,7.153062284029648721e-01,3.115010382861417848e-01,5.594314142463872042e-01
9.356685331437837316e-01,2.206792693559078977e-01,6.726177190556469343e-01,8.755590985209715793e-01,4.630160373539643492e-01,7.466959366557304190e-01,3.056008094714151024e-01,6.103384432963130379e-01,0.000000000000000000e+00,8.110868009865563888e-01,2.576122849825400740e-01,5.840114954794954905e-01,9.893666847802102815e-01,6.228227523387374065e-01,7.332820659914369710e-01,8.268067565015794207e-01,9.219082647440212108e-01,7.913382890985779516e-01,6.961918161897998614e-01,9.621785744237211224e-01,8.798053599737627462e-01,5.336640843062545603e-01,9.689262795500802605e-01,8.734588930346556257e-01,6.744518893755794275e-01,5.380912986590377090e-01,9.204173882906894200e-01,7.622231287153040658e-01,3.278546301673022634e-01,-5.000939460195608088e-02,4.065296630520200960e-01,9.819870001083365052e-01,4.659622157871624593e-01,8.955024612236449633e-01,4.384456805653103029e-01,2.730410521422633185e-01,7.382039603241423720e-01,7.971115808594263497e-01,6.933106845659365858e-01,6.053831524409963860e-01,3.427397927281993217e-01,4.232891424142305459e-01,9.488160379552241785e-01,9.523070676475806629e-01,8.325212505427681542e-01,5.283340875643804946e-01,6.671140319305076671e-01,9.337979610474590464e-01,4.796589261810700333e-01,6.194401789650589851e-01,6.194915770670524069e-02,6.005001911760164957e-01,9.385338206277973327e-01,6.468211960377960867e-01,8.092187312476550876e-01,5.544569956074214545e-01,6.028628852486673795e-01,1.185018931871829884e-01,7.742908761031671583e-01,4.426358859677728685e-01,2.301225975757692499e-01,3.197618603362942236e-01,6.097087584652868264e-01,5.956666203060876352e-01,8.201824679117939443e-01,7.252218249916315695e-01,7.155246182817665002e-01,9.203610067866909716e-01,4.574315388498723101e-01,4.071683668905845543e-01,7.233716538147939579e-01,3.699571208276293821e-01,6.265872252858594171e-01,5.439495828232334684e-01,5.270014338256396869e-01,5.646282023037785258e-01,5.084648499305481906e-01,4.644658847980145389e-01,3.688668471877000199e-01,8.008246905145517680e-02,5.565358797404705848e-01,8.522817125734993837e-01,7.056377779144492601e-01,6.620441569017741779e-02,6.376376562524247449e-01
9.826666359321433175e-01,6.440115947014233289e-01,9.597934332630593257e-01,8.786584861564341598e-01,9.909831298598128502e-01,8.015674231513594261e-01,4.897862456797553166e-01,5.442506277233404299e-01,8.110868009865563888e-01,0.000000000000000000e+00,2.538864183066337765e-01,-1.316836241428153143e-01,9.620548718246298980e-01,8.048222968937461808e-01,5.330082522389656408e-01,6.887597957234817825e-01,6.760485227980443934e-01,5.683972730287687458e-01,4.182924731562576159e-01,9.253717611328842185e-01,7.469542735304225411e-01,1.849018320461363052e-01,7.883517766411615169e-01,7.855386782419055969e-01,3.083572528346648634e-01,2.382472949393690809e-01,4.099671262343411171e-01,8.713758770419862687e-01,6.114658893761959479e-01,8.167071105554590815e-01,6.319808495319041430e-01,7.426109318900808720e-01,7.778507063338139238e-01,8.508491482025892783e-02,4.592109879681832707e-01,3.868184220125477912e-01,2.769763587104820957e-01,7.002028979322020286e-01,3.636858197509674762e-01,6.920029034932341228e-01,3.655919948994146296e-01,2.841444622841211021e-01,6.340808975602320041e-01,8.923303930214970814e-01,7.053549514083192751e-01,6.182197233821038473e-01,9.621400943750760826e-01,6.512599727442062170e-01,5.766574956474844749e-01,4.435340143850109995e-01,3.883017304434616124e-01,9.902608563039896339e-01,4.465328005935254585e-01,6.894984382621894836e-01,8.231349751969183615e-01,9.711755295329325133e-01,6.922073825461443342e-01,7.526224678362779530e-01,9.023706917042155773e-01,1.261266316094643292e-01,1.839728166454720482e-01,6.665833674410628351e-01,9.249196545630996580e-01,7.512407687649785837e-01,4.638183734932405100e-01,9.366673966819296648e-01,4.881788038758784753e-01,9.523925650137391452e-01,6.007961366464571462e-01,3.517613509064064781e-01,7.969985166367605789e-01,5.971858156345074553e-01,5.481732776260518358e-01,7.717606372476893961e-01,6.322007922582369988e-01,4.149944893784768829e-01,7.992321597875895467e-01,7.187645360315445542e-01,5.012125510320410982e-01,5.122197192786589470e-01,5.279440173030764960e-01,8.686504138426958121e-01,9.577673016450245491e-01,6.736452247849310515e-01,2.484061466586102995e-01
7.609815965271087279e-01,5.786757240423138215e-01,6.445302445054346130e-01,7.663751400291620719e-01,3.214343108352532563e-01,9.440614684037015314e-01,7.220534257082481533e-01,6.316079787186941186e-01,2.576122849825400740e-01,2.538864183066337765e-01,0.000000000000000000e+00,8.575946856006462227e-01,5.141142717158051489e-01,3.631766527939283007e-01,9.672986361728197480e-01,7.663568410136025744e-01,4.823141808626802973e-01,8.387283351629507555e-01,5.985383242914359414e-01,9.013972915785186668e-01,8.455898940771611194e-01,9.766145311458535039e-01,4.454155570222111948e-01,8.968725785932549766e-01,4.420497850776818893e-01,9.359864873497547588e-01,4.124770487783310235e-01,6.596620196876239461e-01,3.863301634842306598e-01,4.910482581840160954e-01,3.332103201567397921e-01,3.800376708914765533e-01,6.062688877779380814e-01,8.058831472899876669e-01,5.447004900504746061e-01,2.142561293639616560e-01,5.594777095907924602e-01,3.508602245666373465e-01,6.625711908160631936e-01,4.949854947364844548e-01,2.279450672889804796e-01,9.451215510632693384e-01,7.447118203325092667e-01,6.783906969391860775e-01,7.005495804442722907e-01,3.259839849315762095e-01,9.861202993391636751e-01,9.989643773654510728e-01,6.489648618343200059e-01,7.086535914768034017e-01,3.816570783873873274e-01,9.002766275967682974e-01,6.509019581285058198e-01,5.037141525419166488e-01,5.637623857304021602e-01,9.833132596537986769e-01,8.821399376049933183e-01,8.889014180724404968e-01,9.226502672705682029e-01,3.501392164672371132e-01,3.034308633092451246e-01,6.430349917024937856e-01,7.069422148343663670e-01,6.490440282392543336e-01,9.890144509745240065e-01,6.500358619969352769e-02,6.046646400719939418e-01,8.031590404564068475e-01,6.449378247901664807e-01,7.257576184232482630e-01,9.410070027240535762e-01,9.240929969554455559e-01,5.500170791107665824e-01,6.402251934635745378e-01,4.052258175421794562e-01,5.904088883899604179e-01,2.513100646771561641e-01,9.643207854240817278e-01,7.906911741679843730e-02,5.048126828600740801e-01,6.617636224336099771e-01,6.351401840018020550e-01,6.226519591511553431e-01,6.226928274539821340e-01,6.969067387410865511e-01
7.744157311012331846e-01,8.877226765402568276e-01,6.671757792360653028e-01,8.758030158125608144e-01,9.496149264033724169e-01,7.577533690923548004e-01,1.717947577122530545e-01,6.910666387120429910e-01,5.840114954794954905e-01,-1.316836241428153143e-01,8.575946856006462227e-01,0.000000000000000000e+00,8.268008168155294157e-01,4.126663322013942592e-01,7.257928849868807708e-01,7.283958302169897259e-01,9.240351857698861915e-01,2.570679196084465490e-01,6.343205582199592518e-01,2.368771293545454404e-01,5.944025743320981992e-01,5.001109388210550621e-01,6.863842196710262522e-01,7.534336365303099248e-01,3.186709058854952925e-01,8.114417482568471174e-01,6.945703491132858565e-01,5.562555212688929940e-01,4.338735775109585635e-01,2.000558204431207021e-01,3.283247424541962944e-01,7.395382628159598015e-01,8.831552753167770664e-01,9.420430088919170553e-01,7.987052220976517125e-01,7.241335189213411461e-01,5.431482290351349329e-01,8.070071445753697059e-01,8.740827075041214256e-01,9.878572767329087956e-01,4.469528037781064223e-01,9.303045310638257126e-01,7.343363904481825521e-01,1.137908083908125978e-01,6.466632092235352625e-01,7.994481924342009549e-01,9.271676740743127754e-01,2.333844770292287651e-01,7.922049428440570695e-01,6.439825992014021061e-01,6.840590349514182877e-01,9.528300917812488890e-01,7.684557890833968452e-01,8.746098061270546342e-01,9.042837712892046742e-01,7.825964896153585482e-01,5.837333100664688912e-01,4.634688429775903340e-01,6.480632194222363252e-01,5.050076567039795128e-01,2.579834464212132916e-01,6.776576786558692334e-01,9.517198049783317515e-01,6.509125610767119152e-01,9.854642747355462085e-01,8.816751393272862503e-01,6.513367561362866098e-01,9.751521171839291346e-01,7.585611392825211130e-01,4.840754612690339465e-01,5.096052518652228747e-01,4.618756751406530858e-01,6.699307325187167095e-01,4.369346977766900841e-01,7.120759461738285223e-01,9.376836624240212359e-01,6.017889739013981831e-01,7.533483712219659623e-01,1.284679158332127646e-01,7.321312206496721764e-01,8.491450445515420498e-01,6.309741283251619759e-01,7.419361413334353283e-01,9.292239802758830436e-01,7.156064149405481079e-01
8.922487963739887951e-01,6.506488989688420377e-01,4.694337755686182057e-01,6.361364939973752630e-01,6.702636735549868385e-01,6.060385348366621461e-01,7.544079919950368307e-01,7.476463470432284097e-01,9.893666847802102815e-01,9.620548718246298980e-01,5.141142717158051489e-01,8.268008168155294157e-01,0.000000000000000000e+00,2.283154918172105793e-02,7.046096060457939236e-01,7.294761806311336194e-01,7.240165620857420548e-01,9.929019103977776428e-01,9.757513495000640358e-01,8.549461202554489159e-01,4.394079714060905584e-01,9.993920827141914431e-01,8.667360534848247422e-01,9.646362732864964817e-01,6.824188938312774066e-01,6.983135807636248193e-01,7.801557210061079717e-01,9.762112858791994752e-01,2.604902691062028763e-01,1.041588997963606850e-01,7.939978668293951047e-01,7.692341962756260587e-01,7.086255339899322214e-01,9.360015386165816409e-01,9.569583513818195053e-01,5.883793997214490368e-01,9.724329061473720170e-02,7.573919301413890581e-01,8.933102204889292741e-01,7.076234554723215275e-01,3.220343968904409437e-01,5.309460324562704781e-01,6.192901886874001560e-01,9.202374115460960624e-01,8.291314732905599172e-01,3.729314885601504592e-01,6.006663446952595908e-01,4.561596301084082095e-01,7.230487845803955649e-01,9.508020100167561273e-01,7.071173379359536604e-01,7.226728885954335491e-01,8.682123411996853779e-01,8.610951264832215069e-01,6.425695724115876306e-01,9.948939431109232734e-01,6.504470232387551398e-01,7.483327528277937679e-01,6.147681188629088300e-01,4.096131651215312863e-01,5.912662428727446517e-01,7.497001711566846360e-01,6.295828105659978524e-01,6.482966265598033573e-01,5.947907104877092621e-01,6.851469517134002318e-01,7.177064303403021261e-01,2.099703518618381837e-01,2.019279954858745341e-01,6.317668886584981713e-01,7.115300646090768621e-01,7.881336589046878949e-01,3.216276281003672688e-01,4.867246533751524717e-01,3.201521995243629126e-01,8.362641394322425370e-01,5.673238653324317315e-01,7.335473731860033819e-01,7.820024835976751021e-01,4.617475582762434194e-02,8.194745579436522043e-01,9.128360537249119444e-01,8.949709386116696530e-01,7.681070834552421456e-01,6.451268285554819792e-01
8.946284084384739099e-01,4.373648185193952931e-01,8.556248568888503714e-01,9.518139227136360736e-01,7.155746371257762917e-01,8.238071812093157309e-01,5.250776291081954428e-01,3.042230024012007039e-01,6.228227523387374065e-01,8.048222968937461808e-01,3.631766527939283007e-01,4.126663322013942592e-01,2.283154918172105793e-02,0.000000000000000000e+00,4.260407252209987838e-01,4.427352179502931362e-01,6.208184873103199664e-01,9.685570056349870338e-01,4.034003684778986187e-01,6.285945415206739550e-01,4.220696119314247818e-01,2.476674015012271246e-01,6.681688507726971649e-01,6.672730048196456876e-01,6.676244183907038554e-01,7.657698459403303737e-01,6.229946304857885142e-01,9.259625407287520593e-01,5.445031539256683928e-01,6.390899828612736089e-01,2.495557540063051971e-01,7.530669438551607087e-01,2.467862504865712681e-01,9.716171756744594878e-01,9.729438901201659107e-01,2.219493083896023344e-01,6.576074524974249158e-01,6.450899676834283003e-01,9.545557216767588393e-01,4.476017986786767211e-01,9.414030022976678236e-01,6.341605310518841909e-01,8.834401757692582624e-01,5.627621865390275424e-01,4.441470072845882799e-01,6.492643913325926164e-01,8.590525555311715467e-01,7.300923907635256116e-01,5.878088495136430947e-01,8.234240502956881036e-01,7.112202136945768860e-01,7.193332601598305676e-01,4.029585547396901113e-01,8.590652752126407554e-01,9.595097848042821731e-01,9.186509160031449683e-01,9.004194442260454734e-01,5.206859805992042345e-01,7.566912865216655071e-01,6.337651002378164034e-01,6.505154301445486009e-01,6.174845010548845048e-01,5.851286016323944406e-01,4.271339058467510941e-01,6.745588354476848014e-01,9.363099858431447320e-01,7.733993299979752267e-01,9.851451171955524222e-01,5.666608743652581381e-01,9.025976702781783878e-01,2.834178598610075928e-01,2.368882043582717090e-01,6.420087068822024623e-01,8.694366678334571885e-01,8.542834502088580972e-01,5.182518453821003401e-01,7.221626233365029401e-01,8.094709550214738147e-01,-2.029202434373248431e-01,5.721110255920085486e-01,5.474587239253786430e-01,7.838531856933812492e-01,8.718603372383115779e-01,2.179976240239211438e-01,6.066712097104044465e-01
9.987619157011513593e-01,4.420822603067256495e-01,8.607349265991187659e-01,4.407533025412911365e-01,2.880279018611969222e-01,3.778233122197481308e-01,5.497625155722400958e-01,5.685589604689963439e-01,7.332820659914369710e-01,5.330082522389656408e-01,9.672986361728197480e-01,7.257928849868807708e-01,7.046096060457939236e-01,4.260407252209987838e-01,0.000000000000000000e+00,4.594162092629919814e-01,8.685331019487052551e-01,8.502092727734603672e-01,9.461923068423971905e-01,8.812056546704509774e-01,2.459818275228374540e-01,8.957854314835043130e-01,5.559823801755434669e-01,8.486112361406037419e-01,3.304992887665199330e-02,7.716452859130793485e-01,2.051903467476088871e-01,6.995024111271082035e-01,7.061311691906065890e-01,3.849565118984878964e-01,1.443815789221010448e-01,6.583862837927165756e-01,5.919408363515401561e-01,7.860267451793676585e-01,5.824852622082623554e-01,3.032903671013743585e-01,1.366705553073786494e-01,4.081178063833729719e-01,8.410039151750734465e-01,9.010091540054607773e-01,4.025072828824918236e-01,4.098579022075506950e-01,7.771784243604292763e-01,7.652698142865002051e-01,6.150835961748716274e-01,8.193476899072235087e-01,5.756519026982822584e-01,6.855787823598069597e-01,6.525531370010118071e-01,4.347708094528355827e-01,1.891484075057782155e-01,9.324499817981475314e-01,6.540861000730997521e-01,5.237554382443163625e-01,8.179272814907618816e-01,4.891286574538966647e-01,1.393439969363746700e-01,7.105037654103540934e-01,9.774674521337738398e-01,4.087096875846367716e-01,5.803693990984469808e-01,6.211221367321427822e-01,8.604679394344230681e-02,6.043208052659205798e-01,5.778026513475452708e-01,2.512075980607492154e-01,1.489391773077392289e-01,5.909994955129613814e-01,4.661893257743371377e-01,8.912396402738761436e-01,7.281106145905305027e-01,9.702140913964307778e-01,9.749815051294837831e-01,5.615337301655679569e-01,2.552818929119322067e-01,8.922862182036537249e-01,5.126270007628372927e-01,8.788548059835817883e-01,7.866074427745078923e-01,-1.446919065220111933e-01,8.926871366094071281e-01,8.055390557296080445e-01,9.466302151738894555e-01,4.371436869910046430e-01,4.180772896544659445e-01
6.438451784500571762e-01,7.820758812295454110e-01,8.125440856673482592e-01,8.105044813548772931e-01,9.274683407830149884e-01,6.995128199581758244e-01,8.302527503559423705e-01,6.192314249783688052e-01,8.268067565015794207e-01,6.887597957234817825e-01,7.663568410136025744e-01,7.283958302169897259e-01,7.294761806311336194e-01,4.427352179502931362e-01,4.594162092629919814e-01,0.000000000000000000e+00,8.852746815497701816e-01,6.464860030993576645e-01,6.746795105103439161e-01,4.594956547393664326e-01,6.503368008857471905e-01,9.597186232065015865e-01,5.633611348148166720e-02,8.534087318300643821e-01,7.297310773356151525e-01,9.876898035844451362e-01,7.133877501458680825e-01,9.028632919334073081e-01,3.369228531003349847e-01,6.783596065891679405e-01,6.939639480179681241e-01,7.694873143596480114e-01,8.205587489307174520e-01,7.767138559653398167e-01,2.169299750743260979e-01,3.995313011905310407e-01,4.690178089886115620e-01,7.624438746592629990e-01,9.854038547484622601e-01,9.289306606588808579e-01,5.764461490315249126e-01,1.052296654222851235e-01,4.016179031489565676e-01,9.575095691850386004e-01,9.063282083669085276e-01,9.688641714762276091e-01,6.072351109179715545e-01,7.788148051563176244e-01,2.335175182757703305e-01,7.955035482204049491e-02,9.529036388464158236e-01,8.542488635059087843e-01,6.079779665410381950e-01,8.114354919472311911e-01,7.330909199153528011e-01,8.445076568902626368e-01,9.000322736812123026e-01,7.062493963004446984e-01,6.231653863966741813e-01,6.409095621717321167e-01,6.681780797895723323e-01,7.682025402445049611e-01,7.878828970526451370e-01,4.434654009411838627e-01,8.237018577753469906e-01,4.658778298133428031e-01,9.259672904119343739e-01,9.023265670411031447e-01,7.813964351098041661e-01,5.311484669419144211e-01,8.809039809194182391e-01,6.660212645600838144e-01,3.586022205393017415e-01,1.038488866701897662e-01,8.556889359759134450e-01,6.868852755368614060e-01,6.577660786225698608e-01,1.031096240116248924e-01,3.797313534206601116e-01,3.026747201768436590e-01,4.269205714325909340e-01,8.035702126328296835e-01,6.402644156042867074e-01,6.971705835434052201e-01,5.584334963781807382e-01
9.668188767220446955e-01,5.132505842122357942e-01,8.950782618873146523e-01,8.893128897877816685e-02,7.837195639608043329e-01,8.330940592972482239e-01,8.889277105997320794e-01,9.190847674203854734e-01,9.219082647440212108e-01,6.760485227980443934e-01,4.823141808626802973e-01,9.240351857698861915e-01,7.240165620857420548e-01,6.208184873103199664e-01,8.685331019487052551e-01,8.852746815497701816e-01,0.000000000000000000e+00,4.694358214966812270e-01,9.877917164305933806e-01,8.860138074276375786e-01,9.865419063681519773e-01,9.867866415869686048e-01,9.397669788479749986e-01,6.135261623917074303e-01,3.449261192347373717e-01,9.833924036853063377e-01,6.807679227552347889e-01,8.021953799071123159e-01,3.470013409866423704e-01,5.981954071272305162e-01,4.081147623712914063e-01,6.323477325528183979e-01,4.444331529341901121e-01,3.388776919129102838e-01,6.879283340934693181e-01,9.757593262780743792e-01,2.618521539077891536e-01,9.977780101683076941e-01,6.831084926319076489e-01,6.302450108177285459e-01,2.567758031371302763e-01,8.481833646240183322e-01,9.059569863835426062e-01,6.940350632156351285e-01,6.772538294613477117e-01,7.420865522689974458e-01,9.104916473261341903e-01,8.955824906078122538e-01,6.934165125004054797e-01,7.920750782912273635e-01,2.692995647697122852e-01,7.900122156163784659e-01,8.482738360067568761e-01,6.532869839554423796e-01,6.146782027912354174e-01,8.949472431201568323e-01,6.646768877862265779e-01,6.410482012140974462e-01,9.110257550219046374e-01,3.981549591589708670e-01,5.425167075420405105e-01,9.384469273899133102e-01,6.707616874527025930e-01,7.411982255261923003e-01,3.367780791235694404e-01,8.700811414391504961e-01,4.373890724689228904e-01,6.679310684362942396e-01,5.844462134581985824e-01,4.137576556876130240e-01,6.874595457774691498e-01,8.058666874228191945e-01,2.973106017540160240e-01,5.005427153911786720e-01,5.134036196903446481e-01,5.888523006596466658e-01,9.447345987193915828e-01,6.796752617699185484e-01,2.419621916725542971e-02,1.680712843114843535e-01,9.590327538487743997e-01,3.316040180892018130e-01,8.907907462670849874e-01,9.275059741022229076e-01,8.508871769210034630e-01
1.930290552460199593e-01,3.515507687984823493e-01,4.831388605647499723e-01,8.490116841811778947e-01,6.878111925737745436e-01,9.716699286891660181e-01,6.982490775472008915e-01,8.057821582297338692e-01,7.913382890985779516e-01,5.683972730287687458e-01,8.387283351629507555e-01,2.570679196084465490e-01,9.929019103977776428e-01,9.685570056349870338e-01,8.502092727734603672e-01,6.464860030993576645e-01,4.694358214966812270e-01,0.000000000000000000e+00,9.220013176626370432e-01,6.036437666349470099e-01,6.335626063304923283e-01,7.099091458248973918e-01,8.458740292876936184e-01,7.770668219145357991e-01,5.852525083660886640e-01,8.772157807634909377e-01,9.821802926356200114e-01,6.157351124503563922e-01,3.266146642311367199e-01,3.639008778547566658e-01,4.712640045012967960e-01,6.760208746520265377e-01,6.783234337433954320e-01,7.976043074660273957e-01,8.472053050646837224e-01,7.667742154169630009e-01,3.164649096792241378e-01,6.055614229539353355e-01,8.795663496909787993e-01,7.504949446177143768e-01,3.616299334549575306e-01,1.776593349919744144e-02,2.146110775048086783e-01,9.434945572484081389e-01,9.013927017422137533e-01,6.467325670168673213e-01,7.264689371539585494e-01,8.106218341696169727e-01,6.251029966967912577e-01,9.669975770053630404e-01,3.771964645315902809e-01,8.691432825403233586e-01,8.827447605941883824e-01,8.547255197758883982e-01,8.041979713285268838e-01,7.058716446652735232e-01,7.576820951510097046e-01,9.039667185892196200e-01,8.496937687728991495e-01,4.792655342451738187e-01,3.551788310612126187e-01,3.324406164050980328e-01,6.563189071249000417e-01,8.164107995510723192e-01,6.346197098794175151e-01,7.430950683320388661e-01,5.345532814530250532e-01,8.371575022298072266e-01,9.091218333672863583e-01,7.906870956460634314e-01,5.105152820929587110e-01,9.281335104702113092e-01,1.971817354046213333e-01,4.952653826285069449e-03,6.196319649980653876e-01,7.700335687157601194e-01,8.377681097492659656e-01,3.866297102026774457e-01,5.417820467515761518e-01,2.865165066969283525e-01,4.961820898677348768e-01,6.066181327316605421e-01,9.047164045514443087e-01,3.047100185425219432e-01,9.119524299529434552e-01
