0.000000000000000000e+00,6.586321003040651600e-01,8.265714635434933122e-01,9.360496533870981128e-01,9.248848316093321031e-01,7.641163241622168645e-01,8.022523212497184586e-01,3.539380574812650559e-01,9.241512896546230094e-01,5.154066827374578219e-01,9.954183461644485753e-01,6.126887517461970800e-01,9.318176407041957043e-01,8.452083166011614690e-01,5.711163166442098094e-01,4.692717451318229593e-01,9.027875794476818427e-01,6.289309770450773884e-01,6.346287456430212970e-01,8.298971264545198512e-01,9.861697239165410078e-01,9.806072586981675610e-01,1.631899553281025428e-01,9.861529390236588588e-01,7.251720890927090268e-01,8.849077547473903627e-01,6.852426320353968148e-01,5.435025478366785068e-01,3.599221590768988399e-01,6.346471489230023355e-01,7.602631885973962778e-01,7.114173148747880981e-01,8.161202516025278797e-01,9.904236509702993851e-01,9.090357634596247793e-01,3.877068182128040608e-01,7.508650101889449147e-01,8.055858325861324776e-01,2.767956347118012417e-01,9.030210488296107618e-01,4.902739529226877169e-01,7.666888031111794843e-01,8.137251445170758934e-01,7.392721066410881114e-01,6.749892293414406774e-01,9.895493628717504375e-01,6.140135183805431884e-01,5.786798831374734275e-01,8.900311409068359936e-01,6.255544098291870858e-01,7.478219557195336931e-01,9.927482859985152785e-01,9.486121121166480874e-01,7.609455396865997256e-01,9.387563389468416286e-01,3.258059353060340224e-01,9.713758751762475718e-01,7.666959119845060400e-01,7.629289775260631457e-01,2.097781551854114857e-01,3.151829779777576834e-01,9.428023346917988601e-01,4.541871336293952788e-01,9.388557984766031650e-01,5.364996345705752567e-01,7.989915702364149830e-01,8.185012998550876828e-01,9.894557264014065545e-01,6.185345607453865968e-01,8.077049383641408120e-01,6.559024849270757018e-01,6.776318700720619370e-01,3.836794479851557416e-01,4.949800207458715517e-01,6.483756361860544271e-01,8.463115264957123962e-01,9.266991007894629373e-01,6.044759423526959718e-01,4.508278146690437027e-01,2.028727483188719205e-01,6.829819562149496148e-01,9.312641391774518773e-01,9.207556434304006165e-01,3.793784551763480506e-01,9.418841944999588600e-01
6.586321003040651600e-01,0.000000000000000000e+00,9.316884015971198529e-01,8.314027447399515713e-01,5.268438588015170732e-01,6.370461362274041361e-01,5.467540193120432601e-01,5.247900033755577009e-01,6.857076548779701408e-01,5.360121150650511979e-01,6.691667653659435500e-01,9.233463150256329688e-02,9.288209916377958564e-01,5.227902128787050851e-01,3.436374832166638749e-01,7.267797511428539803e-01,7.526569711668400497e-01,7.800647334782513376e-01,5.957386843722961567e-01,6.131475301099068576e-01,8.442782729007858311e-01,3.963162901649004977e-01,6.032622461481067511e-01,8.667334015204410935e-01,4.934020996023188443e-01,8.607425344705983417e-01,9.434424500769504895e-01,7.225959611648492542e-01,5.221692063991409949e-01,4.850257490132440230e-01,6.692371853571860152e-01,4.378491970013286272e-01,5.302354099236796792e-01,8.678163200100138530e-01,-2.138171931580570839e-02,3.036615000752966309e-01,2.451293584646531687e-01,2.213445091857045299e-01,6.055095391296969609e-01,8.197740687408440197e-01,9.213713672113845732e-01,6.604758941185816523e-01,8.502784603830511045e-01,2.839324183405661506e-01,9.243391930160412828e-01,8.012242333472392453e-01,4.592463611134343093e-01,9.505983898965355561e-01,6.706538042579854864e-01,7.301345168014826692e-01,4.870320063507210251e-01,9.447638721552361618e-01,6.537736449018870521e-01,4.371188234448371013e-01,6.009212595441465465e-01,5.936903477874595492e-01,6.820229195512530485e-01,8.459053976110986195e-01,8.736448628181374687e-01,7.685387344626888328e-01,5.915368842981608144e-02,5.243114698335787915e-01,6.405319872169275008e-01,8.296815923279117211e-01,9.739334338138387892e-01,5.652095993315264799e-01,8.161879828223568278e-01,3.899060890452223926e-01,4.993654933664168905e-01,9.361784236262458148e-01,7.602146801338539595e-01,-3.153706992211659510e-01,4.766369839888484061e-01,5.834143032979168808e-01,4.879434734317094069e-01,8.558829665650847796e-01,6.741194704305417673e-01,5.476693894848870814e-01,-2.039408184291519044e-03,3.723843957088855960e-01,5.937432554471456791e-01,8.396253995855667007e-01,8.901787148783467662e-01,2.692189661128678857e-01,4.982865835951151845e-01
8.265714635434933122e-01,9.316884015971198529e-01,0.000000000000000000e+00,7.189261774453259424e-01,6.472980870198780101e-01,9.396309413525977261e-01,6.263469706949938987e-01,9.491000478513432759e-01,9.168469732400481575e-01,4.572216764457186500e-01,3.476294735823513560e-01,8.293193391360792477e-01,9.422805589133035342e-01,7.666797544117684993e-01,8.377806957966336121e-01,7.258447487089539907e-01,9.463126587034665915e-01,9.437777914170536464e-01,8.766731214504106529e-01,9.121431891605898956e-01,9.761395196787275852e-01,7.938597282706971736e-01,7.102703030995652922e-01,9.282115994129852554e-01,7.482761158824222658e-01,9.086028071762325409e-01,8.065453795296028128e-01,8.204495837647286516e-01,1.080687166059683957e-01,2.772714181243041698e-01,2.558977166235834044e-01,8.855269071954433580e-01,8.732764128901553402e-01,8.671921611970963006e-01,9.377188467331993849e-01,1.732782810514603700e-01,2.447673151349347709e-01,9.374053479244845999e-01,6.511670104372720980e-01,6.735937633028571403e-01,5.501015183381633422e-01,8.451317170739672813e-01,9.132022909645859388e-01,6.445432755487178200e-01,7.551820802436561841e-01,9.974279805558974310e-01,6.822979562165827350e-01,4.321217566700875090e-01,8.650536460567527230e-01,8.045754864963872155e-01,8.328975334477459747e-01,9.756166480224413018e-01,7.151038312348667603e-01,6.309849494183542573e-01,9.622233420172771057e-01,9.493302658607194466e-01,5.678772529678356440e-01,5.809320067766330364e-01,5.999573463405512008e-01,3.899451811005640867e-01,6.914686538924692538e-01,8.251678216809181787e-01,6.627431739786197040e-01,9.725101998231346911e-01,5.879837809085988187e-01,9.072000520090850451e-01,5.550741938481154047e-01,8.518779123522570718e-01,9.093329716603733015e-01,8.174957393323566412e-01,8.618470008825230844e-01,9.463402103389646491e-01,2.501819281597840172e-01,1.703084548635872553e-01,7.033575750778271463e-01,6.157775142729051687e-01,9.764525967078997448e-01,7.071228610398188064e-01,-3.734109343028302330e-02,1.386974995471407790e-01,8.711271074169020245e-01,-1.416358332343587434e-01,7.291010623773120924e-01,8.369767188023277127e-01,8.335857032118212384e-01
9.360496533870981128e-01,8.314027447399515713e-01,7.189261774453259424e-01,0.000000000000000000e+00,6.347382913034984586e-01,6.333680090195215051e-01,7.858390622798000491e-01,8.971453090227086147e-01,2.553773190611443034e-01,4.390589737882883981e-01,8.221295341939339751e-01,7.021215899304064090e-01,8.339037928786166010e-01,7.160981252408871178e-01,4.023725608038682955e-01,7.126925924507607757e-01,4.427057016868125583e-01,6.275025780795893127e-01,4.928792308105765518e-01,7.622046315025199359e-01,9.235705919861638691e-01,6.675347056065890072e-01,5.149895472382085559e-01,9.711259276561834408e-01,7.848016921319421746e-01,7.936021089697359310e-01,9.133372104677038861e-01,6.606779087630915148e-01,2.927908047119006651e-01,5.743336620362045064e-01,5.975109154269453438e-01,4.418570849361803110e-01,8.631575526627476291e-01,7.894528212523620470e-01,8.769358569032890127e-01,6.846440725904355817e-01,3.852605340507613274e-01,2.845115930539720006e-01,8.000281632764072448e-01,7.710921087707184318e-01,4.284573463602483478e-01,4.653266258414168743e-01,8.981282571837478912e-01,7.113114315465236537e-01,7.844411648043350116e-01,3.143607918593968598e-01,8.894595777924874103e-01,7.228993021759859694e-01,-1.094524207718707565e-01,9.727551446832871651e-01,9.277458899021164829e-01,7.104415719750788449e-01,7.810384488174195727e-01,3.104066695781941831e-01,8.779320618959918221e-01,7.147279027163870868e-01,7.237831846616475939e-01,8.357718580615425275e-01,7.518503820623825273e-01,3.423816403967648858e-01,1.246229878556300713e-01,6.904961258624988663e-01,7.195863648730640438e-01,9.865091261258349675e-01,6.868260621014219414e-01,7.479782395262430938e-01,9.604550451290090329e-01,9.276658176491718866e-01,6.635519399806719676e-01,8.362509196818432855e-01,7.414066235145477801e-01,8.541378820113877390e-01,7.634050473603777309e-01,4.679897612088514403e-01,3.824856561605743388e-01,8.262173956657298257e-01,5.655830788777876927e-01,7.351358375456376049e-01,1.406322087866217208e-01,1.345857166178781872e-01,9.825562598731621966e-01,4.268657056927052107e-01,8.398139615848930761e-01,3.559429945127178807e-01,8.912301355664653535e-01
9.248848316093321031e-01,5.268438588015170732e-01,6.472980870198780101e-01,6.347382913034984586e-01,0.000000000000000000e+00,6.581876045578376466e-01,6.914989197352685579e-01,4.726395147383515294e-01,7.199912301940347703e-01,7.536625655078648123e-01,7.446414310742237586e-01,7.348546935357841425e-01,9.589416751385939630e-01,9.929456833763407042e-01,4.186138539681384385e-01,1.159454167142535685e-01,6.822183104087481409e-01,4.543969649492269336e-01,9.227935620179313903e-01,9.748544157506288110e-01,8.443866711189650376e-01,8.787971076833545059e-01,7.181357849292051565e-01,9.862899110591893947e-01,5.215587456163095492e-01,6.528408100893920984e-01,6.346587998128346841e-01,8.221774222414729438e-01,5.039404207910543887e-01,2.050687983438423123e-01,4.172208021743188389e-01,6.574757408333993247e-01,9.487035802413206209e-01,7.600338715689316516e-01,1.932177433215337969e-01,5.805181544969324481e-01,-9.538933574168673157e-02,3.722939044697992639e-01,9.160483305419971911e-01,5.611144984287771420e-01,5.721227045747667717e-01,7.832374483259501030e-01,8.078068163985172578e-01,7.074479363817420818e-01,7.943938206743722530e-01,8.705788558171464464e-01,8.388027589851432264e-01,9.087724693282721589e-01,5.414305005328753362e-01,3.204667871307769200e-01,7.797471188597112635e-01,6.634776050316142371e-01,7.576546854659023111e-01,6.788758865020639854e-01,8.013806972161294784e-01,6.501614294786054460e-01,9.701905427369273971e-01,8.070742957481841229e-01,9.355589689456430547e-01,5.043089165186828149e-01,4.325591563839245590e-01,2.163214989261925125e-01,8.691817437408653202e-01,9.370745259114162673e-01,4.213081005840733084e-01,8.615764093927997802e-01,8.060949149838482208e-01,4.571128939994978935e-01,5.552910332328772069e-01,9.349803053959159227e-01,8.367408696987425065e-01,8.500085494802178676e-02,2.815811894495547363e-01,3.145423088079794538e-01,7.084549534897520706e-01,9.123356408704470788e-02,8.001415818053587703e-01,5.922792433834236370e-01,3.130958804940163209e-01,2.785142918186042094e-01,8.295652083465963056e-01,8.757271344178199080e-01,8.091892786143796146e-01,5.211895638018414489e-01,4.680869414156391684e-01
7.641163241622168645e-01,6.370461362274041361e-01,9.396309413525977261e-01,6.333680090195215051e-01,6.581876045578376466e-01,0.000000000000000000e+00,8.491589600322796416e-01,6.185240709498223133e-01,9.673929737764718206e-01,7.881992335815655171e-01,8.671517060584728043e-01,7.171920704262333413e-01,8.762520602796721736e-01,8.694067979719833916e-01,6.756767262693990084e-01,2.652200038147241590e-01,4.468266129917899954e-01,9.715700013258427026e-01,9.805922138337559435e-01,6.971716311502182961e-01,2.955225773333258199e-01,1.334549793849820476e-01,7.456568424903377013e-01,7.829143551212645047e-01,5.052200268203627109e-01,2.254004447988765814e-01,8.527601340810864183e-01,7.327961051064049158e-01,3.931288341894705329e-01,4.595041579929886044e-01,5.564240039638305158e-01,2.211054847886365082e-01,9.887233381930087273e-01,8.700187645789059232e-01,5.622947844194933209e-01,2.830637511094038494e-01,6.471438802766237008e-02,4.674939679459252373e-01,9.484749211141170200e-01,8.351109500357198900e-01,6.148434020010034029e-01,8.218780129206813001e-01,4.759022773282778895e-01,3.269412455707418341e-01,9.524935496684775460e-01,5.910698672769724160e-01,6.792980698615632695e-01,7.324504872546396816e-01,5.295667047474450495e-01,2.376063140838090282e-01,-1.913603475964775757e-01,4.598811072836082592e-01,9.355245093307432702e-01,3.777992302186545803e-01,4.611798700028418296e-01,8.001053282516302767e-01,2.473287334197402654e-01,9.396310843297787097e-01,7.135059070533621428e-01,7.236444400620418715e-01,7.492130544360512401e-01,4.110501369861308540e-01,7.566639727894413081e-01,9.417756046179424079e-01,6.659689524371756875e-01,9.052225967426612563e-01,8.307007640240658963e-01,6.951189242664475021e-01,-3.474001827231523731e-02,9.895179038909690528e-01,9.902222921877451567e-01,5.105347938506825667e-01,6.363047017423559826e-01,5.031525158765132177e-01,6.012685278124537680e-01,6.572519878846505570e-01,8.612937465259616898e-01,6.648693235715655847e-01,7.728042228820578563e-01,3.012064182355631559e-01,6.756619338277767284e-01,5.113208309226449089e-01,8.617096905596837164e-01,6.772938003215851488e-01,8.877406995637381337e-01
8.022523212497184586e-01,5.467540193120432601e-01,6.263469706949938987e-01,7.858390622798000491e-01,6.914989197352685579e-01,8.491589600322796416e-01,0.000000000000000000e+00,6.453628162350497632e-01,7.164826161339782340e-01,5.729955134171611508e-01,7.498179996689142701e-01,2.659816014640503101e-01,3.578332793324077166e-01,4.766551424898839429e-01,5.071100961729778644e-01,3.990106069078594997e-01,8.339980082724791632e-01,6.332377953745018662e-01,3.965123801030847606e-01,6.509837405378838815e-01,9.224645538621603080e-01,4.913793534203839686e-01,5.598714376709292839e-01,6.113051998322159841e-01,4.863510914935852969e-01,5.014207896342515181e-01,6.827962129634976840e-01,5.559138866743471574e-01,5.059642550389317206e-01,4.837738866726323250e-01,2.961756965626914373e-01,9.526125225965176302e-01,3.317035813559645607e-01,7.339092319912200457e-01,7.145169208278832063e-01,2.719624970470646552e-02,5.894096717948282826e-02,7.942166642978660818e-01,7.544587003730176544e-01,7.348783576642181625e-01,2.952393865711279708e-01,7.225388066239788465e-01,3.262235118394182232e-01,6.296745892429349567e-01,9.202695519998027596e-01,5.012882509074149118e-01,3.257927542927229192e-01,4.389543584828439760e-01,3.134098079761020728e-01,5.409146441936679706e-01,5.348607385895080002e-01,4.783882295384036532e-01,2.660140276241381163e-01,6.068316759153044027e-01,4.266450632583939084e-01,7.731990325958488786e-01,6.352083784937272437e-01,7.515663164157222464e-01,6.346411950375814293e-01,5.458262898253719575e-01,4.402435873246502984e-01,6.940299629528091652e-01,5.975625189935953596e-01,5.592198426018106794e-01,7.976749514111016737e-01,4.816105042832961591e-01,6.357898777627657427e-01,8.832997638944909413e-01,9.753785785978442702e-01,2.576317709238532538e-01,4.607957084069400078e-01,7.695078761660127942e-01,-3.198129918065839572e-02,4.395869186107619897e-01,6.217751391901283897e-01,6.429802703593433533e-01,2.260665414689832509e-01,4.338026784368685940e-01,4.509895526248206554e-01,7.872438461110531360e-01,9.753760101308897035e-01,5.622060144409419813e-01,6.270399777413605547e-01,6.772752501691609028e-01,4.150952766161863927e-01
3.539380574812650559e-01,5.247900033755577009e-01,9.491000478513432759e-01,8.971453090227086147e-01,4.726395147383515294e-01,6.185240709498223133e-01,6.453628162350497632e-01,0.000000000000000000e+00,5.829228587469791334e-01,6.898105300225114700e-01,4.568477838592552853e-01,3.322900362082049086e-01,9.550368614544965107e-01,2.327038962760919188e-03,6.359753386613318238e-01,7.393448897859656865e-01,9.918793451046596932e-01,6.733520464720434973e-01,4.922813776343374914e-01,9.868685670136285726e-01,7.148341188249094369e-01,4.745570571603627830e-01,7.997227226810232903e-01,9.220709129378975577e-01,6.668542019244796393e-01,5.162759902976833404e-01,7.736017821608212053e-01,6.403039266645240701e-01,6.085862723205056612e-01,4.756844036143081378e-01,9.240253554364018240e-02,5.373608120359226747e-01,7.343965924311772753e-01,8.110829573856138675e-01,4.519721923013457765e-01,3.915632421023376719e-01,3.892070558977162031e-01,4.302987723965891464e-01,8.153828541589981382e-01,5.303970728145601665e-01,2.534289138073786418e-01,4.067564305548463932e-01,9.394066645634180368e-01,4.656845845214535040e-01,8.995021876821576168e-01,5.001108918159390404e-01,2.825118750702722004e-01,5.554180821836871562e-01,6.585953880285527751e-01,4.171176133265564467e-01,6.927584056781583843e-01,7.169054917356667556e-01,9.450527831614937702e-01,6.238853270828175202e-01,8.077588079675348531e-01,7.333870379397838812e-01,5.509279023737256864e-01,9.542569343229863055e-01,8.253169883786932726e-01,3.550008777689077633e-01,6.372974069333534608e-01,5.051943427637100026e-01,7.987302738879505926e-01,8.516884373386365281e-01,5.936062098193237713e-01,4.085057397990877748e-01,8.256526389325764548e-01,8.805246673257879353e-01,4.037975988197418653e-01,9.063981593984801188e-01,5.268585609512379531e-01,7.457649172776756874e-01,4.626733983782519988e-01,6.223861411330498111e-02,7.269716142963762451e-01,8.074949204689195748e-01,4.207883109750504280e-01,3.561953830369378737e-01,2.000764857003269059e-01,2.251108945260873184e-01,8.352361459082364714e-01,5.394891630546446715e-01,8.738956036717684395e-01,8.734509329311673786e-01,3.800993525252633898e-01
9.241512896546230094e-01,6.857076548779701408e-01,9.168469732400481575e-01,2.553773190611443034e-01,7.199912301940347703e-01,9.673929737764718206e-01,7.164826161339782340e-01,5.829228587469791334e-01,0.000000000000000000e+00,7.528322177734080300e-01,2.667238492880030787e-01,6.289462093748023896e-01,7.362813653423379012e-01,9.275308660283742013e-01,7.376570827039248268e-01,9.296385004555529630e-01,6.504404121834761465e-01,7.269439966488895344e-01,5.823641230683213044e-01,8.179083387309823427e-01,7.738913888358986970e-01,9.731484592117658483e-01,7.321449785796836363e-01,4.828523675671370641e-01,4.889073937721660074e-02,6.634439340364286508e-01,8.805469839667425802e-01,3.291167238491151670e-01,5.824519826114595844e-01,4.179390950883205558e-01,6.150882606200076541e-01,9.622662290307856248e-01,5.655514277445090610e-01,7.016997053165928699e-01,6.164029355280205014e-01,3.694011956010215814e-01,9.506857321910830994e-01,7.914335693007576999e-01,8.028222353497267427e-01,5.176100160898124969e-01,7.248614319014619056e-01,7.152571746625194793e-01,6.908226278399454134e-01,6.604333061510575531e-01,7.623562892697512972e-01,8.529006419690786656e-01,7.912681489702932947e-01,6.806465026805939011e-01,8.925032454499746137e-01,6.332418987009534872e-01,-3.267036701120272224e-01,6.244436582980743555e-01,8.923743630771420188e-01,5.522813174498658606e-01,6.218229290319223779e-01,6.352405996675895006e-01,8.057626712673695568e-01,9.067812187362984666e-01,7.789512903179961478e-01,7.504585316844148979e-01,5.031509758239695040e-01,6.587347533791757526e-01,6.500864923883896696e-01,5.378331728355956187e-01,4.632924424044635447e-01,6.261293865674336656e-01,4.358033722764099172e-01,8.225920085474686116e-01,4.306043513821370405e-01,5.760788510811430951e-01,5.413392379254776676e-01,2.317034818221838655e-01,7.061331397613548333e-01,7.227476504435783600e-01,7.955701785022605277e-01,3.393476188864728016e-01,9.440400369902086641e-01,3.922013943058692553e-01,5.960283810977498042e-01,8.415130547543661632e-02,4.213588319111665759e-01,6.462022199977466297e-01,9.480252529299628694e-01,3.165217359724044610e-01,7.318827625523479652e-01
5.154066827374578219e-01,5.360121150650511979e-01,4.572216764457186500e-01,4.390589737882883981e-01,7.536625655078648123e-01,7.881992335815655171e-01,5.729955134171611508e-01,6.898105300225114700e-01,7.528322177734080300e-01,0.000000000000000000e+00,4.763056312227724742e-01,9.300736125024388068e-01,8.182746496680501913e-01,6.368687291752332946e-01,4.254503770304776666e-01,1.363385744453528836e-01,8.278994495417100197e-01,5.130484034462547971e-01,9.968401628234088152e-01,9.015646289284632298e-01,8.324306518274423583e-01,7.649323950335286115e-01,7.859471702525109293e-01,9.255705089228696281e-01,6.165886336894574882e-01,6.848713676319452270e-01,9.328031456097839458e-01,9.033755315725645607e-01,5.986248078215513635e-01,4.504791555012956361e-01,6.849291761916111998e-01,5.045470758791275045e-01,6.153962785742504993e-01,3.327319867265775000e-01,6.859728211876841009e-01,3.167931320007680851e-01,2.394035435506606802e-01,3.176688105243120619e-01,9.673239894981491283e-01,9.378964736825828874e-01,5.578400850571819669e-01,4.669334936993875251e-01,8.976271067857712893e-01,6.753183284139558928e-01,4.371557855378296886e-01,9.059105508216948044e-01,7.866675112671754899e-01,4.597602968778689014e-01,9.798144691587988842e-01,7.632378760570680543e-01,4.263347269526898686e-02,6.906939803587353044e-01,6.611663296203968976e-01,9.874329068898153317e-01,4.787032915642896458e-01,3.686586821627435562e-01,9.297811156855180226e-01,4.180090957720162259e-01,7.318267401581617371e-01,7.833330251788160614e-02,4.338253560924330565e-01,6.469255303281972180e-01,5.604974939565013914e-01,8.775786919437505995e-01,7.054080029320163314e-01,7.225718019328851716e-01,5.263798242903283686e-01,2.829414444333310241e-01,5.202665975562187350e-01,3.023272914286833646e-01,6.214571377031268273e-01,6.343864863205068705e-01,6.681051448565976658e-01,7.774083622744245581e-01,8.193339412994616877e-01,6.478970092228397704e-01,6.167645246585881091e-01,6.231804322781634431e-01,6.504576601325591234e-01,5.311086874834124449e-01,4.164348266610693461e-01,4.675033368748625073e-01,7.042802097823701590e-01,8.745988848232135737e-01,4.836818497812212514e-01
9.954183461644485753e-01,6.691667653659435500e-01,3.476294735823513560e-01,8.221295341939339751e-01,7.446414310742237586e-01,8.671517060584728043e-01,7.498179996689142701e-01,4.568477838592552853e-01,2.667238492880030787e-01,4.763056312227724742e-01,0.000000000000000000e+00,7.823181408684249938e-01,6.457632839082534382e-01,6.026291120126985312e-01,3.296782494172937339e-01,9.398061729565956313e-01,9.982552431370348422e-01,6.125115684963750029e-01,7.176841605462532803e-01,4.715269502670854651e-01,9.892547171290279051e-01,8.409614340430816570e-01,8.203217472479981121e-01,4.114569804877645787e-01,7.830973098887415995e-01,8.568564723262500626e-01,8.372070037294915279e-01,9.015628275861171659e-01,7.566592651128517533e-01,5.721616993067991652e-01,2.239783024283866220e-01,3.321036948893917318e-01,5.961133597026119224e-01,8.617085247178233320e-01,7.184896872567706483e-01,3.245239518311567317e-01,3.895097104090095019e-01,3.175772389212909164e-01,9.150667067289679490e-01,8.198112937925282617e-01,4.618590389761320081e-01,6.680806429773888944e-01,7.651249439197147506e-01,4.736081249816166960e-01,4.909491727545087780e-01,7.628672551913965316e-01,9.023878549230006652e-01,7.161494752804028474e-01,3.302585160814458520e-01,8.282707448322851329e-01,8.307534014658719546e-01,6.395211137919688538e-01,9.742002964290095157e-01,8.179481708258239392e-01,7.025023666145266965e-01,7.873600176762791669e-01,9.641431258549763017e-01,6.551078541970588587e-01,9.723365038400347826e-01,7.014368985076615548e-01,3.904539866559173650e-02,4.041745587038910181e-01,7.836860792548439036e-01,6.443132059534338874e-01,5.594279175415202143e-01,6.165866054096078575e-01,9.264062892174842467e-01,9.263163098802628115e-01,6.999176638415738338e-01,2.809372388815808974e-01,3.065808471895433152e-01,6.913995215979678033e-01,5.272059568375582206e-01,2.717607687349442580e-01,4.143152583446918502e-01,8.711671343091804687e-01,7.820268260951264150e-01,6.611675727745734976e-01,5.169601697827033160e-01,3.344246470709174579e-01,7.075450336233892745e-01,7.153962054233984347e-01,9.173810695010063965e-01,7.560564024085363322e-01,3.103860767985656688e-01
6.126887517461970800e-01,9.233463150256329688e-02,8.293193391360792477e-01,7.021215899304064090e-01,7.348546935357841425e-01,7.171920704262333413e-01,2.659816014640503101e-01,3.322900362082049086e-01,6.289462093748023896e-01,9.300736125024388068e-01,7.823181408684249938e-01,0.000000000000000000e+00,4.524398760391831198e-01,6.051432350255835368e-01,9.628047945257848239e-01,7.860858867752682499e-01,9.303274905680350981e-01,6.479684923878324676e-02,9.408946645118054786e-01,9.888375311810798651e-01,7.784666720439341603e-01,9.967179526485608898e-01,8.368832946942095230e-01,9.929182644807901248e-01,8.939343812085314145e-01,4.350117065167444785e-01,8.723036535429327110e-01,2.657826401761961277e-01,7.726162823909670241e-01,4.119917046577581399e-01,9.411969137024268628e-01,7.074955127109626707e-01,9.291926555969324264e-01,7.982172880054432262e-01,6.750648596888111364e-01,4.226348923959746262e-01,3.321429580012780214e-01,5.136081069639329977e-01,6.444401024011041645e-01,7.536503310490483276e-01,6.964329770247890128e-01,7.043700885073741480e-01,8.814764701636539357e-01,7.350733281440231526e-01,8.486524442245240163e-01,5.740312921141793590e-01,6.017891204540684047e-01,4.434083648595083527e-01,9.152343661171258304e-01,4.776530172007936170e-01,4.599299176442593895e-01,6.896966738197906066e-01,2.501041911591126432e-01,1.549495685732324990e-01,8.190638529538304402e-01,4.791353283667142415e-01,7.241834089275815955e-01,3.274246622773028803e-01,5.632785835149374254e-01,4.091006509828075122e-01,5.737329712133134585e-01,7.467773595969048328e-01,8.782163423534193880e-01,8.937958702478687734e-01,9.237367422749156454e-01,5.245196770196172142e-01,8.453895937995181686e-01,4.825942243933711850e-01,7.589370705421174534e-01,5.386152234020268326e-01,8.541541168899841052e-01,8.357302976707411402e-01,4.997575267221262552e-01,3.126122000304485532e-02,8.470163709506011163e-01,3.712562490729490738e-01,9.952328711063314071e-01,7.729789606547746716e-01,6.455023229653974459e-01,4.970834391637245497e-01,7.220700617418510658e-01,2.843805928841176556e-01,8.782379360726146889e-01,2.026779036481232699e-01,1.481958780971816825e-01
9.318176407041957043e-01,9.288209916377958564e-01,9.422805589133035342e-01,8.339037928786166010e-01,9.589416751385939630e-01,8.762520602796721736e-01,3.578332793324077166e-01,9.550368614544965107e-01,7.362813653423379012e-01,8.182746496680501913e-01,6.457632839082534382e-01,4.524398760391831198e-01,0.000000000000000000e+00,6.800050382625852929e-01,6.502273468101987808e-01,7.114155910560728824e-01,7.537263157989667617e-01,6.710919126699932402e-01,7.968670745982091574e-01,8.340406568499295625e-01,8.174377476124263797e-01,7.569730957343592248e-01,6.069504817700346333e-01,4.417324362679103666e-01,7.699267317367334273e-01,7.432587775100495397e-01,9.357292940692345518e-01,5.877214296420433248e-01,4.799642391357551996e-01,6.696535643756482692e-01,6.131428426927927333e-01,1.794481602186069891e-01,8.290326435061441401e-01,9.220899418921275625e-01,7.241845747094467489e-01,3.388471282506577698e-01,3.416300047019095176e-01,7.495044164316114754e-01,9.209692016638599821e-01,8.164080839160875458e-01,3.870159823942325716e-01,6.612846896942778940e-01,8.441466712338474565e-01,5.408542914696289339e-01,3.696932913893942185e-01,6.721020212010893058e-01,6.135020468306321417e-01,8.341284349044550961e-01,6.318576197757731494e-01,8.085088167490733779e-01,4.257828662053964042e-01,3.444820610670245031e-01,7.102996836650210533e-01,9.114567464783224215e-01,6.834923779781761910e-01,9.483988281903297235e-01,7.257275478607252417e-01,8.329736260743881848e-01,7.128513052676274109e-01,5.814664233871349452e-01,5.700615921261121821e-01,8.427454182544449335e-01,8.966657821962821240e-01,8.806047478687799579e-01,8.188802947763537121e-01,2.241771601295251826e-01,8.179837784866770267e-01,8.305328582495872247e-01,5.527629472988929704e-01,6.560330672811836017e-01,7.598461049356648456e-01,8.050275336098147161e-01,-2.894098560939856180e-01,2.149096822114917316e-01,3.250109034777285966e-01,7.998466193939159918e-01,9.641009964437374791e-01,7.283555416944228478e-01,3.692137902189659426e-01,4.878298232328436290e-01,5.727818764309483557e-01,8.703608457137215204e-01,9.616225362645566266e-01,5.185300085609553244e-01,5.192547403261166261e-01
8.452083166011614690e-01,5.227902128787050851e-01,7.666797544117684993e-01,7.160981252408871178e-01,9.929456833763407042e-01,8.694067979719833916e-01,4.766551424898839429e-01,2.327038962760919188e-03,9.275308660283742013e-01,6.368687291752332946e-01,6.026291120126985312e-01,6.051432350255835368e-01,6.800050382625852929e-01,0.000000000000000000e+00,6.434713732139599740e-01,4.362052684426744875e-01,6.578649691551694545e-01,7.435982153142043360e-01,7.943296134173164491e-01,6.453640721822246906e-01,8.517988223886350241e-01,8.519292243834488687e-01,1.817217536819255019e-01,8.924188902603039653e-01,4.819244853577731025e-01,4.839502409296015939e-01,7.454285884967331022e-01,5.254310418422881712e-01,8.197113137366869307e-01,4.798705257878880803e-01,2.801657662891727796e-01,4.808581144434924681e-01,9.341817304596452542e-01,8.130419397462719244e-01,6.783057884609935417e-01,2.929383660069151407e-01,3.471441419706842724e-01,8.439771516772032189e-01,8.196894730446134814e-01,9.178783724224907070e-01,5.490593660026714673e-01,6.611663961940041911e-01,9.024978946123253243e-01,4.519408363449583521e-01,6.867648071607418414e-01,3.846478756372401775e-01,7.539400676078152896e-01,1.186939557595927466e-02,6.839908813688798661e-01,8.492131808000380477e-01,4.634345676980277662e-01,4.776328695279135061e-01,7.038064783914189659e-01,9.440164176163419185e-01,5.819346683725330482e-01,8.042355241123133602e-01,8.451293989712823640e-01,6.268568026348161348e-01,5.167929069643455442e-01,4.315908973004278226e-01,4.336169397913345325e-01,8.486003907141332903e-01,4.165073580627454142e-01,6.662769511635386888e-01,7.438220844983876034e-01,9.031886827621397051e-01,6.386035111602631487e-01,7.808804799030188981e-01,4.055968503141222370e-01,8.488076612919266406e-01,6.593995140587001202e-01,8.592439198030981107e-01,3.526520360991723946e-01,7.684063558278734218e-01,9.771536870784062190e-01,1.479196326884927859e-01,4.677544880823784057e-01,5.495211882385538926e-01,2.349319370399671481e-01,2.150096939984627031e-01,6.766506817524937656e-01,5.433882599142801917e-01,9.414225034848477947e-01,-1.565920016996005804e-01,6.411675229650104502e-01
5.711163166442098094e-01,3.436374832166638749e-01,8.377806957966336121e-01,4.023725608038682955e-01,4.186138539681384385e-01,6.756767262693990084e-01,5.071100961729778644e-01,6.359753386613318238e-01,7.376570827039248268e-01,4.254503770304776666e-01,3.296782494172937339e-01,9.628047945257848239e-01,6.502273468101987808e-01,6.434713732139599740e-01,0.000000000000000000e+00,6.097702178749274671e-01,8.042209099811932216e-01,3.059542492265578395e-01,6.685099595055242760e-01,8.085651916335400147e-01,8.005113477331994298e-01,3.733294180717088295e-01,2.872102086389708986e-01,9.357002085731280783e-01,4.010320031693281329e-01,7.891542248647813729e-01,7.183766301000608090e-01,6.040797443932943711e-01,4.325785167233128226e-01,6.899352548575333754e-01,3.732370392198369746e-01,4.419887961286912414e-01,5.231171352623820159e-01,7.399647590833402511e-01,9.741852922746782051e-01,7.074267296258646143e-01,6.087356421937671902e-01,6.235601192779461899e-01,8.528443615740104455e-01,8.561761883498155701e-01,2.185133689757759110e-02,6.271793252570611044e-01,9.380520311327661398e-01,2.061451748805499806e-01,2.624196748655276967e-01,9.938318928443699019e-01,6.017164020363811039e-01,9.019389985758177186e-01,7.535926008854576530e-01,7.030056890985411089e-01,5.150228230820946829e-01,4.515021580534573920e-01,8.506366484033002218e-01,6.266048045705880920e-01,6.366159257474355293e-01,8.022420493300208566e-01,2.062328081857896511e-01,9.625206602747290452e-01,8.151721767574252597e-01,7.119871040064018608e-01,5.890840528121712438e-01,6.949833399180054272e-01,5.972443549862379575e-01,9.628583885237140816e-01,9.756192712101986464e-01,5.072968965779387496e-01,9.678800734320390786e-01,5.027839653326897640e-01,4.295260353479573578e-01,3.995018695531585839e-01,6.544755966939606040e-01,6.034994368631260153e-01,5.248309067300556130e-01,6.874499584607846048e-01,9.186498032623705567e-01,7.193158938947199488e-01,5.752160279320809311e-01,9.621644993278963831e-01,7.626073663786857582e-01,2.250060947677894885e-01,5.961104071882585842e-01,9.413992098168268985e-01,8.976212708455051370e-01,7.022704432580118006e-01,6.711184627863022722e-01
4.692717451318229593e-01,7.267797511428539803e-01,7.258447487089539907e-01,7.126925924507607757e-01,1.159454167142535685e-01,2.652200038147241590e-01,3.990106069078594997e-01,7.393448897859656865e-01,9.296385004555529630e-01,1.363385744453528836e-01,9.398061729565956313e-01,7.860858867752682499e-01,7.114155910560728824e-01,4.362052684426744875e-01,6.097702178749274671e-01,0.000000000000000000e+00,9.560859561492920378e-01,3.778059640880685466e-01,4.949224109785225201e-01,5.478686644367807279e-01,9.319748157717254733e-01,4.152074017607514933e-01,7.053698576735309977e-01,8.492463840642234807e-01,4.494754553099770678e-01,2.447481789854206169e-01,9.996140296105466838e-01,2.202845728694923233e-01,4.381571050896340691e-02,3.688565747305666553e-01,3.597905660902345204e-01,3.456202088421013174e-01,9.004662932501082961e-01,5.688484358860964596e-01,7.551869488692910526e-01,4.703804979274189835e-01,3.643115407568631170e-01,7.728481197881155174e-01,7.219045716633805121e-01,9.462064691722258392e-01,5.893154438675369811e-01,3.425402470106435060e-01,9.640885059486404840e-01,6.679992846496601855e-01,8.188092239645927695e-01,8.921594245534832934e-01,9.585372169825213673e-01,8.466763816313507274e-01,6.819953816289282544e-01,1.080560625293362498e-01,3.838990679631846814e-01,9.650273241028034521e-01,7.773194988979971187e-01,6.561618986804280684e-01,4.824441447101127656e-01,9.075577148787812298e-01,4.889884117675476483e-01,9.845473735546446115e-01,5.356229011376469895e-01,3.662249524022711533e-01,3.193683938687474355e-01,9.723489521108611422e-01,6.036662655858178184e-01,9.339413226283392877e-01,8.895318484623424560e-01,7.951484934603532118e-01,5.704785604422277778e-01,9.813829336336097331e-01,7.810615932179013621e-01,3.381899874169931874e-01,8.964776969706860221e-01,3.945236199300733992e-01,1.302631409811774166e-01,3.319117419994874196e-01,7.313853329463551045e-01,9.654492896442957717e-01,8.553536693584193884e-01,1.452860867938892964e-01,4.087569782842960242e-01,5.518745573359196133e-01,8.859832591183460782e-01,8.464041773683805836e-01,4.961693738579009416e-01,4.998351329591513847e-01,7.074892211302550304e-01
9.027875794476818427e-01,7.526569711668400497e-01,9.463126587034665915e-01,4.427057016868125583e-01,6.822183104087481409e-01,4.468266129917899954e-01,8.339980082724791632e-01,9.918793451046596932e-01,6.504404121834761465e-01,8.278994495417100197e-01,9.982552431370348422e-01,9.303274905680350981e-01,7.537263157989667617e-01,6.578649691551694545e-01,8.042209099811932216e-01,9.560859561492920378e-01,0.000000000000000000e+00,8.435428100330244483e-01,6.325832513962420522e-01,7.535702326438252774e-01,8.892444594561427218e-01,7.574971056957553461e-01,8.423474199293843334e-01,9.875217140504070068e-01,2.827655512736023669e-01,8.276291470437840969e-01,6.127145276760432857e-01,8.625779575894313433e-01,6.398600259903807208e-01,7.589281600927438864e-01,5.463759397885413760e-01,9.842374777658762230e-01,6.816995845009271582e-01,6.349084463791064836e-01,7.267233939253120445e-01,6.729415072514610685e-01,2.824053741599875655e-01,7.594728749487231756e-01,9.627783046694815550e-01,9.101931707434463004e-01,7.894444202782047171e-01,8.359479343232621984e-01,9.966749799695544532e-01,6.295419274839303414e-01,9.084832597731298254e-01,7.104013775605624303e-01,6.290428142995028171e-01,7.207723348250265616e-01,8.934184748102038665e-01,6.650093684246289882e-01,4.862128311958396898e-01,3.432745423606306523e-01,4.945406488300891912e-01,7.209529848777250782e-01,8.000082769550537209e-01,6.687916868346348576e-01,4.577413364976775090e-01,8.914432350806086314e-01,3.153427374439776720e-01,4.960298685232549798e-01,4.021831655465983868e-01,7.494838687024335533e-01,8.855253039235563284e-01,9.901365101354372422e-01,6.444901113591687825e-01,6.012450933346004112e-01,7.992178248696546472e-01,8.081132376832543818e-01,3.729902765999260628e-01,7.934781384725664299e-01,5.972887944404909888e-01,8.100375027629674873e-01,2.300985515206390442e-01,2.048419434863078537e-01,7.128012655865791913e-01,9.215147468304523137e-01,9.089129192319927997e-01,7.117014597306962065e-01,7.482440989291346822e-01,2.372968114640647552e-01,9.963895965679789857e-01,8.922102778026065328e-01,6.606671719628061101e-01,6.012114567147739397e-01,5.386527597333443662e-01
6.289309770450773884e-01,7.800647334782513376e-01,9.437777914170536464e-01,6.275025780795893127e-01,4.543969649492269336e-01,9.715700013258427026e-01,6.332377953745018662e-01,6.733520464720434973e-01,7.269439966488895344e-01,5.130484034462547971e-01,6.125115684963750029e-01,6.479684923878324676e-02,6.710919126699932402e-01,7.435982153142043360e-01,3.059542492265578395e-01,3.778059640880685466e-01,8.435428100330244483e-01,0.000000000000000000e+00,9.288040940352939590e-01,7.370871138519973220e-01,9.662921981809470262e-01,9.891377296141280473e-01,4.465668207905417186e-01,6.147558676666178279e-01,6.839771490005186472e-01,7.261866175313131944e-01,7.457290437453683030e-01,9.220155891373824630e-01,5.923340435424980788e-01,5.123437627089784119e-01,3.880158743122692488e-01,7.853357379560145235e-01,7.269233227753655324e-01,5.225751620891061489e-01,6.573011292222685764e-01,4.676891326392901282e-01,5.782863144097316610e-01,6.810870000002333668e-01,8.687026726315077996e-01,7.705011260861156508e-01,3.045471660395195346e-01,6.230752318836080272e-01,9.099937321054361039e-01,5.867726101970930364e-01,4.600023215493258544e-01,5.899751486661011235e-01,7.070540442386196167e-01,9.430740535538109093e-01,9.887457286806899948e-01,2.993378519068391475e-01,9.178931767915857742e-01,3.932336021994982111e-01,6.274006154231137611e-01,6.511111810140013390e-01,9.773712473045789162e-01,6.797420133000876552e-01,6.546063825871317743e-01,5.725242791657993990e-01,4.791338108223824332e-01,2.849450573609625947e-01,4.895750305119981327e-01,6.024600572636943374e-01,7.134044880676287947e-01,8.705267754080061593e-01,6.593278783318174963e-01,6.080384025616152321e-01,6.293933186084657017e-01,6.985207976345783054e-01,3.845533515794754553e-01,7.235801014973471945e-01,1.707689436432548724e-01,2.632949128302248254e-01,3.288270719687075849e-01,3.958313470304684056e-01,5.214236137514952629e-01,3.508592757881091595e-01,8.054704028595573995e-01,9.310408572200622457e-01,4.019937820160444653e-01,4.200431020764795464e-01,5.024346342952755728e-01,6.905158880907139585e-01,9.508068490845476006e-01,4.499688168699434998e-01,5.950032545155861108e-01
