0.000000000000000000e+00,8.162020923865064281e-01,2.522697924703669603e-01,5.499910650717032556e-01,7.847635890230162392e-01,5.909941848232743711e-01,9.961634450388863193e-01,4.983875109526635372e-01,7.400155915776229776e-01,8.784992546204160035e-01,7.525250286930664778e-01,8.398902826096397156e-01,5.547742019851934492e-01,8.287588282967079945e-01,9.752559644207812184e-01,9.445263593299895177e-01,8.932492739123053527e-01,7.339401400743901238e-01,6.389047959725595582e-01,9.744734627282466422e-01,7.807666629640750422e-01,6.232533852139249264e-01,6.006705262072178364e-01,8.262578204341398669e-01,8.396681620328847462e-01,9.338870506540993821e-01,4.881906148385118938e-01,2.642764834656585737e-01,3.670839760401392038e-01,4.658284418749736311e-01,2.118079500445999575e-01,5.608589537310061379e-01,8.050535289874273248e-01,6.152155070134480708e-01,8.669614138063985731e-01,1.269088096583488416e-02,2.476619133714759169e-01,5.146598456599776883e-01,2.815735116550126538e-01,9.846822979383280661e-01,7.947123820723163146e-01,9.654325719917481452e-01,9.869918562337545165e-01,8.990028408469981080e-01,7.435031287097764174e-01,7.737664940378478073e-01,9.692262581151038781e-01,9.347399637042828058e-01,8.280642775914678344e-01,9.511634007230644894e-01,6.606011948285076540e-01,4.848084005900258342e-01,4.685798960801697000e-01,3.156212508049903720e-01,8.864191583207926550e-01,6.378751991183156944e-01,9.826954457811910570e-01,8.998758851948887028e-01,8.865019562876182979e-01,6.697909979812752823e-01,3.217172675153294747e-01,8.934451079852631095e-01,9.830969601354541121e-01,6.103905903715713954e-01,9.814337267170486490e-01,8.174554328546421722e-01,8.458011454727316636e-01,8.550685111033772268e-01,6.456385216581898012e-01,8.241051913199075596e-01,8.843511437217236315e-01,4.604656022512962910e-01,4.428996320005296750e-01,6.105360738486422800e-01,8.221568196369861692e-01,5.899603035559926045e-01,8.743744870963766624e-01,6.705567056713985785e-01,5.086933770404331590e-01,5.793641537440735734e-01,5.539523935707698632e-01,8.981358974267580342e-01,4.721353109098296308e-01,4.188242803912745060e-01,7.787639376860480134e-01
8.162020923865064281e-01,0.000000000000000000e+00,8.219174343122082060e-01,6.190063467577407996e-01,8.242721282797318416e-01,7.658735006951271629e-01,5.881142835835559968e-01,9.702160902836522993e-01,5.532047601865992537e-01,5.057680930314795154e-01,3.513663983802110535e-01,7.191873266906636530e-01,1.941860434500166932e-01,2.054004838232337815e-01,5.161235183898404966e-01,2.138008445932252088e-01,6.061694605488952003e-01,6.073195458146628534e-01,9.038351895601544062e-01,7.418820555443467191e-01,8.261265063794345220e-01,9.413351079594565185e-01,7.977993423078690860e-01,8.514703730852248853e-01,7.838367109375106168e-01,9.034064254332176969e-01,4.750426551885921223e-01,9.384099687567669656e-01,2.708129032166854966e-01,4.894702626605713647e-01,2.581108030340772408e-01,4.171802873420893953e-01,8.696912430680701078e-01,6.629867055068298098e-01,7.606637807850454847e-01,2.461043354079732737e-01,3.410285208088374431e-01,7.790091333020224829e-01,9.383341199581698433e-01,8.130799349516940611e-01,3.558233012976430576e-01,4.973696357235592447e-01,8.345262701742559575e-01,9.396920943463357156e-01,8.214552902245131349e-01,6.305464820869118858e-01,9.756611813926416854e-01,6.731361221305953713e-01,6.781528571759272150e-01,5.149980567445666679e-01,2.591073235741437331e-01,9.581256452628776898e-01,8.507401349252808886e-01,5.538853798478540202e-01,8.274954297985031015e-01,6.200131269739008744e-01,8.145526155809462709e-01,5.626467765263072629e-02,6.094337182671680786e-01,3.294511461737965607e-01,8.863729831919358038e-01,7.545400699596795935e-01,9.505100890769788702e-01,8.796188161692849450e-01,6.794190845536016710e-01,9.431559089062458989e-01,9.321468244977495488e-01,6.263570066856071206e-01,7.595770251711509990e-01,3.056765079467407276e-01,7.984378915417802425e-01,6.267664483588299973e-01,6.285543145993693903e-01,7.914926614401021077e-01,2.050003762996704393e-01,3.339815166272526170e-01,5.750049146830811253e-01,5.764543175822340881e-01,5.146167505802422548e-01,4.909860724857889602e-01,6.400176489234865596e-01,8.502777123518179270e-01,8.853595223525319025e-01,6.142672314165563696e-01,8.417766646424550414e-01
2.522697924703669603e-01,8.219174343122082060e-01,0.000000000000000000e+00,8.119215163991677642e-01,3.820582285145174839e-01,7.199451351535751664e-01,6.776762302839005603e-01,3.593081551473426005e-01,9.218124010419086467e-01,8.999761625373503549e-01,6.463610510180385349e-01,2.309973870721915012e-01,5.111649185558063690e-01,8.727463050918431442e-01,8.544209201733498071e-01,6.742319760774111437e-01,5.320419042460973191e-01,8.956899917355336527e-01,6.976862782397457163e-01,9.113384837138120975e-01,9.916026714127093022e-01,8.966042046946218758e-01,9.361936542404509787e-01,8.436143070400210497e-01,8.972686708222905594e-01,5.085130678905493973e-01,8.998137693103382961e-01,9.360423215923856510e-01,6.391375506973119291e-01,4.929069164247614765e-01,4.532851231759209010e-01,9.932500885105747246e-01,6.618126818248192267e-01,8.981892758344403038e-01,9.270466698765260638e-01,2.094840483619999083e-01,1.190454444561533098e-01,7.531006949725925770e-01,8.966599473454877067e-01,2.604089657386394752e-01,1.927049001011141849e-01,9.673658701833435236e-01,8.017099260294454632e-01,4.065239421234251860e-01,9.584129387325968086e-01,9.670365395353767157e-01,8.736783351809569442e-01,9.824167355375104105e-01,6.347954453189942337e-01,5.861427699769207189e-01,8.314179029241944852e-01,6.838280591647473150e-01,8.788976396628691568e-01,7.891117932631703802e-01,7.189551992063556440e-01,6.678713211064432054e-01,9.528948677008394208e-01,2.694018577616774657e-01,7.750779806336596245e-01,9.048338634180778106e-01,1.747930691407132142e-01,9.835349226133554001e-01,7.810416106190447572e-01,8.018434729580347087e-01,-4.448906970851917997e-02,8.140407192229712763e-01,9.986076158786056922e-01,6.018756897347149470e-01,9.081655328890774204e-01,9.411790455817886647e-01,7.358651075493866101e-01,2.019101374497931367e-01,4.164934135744080002e-01,2.918493468313184680e-01,8.863766697820638640e-01,8.535006419012050038e-01,9.433383054959917358e-01,7.301916226245892538e-01,5.545370118323448283e-01,2.912536812896153737e-01,8.668150245390089381e-01,6.017093925236514096e-01,8.607577252667424350e-01,9.342835599094356791e-01,9.277003677833272066e-01
5.499910650717032556e-01,6.190063467577407996e-01,8.119215163991677642e-01,0.000000000000000000e+00,7.461915049937287714e-01,9.245074082929513049e-01,1.542379118356503875e-01,5.131434561687034934e-01,8.116365643977627720e-01,6.879900960816222044e-01,7.344713187069970006e-01,6.876515257723271324e-01,6.167921295197018594e-01,9.025478256757406559e-01,9.349742302329869803e-01,7.200768705810348669e-01,9.756595573857547166e-01,8.343808345797680825e-01,8.218162644460754729e-01,6.296916438868296328e-01,7.444710802729179733e-01,9.847967966536932405e-01,8.292133739740543685e-01,8.812555514066966467e-01,1.756240439892151617e-01,8.703642078841036245e-01,2.330401005023804983e-01,9.120687096554492834e-01,6.632599739776630088e-01,5.224057294540693785e-01,5.824561215091031419e-02,3.216741636961342188e-01,6.337254199026525203e-01,5.287503192191274071e-01,9.812392646908598692e-01,3.108663207766598768e-01,2.844489308137441164e-01,8.333498498437593716e-01,8.323145667510277734e-01,2.589435475784716556e-01,4.706617750996859306e-01,6.880556201112096870e-01,8.828442496366355474e-01,8.636522192126244724e-01,9.422290638938739527e-01,4.227338146268807550e-01,7.662161640045543898e-01,5.700605993096967694e-01,3.862588201553452394e-01,9.425673269870626925e-01,7.729094338320019464e-01,9.522164273043148830e-01,6.811273969252313876e-01,7.797354967867058395e-01,8.456374015456916693e-01,8.960756541381472706e-01,6.387318551144003376e-01,9.389137858072684750e-01,8.813094880130466491e-01,2.590067841705510077e-01,6.280594926435437708e-01,6.444515928550418327e-01,9.910260530783120414e-01,5.852609388911982347e-01,6.272263107216550226e-01,9.772905418432479285e-01,2.241824228866022561e-01,7.615583663943595871e-01,6.757776710007715737e-01,9.073703549513696398e-01,4.293264105784868057e-01,9.703246983619085997e-01,2.083989481704797905e-02,7.762958040289724693e-01,7.910510112595318111e-01,5.431530305581744322e-01,6.667428937855165438e-01,2.540579006927193850e-01,1.316732390307246148e-01,2.017689907202258326e-01,5.971531474240463488e-01,9.404838455049832069e-01,5.974945366221922072e-01,7.045395680526718163e-01,7.202864597664446755e-01
7.847635890230162392e-01,8.242721282797318416e-01,3.820582285145174839e-01,7.461915049937287714e-01,0.000000000000000000e+00,9.501556591784788841e-01,5.945968117820701337e-01,9.333231041466161226e-01,8.324789740783952174e-01,9.833140308751296688e-02,6.607050553479105748e-01,7.967720576435419755e-01,8.978924690372540596e-01,2.489260999105036287e-01,6.196012660672641781e-01,6.011894825004262533e-01,7.948170352527816895e-01,8.588946900203302537e-01,7.231503833452341823e-01,3.434214303182703265e-01,9.208590684353630262e-01,5.804054518547018260e-01,9.235844960642176638e-01,9.392914041893327681e-01,6.720491795415841629e-01,3.215692260069520358e-01,8.770471027528631280e-01,9.733855440766313594e-01,1.251893962067764099e-01,2.542678458381672502e-01,3.587100551783452551e-01,7.194426756824182645e-01,7.414057615874934948e-01,8.608137286344161865e-01,7.804427289114508337e-01,2.842467796293761118e-01,6.986341697819974383e-01,4.939329236741800688e-01,8.579545415340160686e-01,6.378356450760072072e-01,5.045659206247171680e-01,9.830314961099397841e-01,9.914929940251839824e-01,7.394324832566196992e-01,3.929079619608785157e-01,2.116109979256064477e-01,6.219724808445910025e-01,4.988999685979721432e-01,3.888733867367243358e-01,4.203500322639914799e-01,5.262100944845222728e-01,6.882154067833230471e-01,9.813884077149815921e-01,3.870574161680404579e-01,7.220100020516487804e-01,5.208749803068852824e-01,7.929244795879305530e-01,9.681212277312748471e-01,9.671964411287746755e-01,1.304515783863590128e-01,4.671892718346116746e-01,8.434858797245530226e-01,9.654366248199555134e-01,4.977835173041751382e-01,8.540848524241878570e-01,8.802825244268841498e-01,2.504268587371214494e-01,4.705804382017308996e-01,2.773248217418721184e-01,7.311901449938706943e-01,8.598517878784899260e-01,3.463011310544902299e-01,4.407995252826530375e-01,7.469080809470065585e-01,6.515655809466492920e-01,2.943381857806176560e-01,8.525620390612058674e-01,1.000694615930448061e-01,2.474421144882552881e-01,5.562019320911549825e-01,4.173035462723500566e-01,4.653441341450623159e-01,9.448194276902280864e-01,3.073385825386563130e-01,6.954060228765455154e-01
5.909941848232743711e-01,7.658735006951271629e-01,7.199451351535751664e-01,9.245074082929513049e-01,9.501556591784788841e-01,0.000000000000000000e+00,5.552738228225149175e-01,4.051062872039411511e-01,7.380528446066974002e-01,6.305031836074282969e-01,7.316147173679494742e-01,2.428270968350937919e-01,4.800421815185689223e-01,7.098232592318443057e-01,6.836657232971883325e-01,6.843957277488377233e-01,8.024479875171534049e-01,9.806537048077101915e-01,8.886885340120967980e-01,9.289328599388477770e-01,5.424576649634368364e-01,4.051325116016137318e-01,6.579299270921057374e-01,9.949963306395521734e-01,4.471037924041961764e-01,4.499926201306630458e-01,6.084356052429715778e-01,6.904612228452217115e-01,4.945925862096702819e-01,4.925214369960699834e-01,2.343522314959854413e-01,8.912408262802109515e-01,9.598525990294011212e-01,9.342811308833077755e-01,4.067643149495582255e-01,6.154025249417803822e-01,2.762886872640751279e-01,8.160850294585071385e-01,9.919022540001503074e-01,8.213827024505194752e-01,3.932384061343468379e-02,6.842209411939140784e-01,9.034450383642779192e-01,6.408882453165714033e-01,8.493668447474831407e-01,8.786804046541869528e-01,9.527994604719267624e-01,9.253963464213598167e-01,7.542028235213488196e-01,7.828660902933242127e-01,7.612617399418624142e-01,2.234470456735389021e-01,8.433971747328409263e-01,5.298085644367339642e-01,7.698590020809925605e-01,5.747800979623933770e-01,5.920027770728258226e-02,7.021931603207850481e-01,8.487215493719147963e-01,1.678402299074486237e-01,2.739568198664013021e-01,4.073971372777056010e-01,8.157092783757309284e-01,3.063046670723073017e-01,9.780297440165808265e-01,6.933791359640230079e-01,9.111516284358630591e-01,2.279591566838184979e-01,6.765899930253156391e-01,4.023094819723260218e-01,8.841595682303829973e-01,5.848737871509506192e-01,6.617946330015630485e-01,3.984438683093119993e-01,-1.903012981077150390e-01,9.079363609067451213e-01,7.089648722004266990e-01,7.797064552810751836e-01,5.196017894086297773e-01,2.418230363942328737e-02,1.172101219207983408e-01,4.974982445618616467e-01,9.517087573492446495e-01,7.630352217172375884e-01,6.952852566390712585e-01
9.961634450388863193e-01,5.881142835835559968e-01,6.776762302839005603e-01,1.542379118356503875e-01,5.945968117820701337e-01,5.552738228225149175e-01,0.000000000000000000e+00,3.607573972334791046e-01,4.424407962081302048e-01,5.884958777321797063e-01,2.177836695164871716e-01,7.538870325266606720e-01,1.787152687933407369e-01,2.723992671581304537e-01,8.414627463128907525e-01,7.868983222466524596e-01,4.482697459326526190e-01,9.161601691023805172e-01,7.136590612927365962e-01,8.598821697696586996e-01,8.296815242201144303e-01,3.999056776453484008e-01,3.639742923504037941e-01,8.828797723560749544e-01,3.918443029861168325e-01,4.919687819672223794e-01,5.758325780205691968e-01,7.396411849364425972e-01,5.176638332276161103e-01,5.798712844405703448e-01,9.553348869581590463e-02,1.482407470103688264e-02,8.872340645773968415e-01,7.629182888241099469e-01,5.043846093547770248e-01,2.179276401492070969e-01,5.482699019521810602e-01,4.492230427391194492e-01,5.358166121940974858e-01,-1.543738444053469050e-01,3.321229063570972917e-01,5.043310092466796180e-01,9.331027457050751206e-01,7.401755784862944498e-01,5.057462684180349388e-01,8.024312285022382196e-02,7.703789398320574078e-01,2.443373238452571927e-01,4.645279447200949957e-02,6.743715313494145214e-01,6.996582822817436487e-01,9.992640682729658774e-01,7.595372119780229303e-01,3.583300699651097432e-01,6.751584754829120794e-01,-5.236239681907645105e-02,3.897009129239041858e-01,8.722863048254377027e-02,5.582071223592359743e-01,6.640369163286334864e-01,4.697094718834030624e-01,5.047630272068099888e-01,4.299348029147588846e-01,6.465509990579810795e-01,4.264236158993456316e-01,6.823309749640797950e-01,7.446554675867700368e-01,6.310829009385797717e-01,4.775547299252548283e-01,5.428460003455042315e-01,7.842293424944806191e-01,2.963558527638266993e-01,6.313516742762385059e-01,4.364969468404668040e-01,6.877936825863866233e-01,7.431754458870659663e-01,7.903513341190867569e-01,7.130745974725568592e-01,8.921733725420158967e-01,2.292515908372011468e-01,6.275055348113629528e-01,8.583694293632138095e-01,7.804180190839881126e-01,5.033724925634162073e-01,4.869687568276500067e-01
4.983875109526635372e-01,9.702160902836522993e-01,3.593081551473426005e-01,5.131434561687034934e-01,9.333231041466161226e-01,4.051062872039411511e-01,3.607573972334791046e-01,0.000000000000000000e+00,6.343253270526227894e-01,3.253190706278115130e-01,7.311070315401333453e-01,8.063294247615113708e-01,5.288462689936317407e-01,5.498882561681067010e-02,7.148866296550745458e-01,7.399782504436491770e-01,9.663635966323464999e-01,4.438146338027450510e-01,7.407447795535622159e-01,9.133237235245676988e-01,7.882676478509751394e-01,3.858174755437651648e-02,6.931690111571452428e-01,4.894466200976473336e-01,3.526698202393110382e-01,3.601663619094136459e-01,3.382486328967434508e-01,4.751599570579512211e-01,6.745074215394735173e-01,4.835266036166090964e-01,1.774289594372132628e-01,2.164380824382759472e-01,4.899545472005467639e-01,3.685379747332328537e-01,4.194229706267420532e-01,8.100030988325656808e-03,3.682090061581740903e-01,6.974315867040313810e-01,9.702310608170542361e-01,8.396295862481630845e-01,6.824701063518935351e-01,3.230586516401249275e-01,7.846366202836344561e-01,3.463154394537547587e-01,8.153912910751012211e-01,6.732232297901858953e-01,5.774989119390657732e-01,7.174065531375688476e-01,8.193908662825508671e-01,2.863040718841493026e-01,4.726317464414249159e-01,3.270966548650945382e-01,7.197769736912168481e-01,5.325247281099214636e-01,4.380257713160773392e-01,9.104980778880114034e-01,5.497928627477751684e-01,3.886765504016959083e-01,5.629163661697036414e-01,6.882148080412046065e-01,2.749860177501691760e-01,6.567371591355884997e-01,8.411887070560136737e-02,9.561566464101501905e-01,4.298539206501648668e-01,4.378171587665545261e-01,6.318640702343799598e-01,9.963677269461397312e-01,4.234327333371558089e-01,8.231058175265656418e-01,3.337415664123001280e-01,7.213859462936847988e-01,3.437558997278692408e-01,9.462306851743317315e-01,6.750175899944969027e-01,4.752340351878476254e-01,5.302141774228582571e-01,6.357795538478747677e-01,7.066058993304888958e-01,4.843905047172303302e-02,7.329232610945715098e-01,9.169289554314513646e-01,8.592568087655216846e-01,7.385897200372331106e-01,5.475106640484208587e-01
7.400155915776229776e-01,5.532047601865992537e-01,9.218124010419086467e-01,8.116365643977627720e-01,8.324789740783952174e-01,7.380528446066974002e-01,4.424407962081302048e-01,6.343253270526227894e-01,0.000000000000000000e+00,2.258563556656126847e-01,7.090384689175983635e-01,7.723493898133569902e-01,8.059179918245839014e-01,9.852336589227822516e-01,6.080544291746635688e-01,-1.063852268871759293e-01,7.765625308162013019e-01,2.323900574276319131e-01,5.900442262702105811e-01,9.664087681121686924e-01,6.603775307319889043e-01,9.791404109456582905e-01,7.819331936315330189e-01,9.517779050388741613e-01,2.692443553935615630e-01,9.624724733262777221e-01,7.324449311003015106e-01,9.100342522153400671e-01,7.355185826040340213e-01,6.208526771502045349e-01,6.897463068261940888e-01,6.466706272267429556e-01,5.457177132983234147e-01,9.801227169782056325e-01,5.048125401723639882e-01,7.738074194693593810e-01,9.461692164648266568e-02,7.512492826488472719e-01,7.799106471530730111e-01,9.439723470907905867e-01,7.038408365280448553e-01,5.859732848849172893e-01,6.033968301536907219e-01,8.763052935754651607e-01,9.256469376043759967e-01,6.661695040162514125e-01,9.453964480286293215e-01,9.165926110214541733e-01,4.744007586923092434e-01,9.195200421289402293e-01,7.067037365702548701e-01,4.796323278183560745e-01,9.708774082694174856e-01,6.192397381338621276e-01,6.192938059052340849e-01,6.871777528914972955e-01,4.903133529036662885e-01,5.804433544608473827e-01,2.101998152985198876e-01,5.997928701722436973e-01,9.593396874450749179e-01,2.642458474889344822e-01,4.721381364429633187e-01,4.344997377550663398e-01,6.765448355503169697e-01,8.340408754442770745e-01,5.833642894113282296e-01,8.290345004473581580e-01,5.545656118432366055e-01,4.977610874783025552e-02,6.672287207030948020e-01,5.379707524250442185e-01,7.578296178344328116e-01,2.568152249167815482e-01,2.784883386679674055e-01,7.578146479563439009e-01,9.800204339781779517e-01,6.799847795198198375e-01,7.067338281834250058e-01,2.511759237841623693e-01,7.037207037528625531e-01,8.695312724548659444e-01,7.745937116359803420e-01,7.695837225890281852e-01,8.159185231666801208e-01
8.784992546204160035e-01,5.057680930314795154e-01,8.999761625373503549e-01,6.879900960816222044e-01,9.833140308751296688e-02,6.305031836074282969e-01,5.884958777321797063e-01,3.253190706278115130e-01,2.258563556656126847e-01,0.000000000000000000e+00,5.835546578404011697e-01,4.182802312103662823e-01,9.822967558403841171e-01,9.533182370609543099e-01,6.993413423240355531e-01,4.603775512186840668e-01,8.941067662713984010e-01,5.620845968606064114e-01,7.802021430693086845e-01,9.618782563795785778e-01,6.701942795338776682e-01,5.742759222914369799e-01,4.747663448628371974e-01,9.867834459748916487e-01,4.828058708702189783e-01,8.457198980201037219e-01,6.552472796787308651e-01,2.871164242380974674e-01,7.625472747652592975e-01,4.894984564640767477e-01,7.897415313237476919e-01,6.952680954909767896e-01,8.765307386257774613e-01,7.564654348215041901e-01,4.397617675970812434e-01,7.107062687964661452e-01,1.883564712865514190e-01,4.026181088921857998e-01,3.138224182343614665e-01,4.635978621889965678e-01,4.721357175476123547e-01,9.222812823674296778e-01,5.748366657730846763e-01,3.598175397684126864e-01,9.619942757716303250e-01,8.440864530321766646e-01,9.945607890686439800e-01,8.334503447387338060e-01,6.151962303545592814e-01,3.671053513047169981e-01,7.819247171906453797e-01,9.765851497548827531e-01,3.056182125928979532e-01,7.415167615387490141e-01,6.235243224405565554e-01,7.753328660383430604e-01,9.115461787658248882e-01,6.268137188690985351e-01,9.485891228133048747e-01,2.611944576256999481e-02,4.189696571668121150e-01,4.954686079509765251e-01,7.425975506070247034e-01,7.413241498432404653e-01,8.468306661157587456e-01,9.814434021542635112e-01,4.044346484803963970e-01,6.143881163220339392e-01,4.244559813354222833e-01,8.241973824094694923e-01,3.801751986872310418e-01,9.838102931410603880e-01,2.450770275885277849e-01,9.360998294653883889e-01,6.671536268764486355e-01,4.827239818639151858e-01,6.488677023933039356e-01,2.740078851811475480e-01,3.440716964625840646e-01,5.012064405028998637e-01,1.447213739951771216e-01,5.686413796478360094e-01,8.585205676904102967e-01,6.094712623415069475e-01,5.343432966890602209e-01
7.525250286930664778e-01,3.513663983802110535e-01,6.463610510180385349e-01,7.344713187069970006e-01,6.607050553479105748e-01,7.316147173679494742e-01,2.177836695164871716e-01,7.311070315401333453e-01,7.090384689175983635e-01,5.835546578404011697e-01,0.000000000000000000e+00,9.747131071979645567e-01,9.700031847766070747e-01,7.334997664943764262e-01,6.210565445024041065e-01,9.287437830799867289e-01,7.874780780571645211e-01,7.661093913729281057e-01,4.009979300751339015e-01,5.605023654569432079e-01,6.785993702417265627e-01,6.767201979192062344e-01,6.989554033800832178e-01,6.881163559398529861e-01,6.819934645843728216e-01,7.204243109010870505e-01,9.074969529125587187e-01,7.747454012132086731e-01,5.749283136986143017e-01,4.792399889622738218e-01,4.352528608516761377e-01,3.203518034997770991e-01,4.579214168293219700e-01,6.393537401642999107e-01,4.698908393284854101e-01,3.924099128198677011e-01,2.524176642230704370e-01,6.265522749823320137e-01,7.472802625163789125e-01,3.516057542663809654e-01,7.291987185528833182e-01,9.135616353890655406e-01,8.306842210126488268e-01,9.945424236374310611e-01,8.557808129008943610e-01,3.955037801285207211e-01,7.004471592936322155e-01,9.343687238019812158e-01,5.270710504548007380e-01,5.667401399199074596e-01,6.065321028828153382e-01,3.260020961125631445e-01,7.939702142428982645e-01,9.445333657533319105e-01,6.640359372641262414e-01,9.345892339641704849e-01,8.718059136464352266e-01,8.009113172294579641e-01,3.684888157547920873e-01,1.946316946774437340e-01,5.674978020907209819e-01,7.474384483282403568e-01,6.528156933529369876e-01,7.044539152578680463e-01,8.924450438797312257e-01,6.466774157995220929e-01,6.176550711919404080e-01,6.157052201659454216e-01,6.996634050178458519e-01,7.246296596348507091e-01,9.722963547632950121e-01,6.851109167948562506e-01,7.300354755081531755e-01,2.963914263359818113e-01,8.749622786175986766e-01,8.002721401725569894e-01,7.713980971989443658e-01,7.268678015901356426e-01,5.958262742276255741e-01,4.335829422546330636e-01,2.971744160571814300e-02,7.671988002297143172e-01,5.843869484088004551e-01,3.060247486969646102e-01,9.997703964468824811e-01
8.398902826096397156e-01,7.191873266906636530e-01,2.309973870721915012e-01,6.876515257723271324e-01,7.967720576435419755e-01,2.428270968350937919e-01,7.538870325266606720e-01,8.063294247615113708e-01,7.723493898133569902e-01,4.182802312103662823e-01,9.747131071979645567e-01,0.000000000000000000e+00,8.401189747049573331e-01,6.165322138832641796e-01,4.320045754228200030e-01,4.143333827137121728e-01,6.627917721400382600e-01,9.038371545868226775e-01,3.984114111607282016e-01,5.453828097822183141e-01,6.329771516582186619e-01,6.658600895997955904e-01,6.750790916080302573e-01,8.559606155232709623e-01,5.794536043972390305e-01,4.466662910007253018e-01,6.904456277900345995e-01,6.999299206747774393e-01,3.360651066946597210e-01,7.949152540302483194e-01,2.437745263514699279e-01,3.108205195291592338e-01,3.581090306894030295e-01,9.469440932258137433e-01,6.072846360067855054e-01,5.416752846326764459e-01,8.437609654591089747e-02,8.147677493365089729e-01,9.913904772828175949e-01,7.845254690309886314e-01,8.651054826444124490e-01,6.028442161012073086e-01,7.254381821877732284e-01,7.844002933427605129e-01,9.122910864112492302e-01,7.243643989887986745e-01,7.819845279241908198e-01,3.836565919439937078e-01,4.119591666907774230e-01,4.158855048714379388e-01,9.946369108599659725e-01,4.779842938907137850e-01,5.166669522128458647e-01,6.068839143378865764e-01,9.999304350127617980e-01,7.638441069422282625e-01,7.912011582575497748e-01,6.799913485516282385e-01,2.851313723744152706e-01,4.193911539794958898e-01,-1.634154726927810608e-01,6.537865907620857842e-01,9.741154891737594523e-01,9.737765885446577618e-01,8.406025807449758469e-01,4.527465453080244950e-01,8.624691971292071102e-01,6.197160746608741944e-01,5.187962378947591491e-01,5.639369795211104375e-01,7.145819687988144153e-01,7.427578071790734704e-01,-2.390238471324301894e-02,5.204684971018528339e-01,4.910802625638644447e-01,2.448241408509553851e-01,9.473369157810755947e-01,3.946191996270561608e-01,7.498524535763411158e-01,3.066035320810634457e-01,4.231529991013054937e-01,6.212884432225113107e-01,8.966946280126509849e-01,1.993656374926335018e-01,6.201142231456830967e-01
5.547742019851934492e-01,1.941860434500166932e-01,5.111649185558063690e-01,6.167921295197018594e-01,8.978924690372540596e-01,4.800421815185689223e-01,1.787152687933407369e-01,5.288462689936317407e-01,8.059179918245839014e-01,9.822967558403841171e-01,9.700031847766070747e-01,8.401189747049573331e-01,0.000000000000000000e+00,5.278587194774605473e-01,8.874496968894464155e-01,9.123028010319221837e-01,6.761520086867749413e-01,5.426110417315311851e-01,7.675705824616202433e-01,9.777767374765868880e-01,8.578239427034570763e-01,6.870711626830994234e-01,7.275993841966266196e-01,9.539127803126113969e-01,4.022746152093787941e-01,5.690518872673835382e-01,6.036209186443904084e-02,6.250319417504922592e-01,4.860802230424708936e-01,4.119037166251366400e-01,4.908225216589317402e-02,6.159070450771366723e-01,6.951083366273715924e-01,7.198914540050287414e-01,7.777070320315639940e-01,6.473899709916510758e-01,2.208232530196340415e-01,8.018639371128690740e-01,7.369071125232488084e-01,8.150966715683272135e-01,7.997083798446158465e-01,6.216874841403448038e-01,9.948192054263140793e-01,6.558722108316652477e-01,8.703916547112762192e-01,7.069551182952775736e-01,9.274857885883198705e-01,7.165227436302545883e-01,6.067623616215979121e-01,4.074308928154868337e-01,5.041340953293802496e-01,6.411975190211213205e-01,7.431557931182559695e-01,9.417134322650453360e-01,6.864889173416435231e-01,8.543259900113141514e-01,8.831883431321512212e-01,3.998011379591734915e-01,6.995924320099649041e-01,6.805353236660711680e-01,4.693672383935792447e-01,1.152345203804912288e-01,9.687269465063574891e-01,7.835060655288930143e-01,8.911680496395463225e-01,9.741797737299312532e-01,7.798057541239821200e-01,8.363757421266035941e-01,4.813429436365193048e-01,2.811504740490168297e-01,5.931470727383756358e-01,3.619627213403477928e-01,3.371971450413504545e-01,5.332601040410324122e-01,6.324159818128356481e-01,9.419102376770430718e-01,8.011195437174993828e-01,9.660740411603241373e-01,2.819432052793781618e-01,5.947316178481401039e-01,2.309538965199858795e-01,7.077486957067276041e-01,9.735453478143316630e-01,6.335268748835453101e-01,9.370650273981223632e-01
8.287588282967079945e-01,2.054004838232337815e-01,8.727463050918431442e-01,9.025478256757406559e-01,2.489260999105036287e-01,7.098232592318443057e-01,2.723992671581304537e-01,5.498882561681067010e-02,9.852336589227822516e-01,9.533182370609543099e-01,7.334997664943764262e-01,6.165322138832641796e-01,5.278587194774605473e-01,0.000000000000000000e+00,8.906955645091447771e-01,6.744727271922806855e-01,7.877733159777955407e-01,8.598478139908962703e-01,4.416567625005664022e-01,8.417157627254649999e-01,6.346618542733579726e-01,4.917135399393930406e-01,7.799989290333928516e-01,7.017706141229924643e-01,6.209506231872929938e-01,7.046732498387330290e-01,8.037720471663799549e-01,8.719274007698389894e-01,2.364824148299410900e-01,3.524634541112312558e-01,1.099755178477493378e-01,7.155097208070111403e-01,5.938105999103928667e-01,5.341714178791966416e-01,8.818669507976523159e-01,5.572240389129322624e-01,3.854021392552369196e-01,7.335100356734557403e-01,8.712335406586111386e-01,6.039695949851480172e-01,5.443871371021066219e-01,7.574110369801309028e-01,9.338249863616201463e-01,4.669767541947635325e-01,6.184681807551708488e-01,8.571029333934415684e-01,7.717473931501115381e-01,7.330808554893678552e-01,7.472414561422932033e-01,9.234850219888073308e-01,9.819411443090504399e-01,8.849673753330229431e-01,9.267985391054761601e-01,6.949878716667496903e-01,7.022068088911477268e-01,5.241410206185806997e-01,9.136942002750157998e-01,7.697929646117280811e-01,9.081065325295820667e-01,9.195536000292164891e-01,5.786254238832587715e-01,7.128706567874749656e-01,2.534122803638346189e-01,8.767750268642768852e-01,8.173531027736599119e-01,6.297420866814511520e-01,5.702298093338243890e-01,8.005288647581420003e-01,6.912529315688087372e-01,2.275835066274589369e-01,6.201933813950106789e-01,8.017054226617771340e-01,7.526900237165052854e-01,2.632473219843418089e-01,5.274010666512497503e-01,9.783448439175970179e-01,7.114510447086155320e-01,7.560884034134673914e-01,1.867809021984491447e-01,3.241812943919824552e-01,4.955403764591521099e-01,9.776996472197030386e-01,9.322836361167763375e-01,5.374611442292871466e-01,5.906398979379141601e-01
9.752559644207812184e-01,5.161235183898404966e-01,8.544209201733498071e-01,9.349742302329869803e-01,6.196012660672641781e-01,6.836657232971883325e-01,8.414627463128907525e-01,7.148866296550745458e-01,6.080544291746635688e-01,6.993413423240355531e-01,6.210565445024041065e-01,4.320045754228200030e-01,8.874496968894464155e-01,8.906955645091447771e-01,0.000000000000000000e+00,9.376871766143235476e-01,8.959014029174025007e-01,6.847673581336943816e-01,7.310403044573877684e-01,5.879251622369929819e-01,8.734563407387609946e-01,8.100628271620581300e-01,5.983608069232791982e-01,7.696038902268513837e-01,8.292159880754391699e-01,6.042909274755365878e-01,3.732123138040508575e-02,8.279422717651522268e-01,5.322588058316709558e-01,5.948131702567769352e-01,4.654450157467427962e-01,6.172315300617754463e-01,7.382469231247015262e-01,7.109638301553532491e-01,6.133773519409676522e-01,7.056232027523182682e-01,7.028374569471414202e-02,6.231766838072594350e-01,5.955438782113109397e-01,6.750811016498126094e-01,5.593904734387383781e-01,7.728221759099200838e-01,6.703896664205801770e-01,4.533773496394334357e-01,6.989104406595793018e-01,9.898467551359829697e-01,6.600990539566802262e-01,1.594881878540801434e-01,4.699458222899470239e-01,9.550332122127813683e-01,7.865772499435619292e-01,7.059583052701583483e-01,7.531532630379641491e-01,1.909308586175034184e-01,9.233299399935850360e-01,8.900145226136826349e-01,9.285741696824966196e-01,8.809678393073407943e-01,9.317515140555744368e-01,6.691133546369081309e-01,9.039221586357929494e-01,5.466617587539264189e-01,4.644035269821912282e-01,6.848852839527984626e-01,8.315767048437414655e-01,1.224279593068118566e-01,6.273130309185581677e-01,8.007196733426412694e-01,7.911253015654473586e-01,5.683124066818550091e-01,4.124528820768922355e-01,5.074159929036758943e-01,5.882834381226953457e-01,5.306477564812548398e-01,7.445941768303191433e-01,6.760610349234943417e-01,7.037895102743032538e-01,5.009694102389895543e-01,2.281326644096305090e-01,5.554669552282781586e-01,9.855673022630234703e-01,7.013897204970662713e-01,8.490440985707060628e-01,4.579664180967922826e-01,2.841942399422195398e-01
9.445263593299895177e-01,2.138008445932252088e-01,6.742319760774111437e-01,7.200768705810348669e-01,6.011894825004262533e-01,6.843957277488377233e-01,7.868983222466524596e-01,7.399782504436491770e-01,-1.063852268871759293e-01,4.603775512186840668e-01,9.287437830799867289e-01,4.143333827137121728e-01,9.123028010319221837e-01,6.744727271922806855e-01,9.376871766143235476e-01,0.000000000000000000e+00,9.682621130609876392e-01,8.869480656864624502e-01,9.428971102383674197e-01,8.286411143603602536e-01,7.735157053049723785e-01,6.421913989426881741e-01,6.995850566079498956e-01,8.231051916031489890e-01,6.929465927243908530e-01,9.745377719781903592e-01,9.197453513950563098e-01,8.841786231899483317e-01,2.202840631897060031e-01,4.210020170863426614e-01,2.185116983261858881e-02,5.943977541805572917e-01,6.841649760008131631e-01,9.705013408164653299e-03,7.545469868108813927e-01,2.873218468413090143e-01,4.612089357805947976e-01,6.862578219758166398e-01,9.068169025303201014e-01,8.146244032319612804e-01,1.259113826063597008e-01,2.002039203752646324e-01,9.349871600909004377e-01,9.246676530747311995e-01,9.469671469050784385e-01,6.187712335340546099e-01,7.114219748640475682e-01,3.470274008796565557e-01,7.295277063114332661e-01,7.654132610321475738e-01,8.065790483110804043e-01,5.424901852177127504e-01,5.334905990782286000e-01,9.844831593006908577e-01,7.594588337095290465e-01,8.947180989922614014e-01,6.784319752766876377e-01,7.552583879967194047e-01,8.981080700611107082e-01,6.421457263676493277e-01,2.443746580204443630e-01,6.578887895210014936e-01,7.522088123095939105e-01,7.176396042275872134e-01,8.346755929664746443e-01,5.573720908794155271e-01,7.551900533578826957e-01,2.002572311033818386e-01,2.164475361902226669e-01,4.198806862442849841e-01,8.482930582559687904e-01,5.792378089092657945e-01,9.323746607176905954e-01,6.587246137217825925e-01,5.874058142303972829e-01,7.928163067565349165e-01,6.033791704019830782e-01,7.422079430932222444e-01,5.884655899598874029e-01,6.267164181752564733e-01,5.727510619819120574e-01,9.112262810999370855e-01,9.408030705364877067e-01,8.739870028584657558e-01,9.691081844372185783e-01
8.932492739123053527e-01,6.061694605488952003e-01,5.320419042460973191e-01,9.756595573857547166e-01,7.948170352527816895e-01,8.024479875171534049e-01,4.482697459326526190e-01,9.663635966323464999e-01,7.765625308162013019e-01,8.941067662713984010e-01,7.874780780571645211e-01,6.627917721400382600e-01,6.761520086867749413e-01,7.877733159777955407e-01,8.959014029174025007e-01,9.682621130609876392e-01,0.000000000000000000e+00,6.099633505206378814e-01,7.324900469829346283e-01,4.108460430671519448e-01,6.867107667359296785e-01,9.423150001305489187e-01,4.927974859607692770e-01,8.058164308828618116e-01,4.921997347724422767e-01,8.256511096710260622e-01,9.979422246068659907e-01,9.791759920877866064e-01,4.397700781473209419e-01,5.997850355112896992e-01,5.269158108864031576e-01,9.876129651819156585e-01,7.693721609488258784e-01,9.739394397122252967e-01,5.891686582693835827e-01,6.639287474095194597e-01,7.354583569365225060e-01,9.025194414371446872e-01,8.617571663932980242e-01,8.104381701325340526e-01,7.701134782480277829e-01,7.497676452529936642e-01,7.794149693033139981e-01,8.167704113609276506e-01,9.371003353746287790e-01,5.307538100870365927e-01,8.539601791959234856e-01,8.659484016686499475e-01,5.795232441404267743e-01,9.299518449513649587e-01,9.233038534110097340e-01,9.287356903433054978e-01,7.070735510534219559e-01,5.718607396358714734e-01,9.561457263268310358e-01,7.469872411770952514e-01,9.747107416444427130e-01,9.276875484482837164e-01,7.602497640250850397e-01,2.952261832808060760e-01,3.723340745927057605e-02,6.960494381258687246e-01,7.230761107638523644e-01,6.961974605657028636e-01,8.655592021739382247e-01,8.832946222702148242e-01,6.298452006188688390e-01,9.635540875418620033e-01,8.085975837158184687e-01,1.042626485877852088e-01,5.006262252211824970e-01,7.795060974192299375e-01,6.368391776215686084e-01,4.467237380310738470e-01,3.401829092373412911e-01,7.146319833810470534e-01,5.040594137339762248e-01,6.900706234224264213e-01,7.515417717101644524e-01,4.631729733790505010e-01,6.547215526274190456e-01,5.581414479269091178e-01,6.482816073709135596e-01,1.226166450010210546e-01,8.405185157336025892e-01
7.339401400743901238e-01,6.073195458146628534e-01,8.956899917355336527e-01,8.343808345797680825e-01,8.588946900203302537e-01,9.806537048077101915e-01,9.161601691023805172e-01,4.438146338027450510e-01,2.323900574276319131e-01,5.620845968606064114e-01,7.661093913729281057e-01,9.038371545868226775e-01,5.426110417315311851e-01,8.598478139908962703e-01,6.847673581336943816e-01,8.869480656864624502e-01,6.099633505206378814e-01,0.000000000000000000e+00,5.056688023421472833e-01,7.117590228302532462e-02,5.909304003563982111e-01,8.312209135450513431e-01,7.423550849646537442e-01,9.360714108806820200e-01,6.261321907812733567e-01,4.188611188723339041e-01,5.920882996289055233e-01,7.554729962893051987e-01,2.688697745035613651e-01,3.276633971809719270e-01,-1.957609162035739980e-01,4.337137114896012502e-01,4.218133807926272572e-01,9.258785622151760597e-01,2.950086134467541088e-01,4.837581233817956905e-01,2.920535320700050064e-01,7.285061455396697472e-01,4.053696274167820079e-01,8.343346897981963606e-01,4.283949307510566129e-01,5.865854204911062908e-01,7.618035135334659813e-01,9.384488609693855121e-01,3.111443146353987110e-02,6.257106327037824656e-01,8.511398816133838308e-01,5.155144288085105053e-01,5.262367257691420441e-01,7.441454278458350391e-01,8.924431114108595242e-01,7.243983898686237044e-01,8.740299684441540373e-01,7.907585536207275556e-01,3.003784775900613657e-01,7.393073935928304863e-01,4.592037383801921280e-01,9.571828369087660437e-01,7.789136195322290401e-01,3.469089022404916456e-01,7.281636766173351649e-01,8.920468483287100625e-01,3.795598716215715651e-01,8.004471488502538090e-01,8.482321572634872187e-01,3.443091347118271139e-01,6.951659066308366608e-01,7.513497315909425378e-01,5.264017586506920532e-01,7.961713564758745587e-01,5.752514937279439300e-01,4.911937549919882517e-01,3.377716439217441913e-01,4.456610735532063328e-01,3.885802137085255792e-01,5.953925864792478651e-01,9.654934463058703065e-01,4.209880412168173214e-01,4.066387539873489998e-01,7.499023308091975482e-01,2.694229497388949124e-01,6.124537951484632092e-01,8.675625385192535788e-01,5.673636877329315542e-01,6.155392578487383082e-01
