0.000000000000000000e+00,9.593162244465887056e-01,9.840471401863646328e-01,3.624550359212987405e-01,5.165244291416972722e-01,8.604754843069755132e-01,7.527963284714533909e-01,5.215794915825739952e-01,4.187583544055496487e-01,4.967703619308432850e-01,4.041104157433838551e-01,8.014382841570020233e-01,9.617068922635814143e-01,9.804498030359923844e-01,7.598549163206246293e-01,8.210627110167341147e-01,8.234681309071113509e-01,9.287201350662191990e-01,9.808995865234512168e-01,9.350088351727021685e-01,8.322493959254482210e-01,8.202231640227275467e-01,-6.764286486088100236e-02,6.585776839290548024e-01,6.164259492852862676e-01,4.089152349549124987e-01,9.696087752605910826e-01,8.778485885990271465e-01,4.624742627774884873e-01,2.772892494470625691e-01,-1.513796168076262938e-01,6.132569508723891838e-01,9.417393240475352423e-01,7.848901180199601146e-01,8.886302078850139008e-01,3.115172460033693858e-01,5.533005248984871338e-01,9.986528386559361259e-01,7.884917274328464565e-01,9.599525494181843088e-01,2.803915665295269033e-01,9.302433389048528900e-01,3.751177689762718592e-01,1.612578707849874338e-01,4.733868486734872372e-01,9.608928540094112680e-01,8.435049900438190695e-01,7.979704540712508898e-01,5.921910859131853666e-01,8.487193648831089510e-01,7.803421035951483287e-01,2.749136749909211197e-01,7.963943782357677525e-01,9.730524314457063007e-01,7.189071483446182187e-01,9.743321377726616994e-01,8.404792411886797820e-01,9.142091833006260604e-01,9.412969381649590739e-01,8.866078269211657981e-01,5.253335069869343732e-01,2.273101547584055471e-01,8.878276897663569533e-01,4.428303105642736326e-01,9.516100634405395553e-01,4.575432940600676068e-01,6.583897335478229307e-01,7.781977888712418023e-01,6.042129771648221404e-01,8.255994327297758728e-01,8.901587485205414430e-01,7.718253480539433165e-01,6.469761364405235415e-01,5.726313042743339521e-01,8.389253923344697217e-01,8.157521020509532761e-01,9.777211821781341961e-01,4.929445198800458949e-01,2.942524177558788478e-01,5.527223390666775593e-01,6.997542369104294835e-01,8.771145224346871272e-01,9.752945719603133279e-01,1.007076135368454167e-01,9.567182238047600151e-01
9.593162244465887056e-01,0.000000000000000000e+00,6.522918638882443387e-01,9.564891931007606374e-01,7.400356744662675013e-01,9.379377984926047240e-01,1.510492091891566524e-01,6.293938606404215763e-01,7.156251475900600179e-01,4.596909207480442960e-01,9.564450617648802000e-01,6.688857748267430514e-01,9.141538009355358874e-01,7.324860411056816067e-01,8.000905584912647583e-01,7.165123936210776590e-01,9.384368955697943715e-01,3.805683919717743890e-01,4.995135792585644330e-01,8.055775676258216667e-01,7.490589040814790156e-01,4.670679196767576480e-01,7.700421794165166478e-01,5.825299857823407201e-01,7.169637565552225422e-02,9.812963821049069946e-01,5.436995969830706876e-01,7.548683139574153822e-01,3.312249694105194875e-01,4.403052461917920102e-01,1.967341965508887236e-01,6.771838742978222303e-01,8.437959931826635174e-01,9.541499014869291306e-01,5.475936064823171412e-01,9.920916249534883491e-01,1.127080415906602656e-01,9.650244573015061000e-01,7.932401263847059791e-01,8.849710332908045096e-01,3.143072260127579010e-01,5.900128525396591828e-01,9.110115405238685682e-01,9.214283351822063484e-01,7.609109792674526584e-01,6.934268067071279740e-01,6.647732799781359558e-01,7.720120019304502756e-01,7.188089168317225441e-01,6.433610924375373630e-01,5.648962997184600043e-01,5.692808968028157945e-01,8.247459354895930739e-01,2.005239546893410885e-01,9.428038440381834029e-01,7.216083114425915213e-01,6.109636747824522818e-01,8.686710571928655256e-01,7.940124203854438401e-01,4.232679938340366266e-01,5.511685796297141060e-01,7.973093017791061943e-01,8.052605227613885974e-01,8.204286215105306423e-01,8.671583032565082227e-01,2.151318708466019303e-01,6.672973772549286586e-01,8.711733773957109905e-01,9.759831641887615206e-01,5.847200726408799953e-01,8.933053323469050122e-01,9.142144508096025080e-01,4.557350401804332596e-01,5.170977453970594384e-01,9.074254729457408297e-01,8.217065719320112427e-01,6.632619770773522383e-01,4.751141907511466922e-01,-4.667820705931574610e-02,2.428931527953011871e-01,5.421282228185730911e-01,6.028477568598450409e-01,9.378505263765182232e-01,1.927951527020234368e-01,4.349947264346949449e-01
9.840471401863646328e-01,6.522918638882443387e-01,0.000000000000000000e+00,7.033587298601083893e-01,8.328921463072410658e-01,9.085959634214104685e-01,8.763807328690503828e-01,6.369954276594335107e-01,9.847514799047013545e-01,8.020885040054491766e-01,6.568900755067469399e-01,7.881861527514631982e-01,9.032185954743285894e-01,9.750428867577765057e-01,8.491919462315948852e-01,4.206794877610835481e-01,6.919817640310078621e-01,8.972661051738969329e-01,7.996571145641225842e-01,9.619082057730178326e-01,8.731113437869664207e-01,2.526998066606205295e-01,8.871184819306001668e-01,7.681050737990053889e-01,6.793458222113322176e-01,9.613814010779776487e-01,8.662875149183322243e-01,7.842534417607508468e-01,3.275902297745523772e-01,5.652374365157534220e-01,5.720562246383673610e-01,5.317895028432173543e-01,8.590107323273589168e-01,9.536909525142280852e-01,7.372005390393303603e-01,5.241570599069524938e-01,7.497782220424347166e-01,7.363775031180140873e-01,8.646494115960025040e-01,6.742816231983165265e-01,6.931449051343123724e-01,9.068515603740358033e-01,5.017365230299676293e-01,8.918044101789760481e-01,7.995556492355931910e-01,9.770409196427941589e-01,8.152009270491288317e-01,8.648261939039684210e-01,8.078728637168328675e-01,9.452054423779627790e-01,6.369625091387035587e-01,9.358953444824114065e-01,9.287707932373086006e-01,7.112956146861781903e-01,5.849034608007280811e-01,9.601456308626161729e-01,9.741069252075212903e-01,6.822965878377175164e-01,8.800850553706722756e-01,6.239391635713121831e-01,2.844681068620408815e-01,7.848380956152753996e-01,7.475406808611595455e-01,9.510930975722333702e-01,9.168628273943016938e-01,7.250645353464555409e-01,8.944827541461105591e-01,6.513647857625295412e-01,2.746792888396680787e-01,9.773823921632154299e-01,5.240105492820308353e-01,6.937528858935096965e-01,5.562238256969863626e-01,7.434311891591836030e-01,7.506036782704577082e-01,8.144361767671719488e-01,9.245262186579423780e-01,9.987215533133584344e-01,4.536640797611764531e-01,4.327266640803326125e-01,7.783244071130173136e-01,9.359262402263601732e-01,7.213625557952549894e-01,7.578835696107243391e-01,9.516707634270562544e-01
3.624550359212987405e-01,9.564891931007606374e-01,7.033587298601083893e-01,0.000000000000000000e+00,3.694460165974785548e-01,7.765383089793146398e-01,4.985491787084173065e-01,6.062507661391531855e-01,1.304604068820281182e-01,9.406641075837971488e-01,9.872060793647822186e-01,7.747474164781643635e-01,6.041085213999107806e-01,6.272128553474181079e-01,3.310108457285146910e-01,9.571342735529593249e-01,5.586040966351863979e-01,6.218678211609521833e-01,8.227755164291700174e-01,2.927877872292347083e-01,9.386148392883242320e-01,2.662037023823906820e-02,9.833927931767261210e-01,7.660706350162460598e-01,4.756530164398002913e-01,8.165734485070478277e-01,2.448919298203294237e-01,8.024059542445658444e-01,2.938799375381299095e-01,2.129533126837208634e-01,5.658425989142223944e-01,4.439190174640467168e-01,5.754969463803586427e-01,5.832475337478708610e-01,4.827474046543813735e-01,6.001976484065888462e-01,6.615523108709200906e-02,6.727981829391016522e-01,9.307256261799634611e-01,7.669892133403921619e-01,5.879817692239553972e-01,9.791030312758358667e-01,7.962447417042280984e-01,9.446868019346570389e-01,9.563296757518148228e-01,8.119982951017508110e-01,8.880481645818687486e-01,9.171526808376270212e-01,6.298528659281797948e-01,6.483904526959957115e-01,6.092075438231711049e-01,7.280891538888529801e-01,7.754110390725421631e-01,8.725877268566363254e-01,3.328235490740358293e-01,8.997164859679916971e-01,9.084766069703062996e-01,5.919085521667666328e-01,2.650576466848500456e-01,7.382543216329603419e-01,3.270204042902686847e-01,9.210620824107850213e-01,6.905643537420200762e-01,7.575796453887731485e-02,7.647986901039685037e-01,5.460254874480605647e-01,4.242143622058267005e-01,7.909633786973486735e-01,2.279822937697503771e-01,6.687128328932506749e-01,8.060493831800826792e-01,7.316096619268159795e-01,4.568706694661745504e-01,2.294016698756781159e-01,7.200615465370704404e-01,8.121026577194808693e-01,5.146427666025419345e-01,9.405512905562931625e-01,6.292833041474851230e-01,2.170306364624655926e-01,9.208184451653190772e-01,7.484497404532189924e-01,8.611150699317069446e-01,7.200568058972718344e-01,3.158240548536302983e-01
5.165244291416972722e-01,7.400356744662675013e-01,8.328921463072410658e-01,3.694460165974785548e-01,0.000000000000000000e+00,8.066287343856883840e-01,6.644405250052671796e-01,7.036289905013278778e-01,5.936168362580180879e-01,9.732736691710347499e-01,6.059404900377284298e-01,7.849209777843478841e-01,8.352542056215446209e-01,7.008732491842658563e-01,9.296562757775983510e-02,7.656525645582996642e-01,8.931023619293348981e-01,3.054079836402492365e-01,3.892810157993111808e-01,9.825658702565029934e-01,7.899145306787862530e-01,6.558275522769372312e-01,2.376794898158170188e-01,8.887995297854467402e-01,6.455132467445088285e-01,7.166833206837701642e-01,9.647011033386801993e-01,9.098270141737733185e-01,3.345033633782334981e-02,2.337144982856347586e-01,4.200449345791996691e-01,7.325222088886490512e-01,6.745662213808039098e-01,5.638169979971436874e-01,8.714656946261400972e-01,2.118627679671476471e-01,5.510096401860435922e-01,5.836921609224856589e-01,4.197108950481011624e-01,7.595189356341327525e-01,4.447412966175505189e-01,8.354693641209307575e-01,8.561245673241182352e-01,5.586189906715490761e-01,8.000060201753349531e-01,6.138699961434246344e-01,8.471891190772524727e-01,5.722564428249042878e-01,4.679477209099009993e-01,6.297744601561360289e-01,2.687287331250584610e-01,6.631303641441261831e-01,9.724020417287800866e-01,5.718161483209232010e-01,4.028160859204443778e-01,4.531275445304285832e-01,7.343390102676929931e-01,1.326319295399203124e-02,3.946331507608626943e-01,8.184704488111084197e-01,9.949107777234844630e-01,5.006115484435221807e-01,9.007889811552834969e-01,9.121492881131908481e-01,9.981883647346645461e-01,5.162335111895128836e-01,9.019187855717946123e-01,7.383054198554807046e-01,6.858423304503284967e-01,5.486968380382375998e-02,2.636500229511473115e-01,6.475970358917139125e-01,6.313601457280590967e-01,5.440653202109104747e-01,4.908156931501239661e-01,8.511388142655624822e-01,8.080321203736384739e-01,1.153723769357035966e-01,5.644904389868649064e-01,2.457406164254284375e-01,6.326112372860014377e-01,8.463041103149143707e-01,4.737517685359414754e-01,4.941991628034412276e-01,6.626674741243169242e-01
8.604754843069755132e-01,9.379377984926047240e-01,9.085959634214104685e-01,7.765383089793146398e-01,8.066287343856883840e-01,0.000000000000000000e+00,7.019756836631929620e-01,4.940728272704402735e-01,6.965116723744945171e-01,6.249183959164309465e-01,7.566983392787260954e-01,6.331983363303272938e-01,5.267980728389665135e-01,9.698961435134232367e-01,6.251201880620751439e-01,9.491684986509945077e-01,3.766083412389696905e-01,4.934041704776706561e-01,7.756099417225357229e-01,9.119735457226706421e-01,6.076863630617093115e-01,8.548158398876537500e-01,9.377095774575292531e-01,5.496085539899578931e-01,4.199352653501719490e-01,9.614917332601167210e-01,6.553565836454866567e-01,7.440648969657249756e-01,4.787529047702531182e-01,5.777371573131974136e-01,5.215115024481535855e-01,5.780326444225604154e-01,4.723563919471163719e-01,9.019430576753978412e-01,2.187687994501991418e-01,4.239717739273095587e-01,2.763914043080963889e-01,5.585950373650065970e-01,9.439422367829258809e-01,8.545274940008287246e-01,5.755409966955821188e-01,7.700664643411693211e-01,6.451443511659353813e-01,2.637815585941130081e-01,2.076398843837437558e-01,8.620377427940106863e-01,8.296181746727760986e-01,6.867138874105532809e-01,6.577761436662445949e-01,4.159006180337148084e-01,6.913378686415834196e-01,8.117826060913170272e-01,9.829193870356919271e-01,7.606769474765158190e-01,8.378842722141194299e-01,5.513473367599763808e-01,8.015160601001484197e-01,6.978259676265390343e-01,9.367691692238655499e-01,4.065186846375924423e-01,4.157014186229396335e-01,6.619782279394135216e-01,7.687460356200279676e-01,5.363459641663504973e-01,8.616143738644357342e-01,7.206622929750603479e-01,3.277968241338573563e-01,7.005500910990545282e-01,3.958302815785463835e-01,7.038566831411590119e-01,9.369661046419291983e-01,6.717782300524034467e-01,9.692011558275709371e-01,4.522031263358782249e-01,6.020690036126834510e-01,5.479809543955986850e-01,4.069986927638882812e-01,2.306484564153132855e-01,9.381147727627104672e-04,4.369469915948785421e-01,7.717525597792912473e-01,8.875288225919601981e-01,8.189047512389548977e-01,2.766565895208561703e-03,4.036787661957605966e-01
7.527963284714533909e-01,1.510492091891566524e-01,8.763807328690503828e-01,4.985491787084173065e-01,6.644405250052671796e-01,7.019756836631929620e-01,0.000000000000000000e+00,2.178229896317289971e-01,5.077151262968748746e-01,2.952331313022381609e-01,3.196856286210605358e-01,5.293827135081746738e-01,5.990069869496266186e-01,4.551127314208242014e-01,6.714826211506589315e-01,5.757411368969318488e-01,7.244867095279476921e-01,-1.117426761507475524e-01,7.071399689809391154e-01,8.877110007650425016e-01,9.026187232781929248e-01,5.750740173269882627e-01,7.851779698453884571e-01,5.468671096627708561e-01,8.944093551068262871e-01,4.833666222541520563e-01,2.854852242511826121e-01,5.018399036832273952e-01,4.083010092555579562e-01,3.673633323377940019e-01,4.140036642420683588e-01,4.872588126714039736e-01,9.628306023557920978e-01,-1.168557651759714044e-01,8.089366180237518300e-01,3.576240554398217864e-01,7.026014831598093036e-01,2.254299669095229386e-01,4.645850132859494774e-01,6.904601288960642291e-01,2.088262492806486903e-01,7.846074124955263462e-01,8.371181912660959901e-01,6.160834572254055841e-01,8.894577803100209845e-01,7.329940738293271307e-01,5.707823658536306244e-01,3.812251042124757405e-01,6.183282865394708061e-01,5.158746068899099368e-01,5.275253304293612278e-01,3.753401909027109795e-01,8.850485532944299960e-01,6.308686436231771832e-01,9.036822873398880906e-01,8.621025120407490583e-01,3.908366443085874442e-01,9.199327845003962834e-01,6.968822118645526809e-01,4.591701489100082356e-01,6.892280747325687518e-01,6.590152897333380055e-01,6.531431136283381012e-01,9.505118740401325983e-01,8.926544948150830772e-01,3.970331902225485710e-01,6.446152017108279786e-01,9.227258247726467522e-01,7.890005548826102277e-01,4.011234892959010812e-01,6.556302380989841305e-01,4.439648962984538150e-01,1.470533249027458911e-01,7.807199003893570133e-01,6.711099834794498342e-01,8.950525635061706842e-01,3.899149274809894372e-01,6.492744258659407519e-01,3.189110372682665284e-01,5.043618619895571253e-01,2.925405481952619291e-01,8.622383912048903198e-01,7.332735511118028127e-01,-1.212604950056523218e-01,6.500420309320101842e-01
5.215794915825739952e-01,6.293938606404215763e-01,6.369954276594335107e-01,6.062507661391531855e-01,7.036289905013278778e-01,4.940728272704402735e-01,2.178229896317289971e-01,0.000000000000000000e+00,3.711048542640152936e-01,6.578222571103532479e-01,7.336758955080369127e-01,8.440652397156508391e-01,4.472218381461673387e-01,4.664185405473392221e-01,4.477489698932103357e-01,9.139505220272602370e-01,7.254055496206028852e-01,5.463805803921347737e-01,7.033936652293588665e-01,7.978794405753608654e-01,8.130703958785524543e-01,7.294366933686410315e-01,2.806724636267338147e-01,6.101673960968706512e-01,7.075012422126952805e-01,8.337638573906275274e-01,8.054292919556003127e-01,6.142514062553147136e-01,3.185083560117973889e-01,3.069558655641557721e-01,4.292707344340547237e-01,6.021685450720776211e-01,6.824577717751566241e-02,7.856745952456364313e-01,4.787245831417294983e-01,6.127012020804538661e-01,1.521477351612051387e-01,5.204576065923380845e-01,8.849332841033995534e-01,8.951717225278765788e-01,3.319887033300645274e-01,6.622065000035209925e-01,5.602072677732611306e-01,6.353918951303245688e-01,6.575583229129660090e-01,2.137634517908452714e-01,5.129567009172941727e-01,9.102159156340633439e-01,7.658095004216770585e-01,8.282876997541769315e-01,6.201932741173390440e-01,7.314497892180981120e-01,5.232058837158874987e-01,9.184030917987975884e-02,6.832934539962076670e-01,5.118211639707533900e-01,5.604826971944816272e-01,9.064806107594295392e-01,7.190554911354123391e-01,7.753515108694531976e-01,4.329127565331011285e-01,7.416929842703717801e-01,9.869482253386825388e-01,9.884070545481523640e-01,9.538538710114875530e-01,4.888757472714304608e-01,7.284259033269196992e-01,9.987545586290786925e-01,2.651995882868600218e-01,7.687385405817798167e-01,6.803547118932253834e-01,5.133204515640308330e-01,2.250215611617372227e-02,6.269009471771321840e-01,5.154378790332595495e-01,5.790688609328197289e-01,6.315058578314214355e-01,5.963596319222876918e-01,6.582645581044788141e-01,7.677444199202789754e-01,6.617818875863459294e-01,7.407959137014208384e-01,2.474347031610661385e-01,5.292983465664419240e-01,8.103440411065675475e-01
4.187583544055496487e-01,7.156251475900600179e-01,9.847514799047013545e-01,1.304604068820281182e-01,5.936168362580180879e-01,6.965116723744945171e-01,5.077151262968748746e-01,3.711048542640152936e-01,0.000000000000000000e+00,7.750102788185713187e-01,7.624678745332580387e-01,8.371427237144484224e-01,9.268849847155504751e-01,9.428898582334057643e-01,6.346297329798278319e-01,6.979331905149751547e-01,4.848731373154652746e-01,3.157135071079830713e-01,7.330375442120551366e-01,6.373906439367333920e-01,8.152714323681479192e-01,5.841831732759468210e-01,1.428722228998693389e-01,7.657469716185785202e-01,3.815015204757068457e-01,2.236718228575190759e-01,8.716633347068902804e-01,6.154078901048114503e-01,1.244039058617643773e-01,4.392791885170214128e-01,7.346078881477540179e-01,4.154957962977635644e-01,2.098926742902018083e-01,6.701841441684971423e-01,7.204027719519818795e-01,4.716566805281505737e-01,3.936779919182480936e-01,6.548464658154391493e-01,7.746186354543822539e-01,8.608678948627060956e-01,4.481671921774961764e-01,5.267083104304566277e-01,9.752630925058357603e-01,9.557724526136657239e-01,5.099078247969943689e-01,7.450297498708573496e-01,1.587501248866870218e-01,4.402942111112417289e-01,5.412743894414608903e-01,7.815669738393413724e-01,6.291063822528281113e-01,4.710044763000402757e-01,7.252056861297714319e-01,4.697277775905391861e-01,8.392001342351432802e-01,9.605753414907642895e-01,4.395487132508730799e-01,9.618808557492072309e-01,9.468733693260317219e-01,9.322000742657630956e-02,3.528965384898195001e-01,3.162753077929525425e-01,5.022578555849281923e-01,8.118352730490053792e-01,6.360186608535908226e-01,7.361784929490746698e-01,5.273716854815551081e-01,6.041128758251418374e-01,3.411563638890370287e-01,5.443574202142340557e-01,9.487495162939955096e-01,6.990437834733834732e-01,7.210639650371521991e-01,6.443209127332059083e-01,6.003982456578095261e-01,4.541083156481510730e-01,8.858368188774619068e-01,8.335138574772951170e-01,7.600112009966444315e-01,4.902930740356290507e-01,7.247560752460021627e-01,9.603197010565306391e-01,6.931721985961043497e-01,2.470114331201249125e-01,5.251247883304106523e-01
4.967703619308432850e-01,4.596909207480442960e-01,8.020885040054491766e-01,9.406641075837971488e-01,9.732736691710347499e-01,6.249183959164309465e-01,2.952331313022381609e-01,6.578222571103532479e-01,7.750102788185713187e-01,0.000000000000000000e+00,7.788582686393141774e-01,6.388277878857104852e-01,8.610561789278502465e-01,2.877444930390139488e-01,6.829441386519563562e-01,8.808318530783191269e-01,6.753476791461283657e-01,5.634936036075266497e-01,4.014740527222201982e-01,8.647485212256399434e-01,7.031625381531284580e-01,6.412248717839301726e-01,6.470373886499634075e-01,9.231220678445190009e-01,3.736595916377837279e-01,5.901935357040440921e-01,8.608837385059620040e-01,7.372463981950206913e-01,6.826969390528034864e-01,3.095242351036400219e-01,5.095411844072486041e-01,5.899652522208204131e-01,6.417957229446036305e-01,1.542425861486727001e-01,2.971458497353892669e-01,5.226862728253272028e-01,5.918456031166507980e-02,7.256826637589992579e-01,7.827287020408991713e-01,4.226754294988489535e-01,4.520548800894105823e-01,2.890228782306176747e-01,6.181178985920278146e-01,7.126876543736888614e-01,6.631681905263294707e-01,4.044359956012478774e-01,7.880285903198909203e-01,4.576130118439086791e-01,5.853490528227051071e-01,6.902281520887291189e-01,-1.221817406634225084e-01,5.591266303251438696e-01,9.592047679623796341e-01,7.040550370361899901e-01,7.881461157293210285e-01,6.316268485543236055e-01,8.463426294676485995e-01,5.556729417215025002e-01,6.032213681636990898e-01,5.211752021753792707e-01,4.546709237768418177e-01,5.734986415042235830e-01,7.050931223733871711e-01,8.674886649387714144e-01,6.364914955887206460e-01,7.730241580897221354e-01,8.024691640582340968e-01,7.414298470145518349e-01,3.013889379662106349e-01,3.779288878572542587e-01,4.417145527376257208e-01,8.870082470381788209e-01,6.351110991231960490e-02,6.243749214469255238e-01,9.309775437262771680e-01,6.637803361535529190e-01,9.722629831395813715e-01,1.167248374780071596e-01,4.505237268680132856e-01,3.431220682180863846e-01,6.543534371030292895e-01,9.470048872267312623e-01,9.190630547754806701e-01,5.258868071182115633e-01,9.526175747820071482e-01
4.041104157433838551e-01,9.564450617648802000e-01,6.568900755067469399e-01,9.872060793647822186e-01,6.059404900377284298e-01,7.566983392787260954e-01,3.196856286210605358e-01,7.336758955080369127e-01,7.624678745332580387e-01,7.788582686393141774e-01,0.000000000000000000e+00,7.491296771754405448e-01,5.215639493257467896e-01,9.406849764464927377e-01,9.199217701632900202e-01,9.985185884995586569e-01,7.730456792139972499e-01,3.187422502720262951e-01,7.340256374945532958e-01,6.812295619645420963e-01,8.708377271578627843e-01,5.924136715478912629e-01,2.234806450918588872e-01,6.171306078639228199e-01,6.308693953470385640e-01,7.745063106291042443e-01,7.306694607668262620e-01,6.031138193511973444e-01,5.165773707634778722e-01,6.807532424776221447e-01,7.653735386694275888e-01,6.199865674360767187e-01,3.267391135060641050e-01,6.538153498981635892e-01,3.668860467509294215e-03,6.977735708964409866e-01,6.947648035636601049e-01,6.108683949670584701e-01,4.518967894297298837e-01,6.321385249452492472e-01,7.879954875303529782e-01,4.019099883937658491e-01,9.626951935847790631e-01,9.036249105766362977e-01,8.635071209557114713e-01,9.160685666891177359e-01,8.738516209447595440e-01,2.444175243470679548e-01,6.459472047079403145e-01,5.151086670592256445e-01,4.568881814429102683e-01,9.476170868830595673e-01,5.633338090149592192e-01,6.783147720679881809e-01,9.681065469841625415e-01,3.754206385184641337e-01,6.624413421884530750e-01,2.525333854706010572e-01,8.647249828579309794e-01,9.482855760262631772e-01,1.503511325453607272e-01,8.165975022442722997e-01,8.669825712297829501e-01,7.996874829283446839e-01,4.521215072245418631e-01,6.915210449852359220e-01,8.466561027373558090e-01,9.077872931689663361e-01,4.461495297678192973e-01,7.300089953889422612e-01,8.391819905735918850e-01,3.288205042935793410e-01,5.206946352170293002e-01,3.748731295939194963e-01,9.947162401245522867e-01,8.138628586834767420e-01,6.648321232550916671e-01,8.923582628408752715e-01,7.004071772324625966e-01,3.370105907648460741e-01,9.863696055781661087e-01,4.188734079510997299e-01,4.242403563931287369e-01,4.508084515786371926e-01,3.348012615802110625e-01
8.014382841570020233e-01,6.688857748267430514e-01,7.881861527514631982e-01,7.747474164781643635e-01,7.849209777843478841e-01,6.331983363303272938e-01,5.293827135081746738e-01,8.440652397156508391e-01,8.371427237144484224e-01,6.388277878857104852e-01,7.491296771754405448e-01,0.000000000000000000e+00,7.706038803615657962e-01,5.953970904378467210e-01,7.043274712798435200e-01,8.183098489793074748e-01,6.968409580744503451e-01,9.809834021481190769e-01,2.144634410092267629e-01,8.930512572692171913e-01,9.475301187464826302e-01,4.093277790265485994e-01,6.406160858364411403e-01,6.164990320007135427e-01,2.983640005208441082e-01,2.567959940280942766e-01,8.644999582828287732e-01,5.602606992236695005e-01,4.475884803261487854e-01,5.172243020481736009e-01,2.541317928456094388e-01,3.940245101177078935e-01,5.293650453126930167e-01,8.905828061700118425e-01,9.096682084780388644e-01,1.720476171257767084e-01,2.988833897634292081e-01,2.394818309711182480e-01,9.704629730252599673e-01,6.478750052118302794e-01,6.504157582125085213e-01,7.751603882561663994e-01,6.258135614581825656e-01,4.696751073222626971e-01,8.444571458576223266e-01,2.293145043766232072e-01,6.350076497114846008e-01,5.126462400005513675e-01,6.594491831542929061e-01,9.727072319890968100e-01,9.666782441245311830e-01,7.597747797431126937e-01,3.641584470421003750e-01,7.557459412670238796e-01,7.936381414627500241e-01,7.429617185441275140e-01,9.032385791497475891e-01,6.861257881808324743e-01,9.713464658855404110e-01,2.193983392061544246e-01,4.476834517701299143e-01,6.041083365074015887e-01,8.169843259860930518e-01,9.833187491583610385e-01,9.918664702382715692e-01,8.222982351782734955e-01,8.511081805107267861e-01,7.812346128947911250e-01,9.174428619055765566e-01,5.620191795611035879e-01,7.303933412539568293e-01,6.775852897941776476e-01,9.426294191957999002e-01,3.331796747593580577e-01,9.381895508523434568e-01,7.274868692818587945e-01,6.236634869797375025e-01,7.926225548663832221e-01,-1.789780454267878018e-02,1.542280905718893258e-01,3.055222572047683327e-01,3.843936427451367099e-01,6.094493750663274589e-01,5.345921335524578266e-01,7.145195217615765149e-01
9.617068922635814143e-01,9.141538009355358874e-01,9.032185954743285894e-01,6.041085213999107806e-01,8.352542056215446209e-01,5.267980728389665135e-01,5.990069869496266186e-01,4.472218381461673387e-01,9.268849847155504751e-01,8.610561789278502465e-01,5.215639493257467896e-01,7.706038803615657962e-01,0.000000000000000000e+00,6.874358492605817661e-01,6.825214108623086640e-01,4.536351913642170941e-01,9.811463692226072286e-01,9.993437842109478275e-01,8.591282210715007750e-01,8.636050183456863705e-01,6.163925730695254401e-01,6.489158160121388796e-01,6.165272957299372525e-01,8.165341622737257721e-01,6.361795143992787782e-01,6.885134116686726369e-01,9.777219778695141195e-02,6.416829827103450734e-01,6.979333876190970676e-01,5.430143847001357438e-01,6.065872518325102769e-01,6.049740160289684976e-01,8.771104350646243830e-01,8.913044786965816924e-01,8.248387734056882303e-01,6.106180414433016734e-01,3.137845590780495852e-01,3.850667410205063090e-01,4.490917459932914357e-01,9.501633938776486987e-01,3.064209684576201798e-01,9.399332982637905731e-01,8.866300186181764742e-01,9.219882082465828965e-01,9.052958129835049217e-01,5.639712341074900603e-01,9.704731132296535723e-01,5.977679759521504765e-01,8.825875878410412989e-01,5.980696397692024657e-01,6.236225028212551980e-01,9.636754802508409323e-01,8.843012583207040533e-01,8.979020668481618728e-01,8.303039855684331005e-01,9.069922487756120200e-01,8.177903005403026615e-01,7.858010291924355517e-01,9.485906994376644974e-01,4.556718757217156357e-01,7.614911866041708111e-01,6.459865736169301265e-01,4.943444861954904290e-01,9.151303861279586060e-01,6.088749294248710919e-01,8.928775283809090579e-01,8.651400527285197928e-01,7.940299037401286064e-01,4.770919968834571034e-01,6.064998064779492104e-01,6.104020168706205673e-01,2.516315308388311633e-01,2.623734046835574096e-01,2.916124919254716730e-01,5.591932441638780560e-02,4.495670106696781354e-01,9.185040472151748681e-01,7.759638910549353508e-01,4.361705418248189581e-01,5.341037699896984403e-01,4.567980610691209087e-01,8.920704367269823853e-01,5.937286862119838249e-01,1.761464126210161574e-01,6.952289503112358826e-01
9.804498030359923844e-01,7.324860411056816067e-01,9.750428867577765057e-01,6.272128553474181079e-01,7.008732491842658563e-01,9.698961435134232367e-01,4.551127314208242014e-01,4.664185405473392221e-01,9.428898582334057643e-01,2.877444930390139488e-01,9.406849764464927377e-01,5.953970904378467210e-01,6.874358492605817661e-01,0.000000000000000000e+00,5.901209490008845204e-01,4.659580079450799661e-01,8.463940191520389345e-01,8.532891031907516854e-01,3.314519353611699026e-01,6.676553100713985556e-01,8.311124661767615995e-01,9.127328985545041240e-01,4.890940392522235003e-01,8.193657120520713155e-01,3.539064430400407080e-01,7.375641352425461594e-01,8.833865672957312842e-01,8.474841077871015926e-01,5.805576500052067601e-01,3.343594358483638063e-01,5.943799102314354377e-01,9.640418600280433736e-01,7.350624862765857692e-01,2.279046760629145907e-01,5.316224841549085367e-01,4.993736429971371016e-01,2.398290395667751207e-01,6.805128010304549724e-01,2.888968807458515142e-01,6.146305098274142953e-01,2.712974072251332913e-01,8.824564822212841442e-01,7.562377276396935466e-01,8.165636002529399473e-01,8.045449895120235784e-01,6.991098207827340927e-01,6.476474301646928389e-01,4.021014235599353337e-01,7.286457375650516877e-01,6.515377567766732492e-01,6.398716085373183926e-01,4.763991319218476295e-01,3.153774135892256081e-01,2.503822315426792455e-01,9.343331073498896133e-01,9.075938839430789384e-01,6.784836719224929258e-01,5.992106098402995018e-01,8.102266114821697895e-01,2.148395462260152544e-01,1.624225877710817612e-01,9.046802003464313735e-01,7.562819320567961690e-01,6.472179303942666717e-01,6.985397548774306964e-01,6.563500667857030679e-01,6.743465485898194611e-01,8.282792727029614221e-01,2.411822500203160968e-01,6.296615932210642974e-01,6.914659126617085372e-01,2.163310563494061367e-01,5.144378550963334407e-01,4.300612449398317216e-01,7.881786452072836457e-01,6.090967998245548909e-01,8.742556137048878018e-01,6.460255462941570936e-01,5.795948304323363942e-01,4.033299518798818539e-01,8.462424632125441493e-01,9.914507551522061535e-01,5.703169503617742109e-01,3.581225658388453859e-01,3.574781208380067854e-01
7.598549163206246293e-01,8.000905584912647583e-01,8.491919462315948852e-01,3.310108457285146910e-01,9.296562757775983510e-02,6.251201880620751439e-01,6.714826211506589315e-01,4.477489698932103357e-01,6.346297329798278319e-01,6.829441386519563562e-01,9.199217701632900202e-01,7.043274712798435200e-01,6.825214108623086640e-01,5.901209490008845204e-01,0.000000000000000000e+00,7.886689600138769851e-01,9.010314557509601086e-01,9.846500026320850196e-01,6.604762606922645052e-01,7.356267134759755244e-01,7.084247119634478063e-01,8.608025386779818433e-01,6.961591881161389717e-01,2.449347157025524857e-01,2.184860726849886803e-02,5.872380845551249395e-01,9.387231208113162584e-01,4.084386904588063749e-01,4.877616844149296749e-01,3.170185269104591752e-01,4.645189564839332652e-01,3.105696026181832825e-01,7.954825784606300854e-01,9.680487358111609097e-01,7.997503155482543757e-01,3.605084825719389041e-01,6.620783908314524790e-01,7.967915816403240425e-01,7.495150756808062198e-01,9.093191346321159996e-01,8.427781748258439398e-02,9.060381784659243820e-01,9.025813403973469429e-01,6.490752084136304223e-01,7.191497602114894638e-01,8.697581106992914313e-01,9.744017728469395179e-01,3.696515941734846988e-01,5.314715226556194771e-01,8.208323435503661614e-01,6.296938778029108619e-01,9.137428648531014108e-01,5.317717428514606715e-01,6.317847878312592425e-01,6.011440148742480671e-01,9.411094039453982152e-01,4.506949358665843230e-01,6.194230396811877259e-01,7.014517583630740516e-01,8.311081216815930928e-01,9.411591414718833981e-01,7.221764101660551605e-01,9.615664862217230269e-01,8.944028863034074739e-01,9.429831176220603295e-01,7.926264361020437521e-01,5.076630982498768763e-01,8.167071490727476624e-01,6.590779902714115623e-01,6.172158115434034364e-01,7.065358813495392631e-01,7.560055214738592433e-01,2.054559247351256668e-01,5.866413720580598845e-01,7.292992795437248654e-01,7.841020687987503290e-01,6.766942000251556788e-01,4.542030552460835091e-01,6.826347673531020233e-01,3.590880196198135144e-01,4.369691459282619150e-01,4.241290735709346560e-01,8.675385448797185983e-01,6.881682589220570190e-01,2.187954798798251721e-01
8.210627110167341147e-01,7.165123936210776590e-01,4.206794877610835481e-01,9.571342735529593249e-01,7.656525645582996642e-01,9.491684986509945077e-01,5.757411368969318488e-01,9.139505220272602370e-01,6.979331905149751547e-01,8.808318530783191269e-01,9.985185884995586569e-01,8.183098489793074748e-01,4.536351913642170941e-01,4.659580079450799661e-01,7.886689600138769851e-01,0.000000000000000000e+00,8.761011336293886842e-01,7.666878611439895685e-01,6.880963161076756318e-01,6.946573539416823762e-01,4.857131111923218558e-01,9.652961856817122710e-01,9.133510975649130614e-01,8.592746945024971605e-01,4.088050298560675366e-01,5.484408960354358875e-01,9.258827013861938848e-01,4.839434962727697798e-01,5.513188708353942286e-02,4.873008332758819172e-01,1.320589397845511603e-01,5.797383702361971203e-01,7.218371215942258612e-01,2.296670336410249480e-01,3.638923084814548181e-01,3.398824559700016623e-01,4.284122562867634376e-01,6.378944047006385870e-03,9.584433679226084246e-01,6.244018868870383487e-01,2.270011386526488151e-01,6.032698685578141706e-01,6.706514737198203679e-01,5.695605682069213582e-01,8.109946576995435974e-01,6.509946279388726387e-01,7.197483725921681730e-01,7.277899110284429263e-01,8.715092574348759502e-01,6.402506592577182909e-01,4.441910122773435887e-01,8.137425867018930337e-01,8.757056043325355255e-01,8.397878502288219638e-01,9.230719347429326982e-01,7.286367269682094694e-01,6.152035558240444013e-01,6.304454506423990967e-01,9.661013418436332767e-01,4.375170500560695563e-01,6.808757052233557205e-01,5.443948450056005361e-01,5.297105243172315348e-01,9.799013420394038221e-01,6.545332445321708770e-01,4.164323107972399685e-01,6.051444002399080091e-01,6.223494498027873911e-01,7.278191735293723097e-01,9.949150546848595233e-01,9.446661559430729049e-01,8.001723608481802197e-01,7.026998575504479483e-01,5.059886321751686511e-01,7.229394949906566836e-01,8.406233241387510713e-01,6.838452547970380602e-01,4.071645629958378643e-01,6.096970499288939527e-01,4.054059836575119591e-01,9.905518421147396779e-01,5.502024812302470647e-01,8.396081562534268850e-01,8.738282912856240037e-01,9.736181483860385510e-01
8.234681309071113509e-01,9.384368955697943715e-01,6.919817640310078621e-01,5.586040966351863979e-01,8.931023619293348981e-01,3.766083412389696905e-01,7.244867095279476921e-01,7.254055496206028852e-01,4.848731373154652746e-01,6.753476791461283657e-01,7.730456792139972499e-01,6.968409580744503451e-01,9.811463692226072286e-01,8.463940191520389345e-01,9.010314557509601086e-01,8.761011336293886842e-01,0.000000000000000000e+00,9.901295553249301884e-01,8.405523047802027081e-01,5.597000639789464493e-01,9.337937531430831051e-01,9.275664610671571220e-01,7.857516553282135607e-01,8.072451092994319399e-01,6.371557290501425053e-01,9.514659063614619994e-01,7.789162904649865604e-01,5.720818728742478321e-01,2.615038574856405895e-01,5.720988670728763825e-01,7.434558182698012274e-01,6.909885648849378725e-01,9.808225104912849934e-01,9.317003226714881681e-01,9.099862130256695103e-01,2.109184695501464812e-02,2.380194180633729839e-01,8.471041003920859458e-01,9.220826965351923699e-01,9.757761062414825881e-01,7.320443661470725782e-01,8.305007222149495272e-01,3.522534452616301048e-01,4.263132825005134796e-01,7.350128607709482953e-01,9.305212738916200932e-01,7.289756285878664643e-01,9.079299945569719865e-01,-2.298083867322301133e-01,7.547342508751417878e-01,6.554286569803978724e-01,9.903191651316639588e-01,9.135466872090612922e-01,6.467664548978386829e-01,2.721089545035992319e-01,5.681622359119286036e-01,9.612858404144332125e-01,8.355284531825025729e-01,9.511808930433586218e-01,8.258400682927821146e-01,3.977787379240262933e-01,3.567497047598185977e-01,5.023182184831626040e-01,9.359492438073983012e-01,6.381932077448385643e-01,9.708807504029838276e-01,-1.225584650419234839e-01,6.286994186711745147e-01,8.261777872913091958e-01,9.545523774210000756e-01,-1.552944459704524161e-01,7.931034394962721557e-01,3.095945244782054018e-01,5.619011462411991342e-01,9.573623342266348590e-01,7.243466310776096595e-01,5.986290996853690372e-01,2.533083065872210882e-01,2.259207331861153578e-01,1.520068505325860853e-01,7.492184636139809228e-01,9.043069579739324571e-01,9.522771094734381325e-01,6.074912888190431293e-01,9.878218416971338289e-01
9.287201350662191990e-01,3.805683919717743890e-01,8.972661051738969329e-01,6.218678211609521833e-01,3.054079836402492365e-01,4.934041704776706561e-01,-1.117426761507475524e-01,5.463805803921347737e-01,3.157135071079830713e-01,5.634936036075266497e-01,3.187422502720262951e-01,9.809834021481190769e-01,9.993437842109478275e-01,8.532891031907516854e-01,9.846500026320850196e-01,7.666878611439895685e-01,9.901295553249301884e-01,0.000000000000000000e+00,3.256488320435519390e-01,6.848416886148759319e-01,9.286173125012401330e-01,4.004036494707832183e-01,7.277037061202601409e-01,3.050959288906358036e-01,5.122906915303698794e-01,6.610328785057277834e-01,9.051161154588756030e-01,3.450404199193931598e-01,4.805490006895674626e-01,2.974194241631930025e-01,3.748966420318545767e-01,4.187910543769711169e-01,9.500789823549449231e-01,6.631080040987867852e-01,9.075958869066119705e-01,5.432694655100942516e-01,1.625580851049076014e-01,6.442137522440468667e-01,8.166900902947050733e-01,9.250559019573663111e-01,4.042857367281380010e-01,9.490725082143189884e-01,8.242693796906395143e-01,8.993186875801197910e-01,6.445706649173369440e-01,-6.251099007966171017e-02,6.332530745744539002e-01,7.728460493178994639e-01,6.929625135754851062e-01,7.502476870720824476e-01,1.652790915843354025e-01,5.778220501797136643e-01,6.291510807525136917e-01,5.318988161896013311e-01,4.590959227670363130e-01,7.651590763277507090e-01,6.579015537827364035e-01,5.651979887022718918e-01,7.780242705679427662e-01,4.255293121477599083e-01,4.073828246479133108e-01,7.373793018933009202e-01,6.806347919589554873e-01,9.586185059654780405e-01,9.625241855908898136e-01,5.940926452580427286e-01,7.716123629358682123e-01,6.693646703952993438e-01,5.588438252697560671e-01,9.137076047395289446e-01,7.694566938158735603e-01,4.319517304604400532e-01,7.533150526318229678e-01,6.140152008670907158e-01,5.216164725378361622e-01,7.303140635070282105e-01,8.822487352585373088e-01,7.607205030460362227e-01,4.306804594607373526e-01,2.954211667645638695e-01,4.124775271085659445e-01,8.134331337401582429e-01,8.370181402432351758e-01,2.222201878145466380e-01,4.444696283250047508e-01
