0.000000000000000000e+00,6.944066159602180210e-01,6.943720557690793438e-01,6.670030490432203862e-01,8.475965315377980147e-01,8.689396177259112175e-01,8.995181715041711268e-01,7.362605501596222179e-01,7.187009972728761742e-01,8.101087196176834926e-01,7.946874647006048065e-01,7.140450128305800837e-01,9.152158705866453303e-01,6.679621701081885909e-01,5.290874839392900771e-03,9.324719783219761471e-01,6.726875521615547360e-01,5.037208693994252862e-01,8.839040377449395303e-01,7.486682592040068140e-01,9.231810898836940726e-01,9.828168065672977516e-01,9.412864174139226048e-01,7.233794905045429768e-01,8.055732878164442168e-01,8.114723285280763809e-01,7.292833785237449185e-01,8.547329160935758230e-01,6.315692062283883024e-01,3.379319911218728323e-01,5.218928170728908134e-01,6.991174411027982760e-01,9.686727969708937014e-01,8.886834940206470579e-01,6.044124980245050294e-01,7.217010174348090779e-01,8.790974430052530542e-01,5.363796451835479706e-01,9.397579032869812776e-01,8.311981424135536090e-01,9.833284494775467177e-01,8.423399614205671071e-01,4.478971650079569544e-01,7.814887347951078311e-01,8.352222581239959753e-01,8.205160234779564910e-01,9.677832963342980488e-01,9.426059527769991009e-01,8.960717304470988687e-01,6.816528454232688716e-01,9.352839415126983358e-01,7.975551343041880070e-01,8.737545121455637664e-01,9.860280317304578324e-01,9.841195148094077361e-01,6.850458382664217361e-01,3.345389589200772340e-01,9.909559454496470465e-01,9.093441297654868416e-01,2.088690155247141522e-01,5.127510194818494238e-01,7.657062999119921276e-01,8.023538637430172038e-01,6.069370201566068879e-01,7.656316505784640514e-01,8.690512611732058579e-01,6.421489753101705666e-01,7.584543779355290560e-01,8.397662256669051750e-01,7.529556252071735178e-01,6.711636028847337565e-01,2.886033022839310513e-01,2.129117417369791876e-01,5.158702310483861408e-01,7.766224559415066953e-01,6.725689641480725456e-01,4.602834030112977204e-01,9.236474855801175554e-01,5.399235095165471066e-01,8.607223695468813052e-02,5.753070907992380301e-01,6.832066184433212008e-01,6.229113700849538970e-01,6.011868732914323887e-01,4.646601844316200491e-01
6.944066159602180210e-01,0.000000000000000000e+00,6.097182057451113746e-01,5.385699137970338946e-01,2.879000269908188470e-01,7.798792631578541634e-01,6.429573486768799251e-01,6.459274711082689802e-01,4.636931673523577158e-01,8.271211537149396609e-01,8.165679036160193860e-01,6.144489903508473239e-01,8.476081015357054271e-01,4.612479918570970838e-01,7.027173539521563983e-01,5.002030300487123604e-01,7.177868118395225316e-01,9.145768109751439834e-01,4.753115178447060440e-01,7.892779235666640414e-01,7.155678890909011880e-01,7.509947288936501542e-01,7.491120166730944607e-01,2.614886284516448334e-01,4.355847479174917436e-01,8.859971560712691652e-01,4.528058100421459842e-01,6.826964238198781620e-01,5.244459218942374434e-01,4.160327152303653353e-01,4.164463833698166528e-01,7.110908221927133566e-01,9.777139977848348096e-01,2.573646327160322711e-01,4.140215889452139586e-01,5.417236165458815256e-01,3.291901760021369583e-01,5.154457457981919122e-01,7.703049119974438863e-01,8.916197175972063738e-01,9.206437478915147077e-01,4.236118825908514185e-01,8.100144419895096703e-01,6.042878234952144823e-01,9.275157171620310725e-01,6.366271430161178912e-01,6.983135043879017401e-01,9.857596512626143337e-01,7.913218189632611477e-01,7.063081571166467398e-01,5.380503787868776699e-01,8.686841768472242098e-01,7.142977095231399787e-01,9.351225949143748828e-01,9.607492883909736214e-01,7.512999875765152824e-01,6.000196017735690557e-01,8.619103968131240912e-01,6.837156018028536231e-01,2.298073685572648017e-01,4.781455693165437802e-03,6.874773010596012535e-01,4.486924830196100111e-01,8.515577601744988012e-01,9.268541157299219346e-01,9.115692271302012761e-01,5.113370569564277268e-01,8.079968027734992786e-01,5.692557288618494971e-01,9.818972581666947086e-01,8.122373271391314375e-01,8.741666414092057469e-01,5.019182769401367983e-01,6.491973929646426278e-01,4.987308177568109957e-01,9.215279568860823556e-01,2.698081109716696235e-01,6.893728506058725003e-01,2.472069061911625898e-01,5.867643414895805654e-01,7.830685649600224174e-01,6.113577019508972255e-01,8.311521785432419707e-01,7.673234851772685605e-01,6.529283131547973795e-01
6.943720557690793438e-01,6.097182057451113746e-01,0.000000000000000000e+00,8.389211490897749979e-01,9.376045632967336951e-01,3.308571983448058695e-01,8.684494811645286916e-01,9.632029311972603036e-01,6.302532780888622232e-01,9.522735301214613202e-01,5.596695405072098922e-02,5.322164871903538597e-01,8.029318683217548935e-01,2.269616404548285837e-01,7.886055547662204068e-01,8.413635271304614749e-01,6.278782862506344653e-01,7.512464987138374184e-01,9.389412155805020310e-01,9.489523674477644555e-01,8.474643338733531817e-01,3.968251640448609008e-01,9.994611063859074607e-01,9.259788029300748402e-01,6.244746450159024409e-01,6.511669036372331743e-01,7.700119514642330687e-01,7.326968248272104356e-01,5.550867887784026733e-01,3.790375869820347687e-01,4.598454978103334589e-01,8.957350332299447437e-01,8.804803352556286322e-01,8.612558586548098027e-01,4.166663488306757701e-01,7.395060568909300747e-01,2.893749458972558752e-01,7.739679859907460102e-01,6.858631316915768661e-01,8.180216308902872324e-01,6.130170486042790107e-02,5.640433721024119551e-01,9.111362001672124178e-01,8.946867486050209539e-01,6.897399466332321261e-01,6.896359639980401690e-01,5.089859807172600892e-01,9.956250136635627079e-01,5.497137018305795486e-01,5.955418329770147956e-01,9.342314970801649521e-01,7.456356641378483197e-01,8.001663828402931777e-01,8.521461907629849231e-01,5.266898378834151684e-01,2.339376438605921815e-01,8.408113451542443828e-01,7.617024153954421450e-01,6.550473415885920137e-01,7.378384640553748985e-01,1.089075807753317471e-01,6.553752677822023420e-01,4.022680351086296291e-01,6.414866028325044711e-01,9.121872610036946272e-01,7.468585391125741602e-01,8.039480787787718352e-01,8.007102204166994808e-01,8.316430439971184141e-01,8.970854724841004213e-01,8.778578456852808021e-01,5.281818017457183823e-01,5.843220137316267326e-01,7.252597892199386109e-01,8.888453150841977290e-01,6.521736923233223404e-01,8.157517933038136437e-01,4.609882092104177209e-01,7.707300588233054750e-01,1.357828548847769268e-01,4.953600978915782549e-01,9.051791927413852523e-01,9.675157667038973841e-01,5.633539535126778075e-01,8.075837751813673693e-01
6.670030490432203862e-01,5.385699137970338946e-01,8.389211490897749979e-01,0.000000000000000000e+00,7.697339815112475003e-01,7.073157823070300720e-01,4.932366927070748197e-01,4.112448819099884245e-01,7.527334143554269552e-01,7.054539002439172979e-01,9.516884555560509718e-01,6.835730159933836037e-01,9.925630595576653281e-01,2.274699669570083849e-01,8.710334312802070489e-01,7.533400667414074103e-01,3.243797161896346815e-01,7.594342985195777773e-01,9.973305815424258203e-01,8.096120871425189769e-01,8.254226504734982761e-01,5.855419959001927355e-01,5.974176644249966639e-01,7.433743882985561768e-01,5.115849841446051816e-02,9.008201998317930670e-01,4.345826967577985367e-01,8.331275691808428530e-01,3.388829275287714715e-01,4.717963456288689073e-01,1.438094615694301970e-01,6.391943315900516787e-01,-5.443468233672463241e-02,7.813282150021745309e-01,8.812442930928687801e-01,-9.957083772795632948e-02,7.229929504685727037e-01,-2.293430416262592919e-02,7.466767956989699417e-01,6.763583531677305194e-01,6.888521233013971123e-01,8.431154681562571529e-01,8.033010404123664960e-01,9.943093744927801181e-01,4.196090218108398107e-01,4.779160936425301820e-01,2.602842065848821607e-01,6.541959410923298135e-01,6.151248363770662753e-01,8.437710389927425281e-01,4.992919597163688050e-01,4.718346940629338793e-01,9.962323695023375114e-01,6.344314817679616025e-01,6.608895317803336056e-01,4.344168088985242981e-01,9.769854898857176506e-01,6.978232241510320399e-01,7.790246885091275386e-01,5.113240858637584374e-01,6.490702662538802015e-01,8.407733298714634707e-01,5.100484158364609888e-01,4.166773200484060191e-01,8.872694532752128938e-01,5.209274253922835385e-01,9.709008746265211931e-01,9.893146024205021760e-01,6.826935720051859890e-01,8.425575780601565201e-01,9.999410634593385305e-01,9.426880251831051272e-01,6.247600889054975015e-01,9.922640609768182962e-01,5.884652520498798722e-01,6.616890065725582470e-01,4.942802976070541088e-01,5.011483624637720624e-02,3.569071878906037165e-01,8.677674661709328108e-01,3.642503032141002350e-01,9.579259150933921996e-01,5.490694684100627665e-01,3.679246037885405274e-01,8.556368465673194201e-01
8.475965315377980147e-01,2.879000269908188470e-01,9.376045632967336951e-01,7.697339815112475003e-01,0.000000000000000000e+00,7.213243728642618757e-01,6.653912938005510647e-01,7.228126067251257059e-01,6.815461601096972633e-01,8.092992118601219920e-01,7.434075770519168458e-01,6.739740773831317533e-01,2.080004549877468301e-01,6.708527740107390613e-01,6.869464037266895806e-01,6.557650253066411583e-01,7.359112029115273401e-01,9.263643683666749062e-01,1.317442293114652885e-01,8.927938058169521129e-01,7.977145245598864509e-01,9.315618979118602816e-01,8.018406806426792155e-01,9.281500978408143698e-01,4.327401129012648506e-01,6.364237732584726581e-01,9.013418859473134592e-01,2.878419247645517265e-01,7.751439184080963773e-01,6.337443750802713716e-01,4.157226130804113073e-01,5.077210510565168811e-01,3.971638813708688875e-01,6.372340253586350478e-01,6.854538610301019741e-01,1.817880003133522937e-01,3.811930997964842471e-01,6.716214846123279569e-01,9.457976335291322645e-01,5.420986979570154851e-01,2.292949481354888408e-01,5.784167730730011003e-01,7.177150622775472222e-01,6.521825173442404866e-01,6.646888229065169851e-01,6.590028443069528841e-01,7.870868095396187369e-01,9.989511888046611610e-01,7.912177872824426306e-01,8.541907912025721306e-01,7.756020111442301079e-01,8.701226972134683546e-01,5.487606929141155554e-01,6.667273150817119021e-01,9.274284086664077442e-01,8.774120461098615653e-01,6.331732619275598495e-01,9.576229030601683956e-01,8.702818471895499286e-01,7.114210172574608748e-01,8.855886111019807272e-01,7.018546966042854551e-01,9.529888913908184378e-01,2.499320487550663328e-01,2.910734993778331670e-01,7.666113560134716343e-01,7.224828351490119038e-01,7.008980585470050428e-01,6.214395968741144305e-01,9.306093123371202980e-01,9.682245373543356681e-01,6.417130157059754980e-01,6.027946265156890471e-01,5.679339287544163950e-01,9.385416540748724445e-01,7.949436101498646989e-01,8.698187735042454127e-01,8.633449837067158628e-01,6.884015350632720631e-01,7.881373546275313169e-01,5.419075788080541800e-01,7.902357467609975039e-01,4.287265415542946823e-01,4.072316571174275923e-01,7.902822226348569234e-01
8.689396177259112175e-01,7.798792631578541634e-01,3.308571983448058695e-01,7.073157823070300720e-01,7.213243728642618757e-01,0.000000000000000000e+00,7.309524395667461594e-01,1.740814603185772136e-01,7.505178531130285435e-01,9.736640852582275629e-01,2.745320772176519930e-01,4.377616260204458820e-01,7.213052258388990001e-01,4.634047625491861666e-01,4.308018861051957082e-01,6.230632653514429631e-01,9.548274869994928249e-01,6.296033887552686670e-01,8.380302259583196633e-01,8.029247274558914960e-01,6.761013962355776341e-01,2.472393961210143654e-01,7.543374865991988587e-01,3.638520024930438357e-01,4.065566850078209393e-01,5.836199379609174898e-01,9.725361330574874286e-01,8.023918420746289915e-01,3.288611044280834728e-01,7.168245151174299501e-01,7.826169774120390610e-01,7.366559460631785239e-01,8.975831742243428613e-01,8.659742545470638930e-01,9.759430569361374763e-01,5.608339001102292248e-03,3.441896078451320840e-01,7.092863468191689114e-01,7.709189775349259977e-01,5.791838208542489097e-01,4.274021820341153410e-01,5.404426963643785831e-01,6.912153894408682442e-01,9.114725921244759554e-01,8.343168989991486262e-01,8.514049531908153279e-01,9.811786852622452759e-01,7.955239614707310114e-01,9.635286908065001654e-01,7.578123796355896724e-01,9.365104358060770684e-01,6.882116854071098633e-01,6.954746070754864729e-01,8.984943934238240892e-01,8.319237572209886578e-01,4.546255388695229493e-01,7.270522601650762917e-01,9.711104816643814086e-01,8.615867372473511310e-01,7.501227463130023532e-01,2.570926412343578771e-01,6.964295664157357235e-01,5.180415491735885780e-01,7.946504000091644260e-01,9.513196640352536981e-01,9.291756670288363607e-01,7.910232415322275834e-01,7.135616272973843710e-01,5.522917200802197613e-01,5.928949286190805523e-01,5.038075054049820922e-01,2.090561346993642378e-01,4.529921039517511572e-01,7.632721592685745016e-01,6.905691313669723996e-01,5.691265473766297101e-01,7.813132116370476998e-01,2.416214770230944164e-01,1.850774401501270039e-01,6.776844401011705710e-01,5.475442680555737685e-01,5.079492690087288320e-01,8.924682520357881677e-01,8.573611169165119561e-01,3.743931920675287461e-01
8.995181715041711268e-01,6.429573486768799251e-01,8.684494811645286916e-01,4.932366927070748197e-01,6.653912938005510647e-01,7.309524395667461594e-01,0.000000000000000000e+00,3.244398692911285575e-01,7.381313829846714025e-01,5.069250406366597739e-01,1.400392299066559598e-01,6.355410286203325709e-01,4.724806207669423053e-01,8.092899829493174213e-01,7.117320724323010772e-01,4.275793176993984979e-01,8.387005596241887684e-01,4.973679881830612159e-01,2.491048853055663759e-01,9.046372850566021251e-01,3.470551811773674444e-01,5.124936832328198522e-01,3.704559989957693089e-01,6.646883291629143153e-01,4.218207054389531696e-01,1.647845132823141934e-01,4.998481533891108164e-01,4.381030086343659646e-01,7.516259472969899491e-01,6.496695371079750370e-01,5.601433286923424015e-01,4.333048075679508671e-01,5.904087725289637323e-01,2.423937222787730106e-01,5.094408197077557876e-01,7.491186809040987216e-01,5.573158866869196704e-01,8.044607699113869026e-02,7.693424164602076232e-01,5.546132177348360726e-01,2.014323787306458724e-01,4.435373458013305292e-01,6.194347227293488523e-01,3.522602370306545660e-01,9.923310107555989301e-01,5.715945589418025552e-01,7.427130270613190310e-01,7.521865593558925145e-01,3.916008156147197106e-01,5.613495441090424753e-01,7.017911024813602294e-01,7.518147703185786845e-01,7.593949798951253882e-01,6.372729599571641534e-01,6.388829118051861933e-01,4.403540321154197912e-01,4.389149596000956888e-01,2.167225886836952609e-01,6.002582198201076302e-01,1.492960315576472713e-02,8.267198551039035490e-03,7.516020838919070801e-01,7.323741427508863311e-02,9.002331392847914282e-01,6.559489897238355294e-01,7.016716391135682240e-01,2.796647066917359314e-01,5.703455072505364543e-01,7.537119787366618473e-01,4.585787873278936444e-01,4.409957818597439183e-01,2.952391864745689265e-01,6.021877663005072989e-01,8.639467558085615062e-01,6.177671421715371647e-01,6.373098801440855166e-01,5.457499795491597139e-01,6.714589503896948308e-01,4.788620906840745373e-01,4.285631911876911504e-01,7.721966522239473996e-01,9.413815749300200597e-01,7.542532846111360545e-01,1.909871005335461169e-01,1.825383173501768652e-01
7.362605501596222179e-01,6.459274711082689802e-01,9.632029311972603036e-01,4.112448819099884245e-01,7.228126067251257059e-01,1.740814603185772136e-01,3.244398692911285575e-01,0.000000000000000000e+00,3.612406854150232993e-01,8.678002803002187182e-01,4.642635375645275397e-01,1.425650337388453294e-02,6.920829658287540598e-01,9.746646054060412734e-01,4.949096331303659557e-01,6.386836909636530724e-01,9.259184339718391499e-01,5.016974940804456162e-01,3.573332546404067028e-02,6.838205571001400029e-01,4.003220560709925269e-01,2.369945167423632149e-01,7.411251275830197383e-01,7.284245285704771256e-01,9.949871493499524988e-02,8.314800925195919845e-01,8.859142773723639452e-01,8.894608238794577959e-01,7.919731825276841164e-01,5.587853577794913429e-01,7.069686266454175971e-01,8.386593369925804398e-01,6.156697089082577845e-01,5.423383037471366519e-01,6.747835371338821719e-01,5.533137322575450989e-01,3.471649742922968129e-01,6.245147754425617315e-01,9.157715604574497847e-01,6.017936823983589534e-01,5.781188719363631323e-01,5.342734056016572586e-01,8.701684418718516056e-01,3.010208224478427286e-01,9.437348862753398571e-01,6.430953763185979222e-01,4.635588985642436488e-01,7.212405054367851953e-01,4.845913400044419284e-01,3.610158096246305348e-01,9.127063547115419340e-01,4.700359161872942337e-01,6.804694752025802762e-01,7.561872647614694687e-01,9.455180400729674695e-01,7.121351180061248343e-01,8.527797593534416354e-01,4.117086188182588757e-01,8.845715214888189015e-01,5.896350391382454426e-01,7.587262420230708182e-01,5.960717500329116847e-01,6.265990843165775148e-01,8.569401297898907588e-01,6.431640175004023074e-01,9.193995134789115786e-01,5.473567696343417666e-01,8.900940813093485282e-01,6.726573353880368478e-01,8.240681183923916908e-01,9.668463798062233439e-01,4.428061762467730977e-01,3.630629802423939179e-01,5.085325766790775859e-01,2.121373317904301503e-01,7.305669693574875501e-01,4.319746552975633480e-01,4.694995347801058649e-01,4.811762165662649138e-01,4.060512369103929098e-01,4.433800186583094494e-01,7.652981712777546797e-01,7.794164414320530199e-01,7.638858235526941876e-01,2.371245406663312350e-01
7.187009972728761742e-01,4.636931673523577158e-01,6.302532780888622232e-01,7.527334143554269552e-01,6.815461601096972633e-01,7.505178531130285435e-01,7.381313829846714025e-01,3.612406854150232993e-01,0.000000000000000000e+00,7.442767739901403612e-01,7.773291213170382408e-01,2.690717773621906228e-01,5.448172382369430577e-01,6.646460737975503630e-01,7.243296114965838139e-01,6.658787258790295205e-01,2.336227676639869300e-01,5.314539981382035982e-01,6.450833362909240698e-01,7.387534219761520138e-01,7.923851353758416538e-01,6.497418083945245559e-01,6.698297303135068992e-01,8.177000164051787534e-01,2.973158194540513888e-01,9.331719530251311179e-01,9.215475182295488343e-01,8.284829998842559995e-01,4.016136504171939903e-01,7.979218214233663176e-01,5.334902594322670222e-01,8.247468951629434164e-01,7.352008011414750133e-01,7.752230455256435837e-01,9.674725922625238006e-01,3.965286566937851198e-01,5.886430251055373430e-01,2.055855839230835425e-01,9.091596136183263122e-01,7.830177209518651704e-01,3.162094999572550580e-01,2.896679876915883023e-01,3.028036718923505233e-01,4.717576108986657468e-01,9.381201215111367731e-01,9.589133072045985529e-01,8.923485374725038666e-01,7.165915075796902567e-01,6.679398983377916599e-01,4.241766344642244335e-01,6.697860611513001272e-01,6.460567308794855634e-01,8.068919007987964687e-01,6.793463016341461103e-01,7.161468723426602789e-01,8.999769319455528382e-01,8.090001079214951263e-01,6.179153312194067826e-01,6.105005415884946496e-01,4.332209317405224525e-01,6.186324211319707000e-01,4.896659034792885667e-01,6.503736134834683380e-01,6.813316411815237839e-01,4.359901072520785403e-01,5.886530154476599108e-01,5.785624109120297565e-01,8.442544856673727116e-01,8.256947031440141638e-01,4.309814754916301283e-01,9.180447433554408398e-01,2.747509563706568847e-01,7.097066162190079908e-01,6.001840740507143057e-02,5.684496717980911384e-01,7.909580671047058420e-01,6.761901842507900273e-01,4.239689702403791616e-01,7.912473488005178357e-01,1.679352457298565748e-01,6.421693136250261613e-01,9.358715966659035823e-01,9.824933512789782997e-01,6.439994305417549025e-01,6.201266626166690443e-01
8.101087196176834926e-01,8.271211537149396609e-01,9.522735301214613202e-01,7.054539002439172979e-01,8.092992118601219920e-01,9.736640852582275629e-01,5.069250406366597739e-01,8.678002803002187182e-01,7.442767739901403612e-01,0.000000000000000000e+00,3.569270378341991151e-02,6.585353292320133001e-01,9.771603974916520663e-01,1.041011165758535251e-01,9.066517493539183459e-01,7.362096203170467312e-01,7.290010716102029997e-01,7.797924186459551654e-01,8.699334525940262131e-01,9.665373669572824289e-01,7.333008055093845901e-01,3.707615306266155430e-01,3.514909603541924721e-01,6.383593605334104693e-01,8.531860661033121573e-01,8.061887704452374015e-01,6.912293948582340919e-01,8.406861521798608683e-01,5.678596474048061005e-01,4.459328125985896341e-01,1.259276754501558182e-01,7.391679961739556770e-01,3.617964901229755448e-01,4.306873858782359621e-01,8.514435645805934483e-01,2.536626619280161199e-01,3.506939573669047849e-01,8.812305537372839837e-01,3.571324797134452500e-01,9.616478908628751654e-01,2.153841242620483931e-01,7.416051828926447653e-01,7.566493449919438063e-01,8.267854528818338045e-01,6.875142325253514874e-01,5.087000533040645367e-01,7.672002461314331168e-01,9.182931749381324504e-01,6.904906522529232760e-01,5.610644884151447798e-01,5.735420831928945973e-02,6.007642019344797690e-01,4.393401990553448266e-01,6.394550884791522227e-01,7.969084479638245400e-01,9.758570992008600564e-01,4.842553709919289462e-01,4.983727094129956070e-01,4.871998033637776615e-01,1.219460316697212054e-01,5.222474069310185651e-01,6.760108772191869564e-01,9.492849452831230161e-01,6.802609192290831608e-01,6.753859734681487703e-01,7.899027054595352260e-01,9.050222635410267724e-01,7.162103843355462907e-01,3.472677230769673912e-02,9.215173306578654522e-01,9.585703013713352538e-01,7.530494192676212561e-01,3.341027025027768493e-01,2.315344361316041821e-01,5.143980546502965323e-01,7.624876872470521816e-01,4.216306411131033327e-01,5.857240993116369365e-01,3.243838489313891071e-01,2.906063309594996147e-01,9.555275022694020848e-01,6.233569123310426230e-01,8.180084989085503189e-01,2.635235039371675025e-02,7.690036732892049365e-01
7.946874647006048065e-01,8.165679036160193860e-01,5.596695405072098922e-02,9.516884555560509718e-01,7.434075770519168458e-01,2.745320772176519930e-01,1.400392299066559598e-01,4.642635375645275397e-01,7.773291213170382408e-01,3.569270378341991151e-02,0.000000000000000000e+00,7.440286898965863260e-01,-3.970145137185598916e-02,7.861189172309377415e-01,8.646973851818289258e-01,8.019904170575993252e-01,8.417058249691320437e-01,4.649506935520182904e-01,8.933463604242624090e-01,8.177125081093186143e-01,2.081111865102021896e-01,6.583663027550127333e-01,7.973635936932231827e-01,8.710397459679664056e-01,9.009170936234869309e-01,2.369811672993712981e-01,6.035738260131641164e-01,6.190240157503026364e-01,5.065692961612503487e-01,6.777331685284258000e-01,5.227427607013878097e-01,8.991842283374555933e-01,2.005900659654690776e-01,3.617262971428674562e-02,4.548855374586840972e-01,3.921902988617150809e-01,6.532206862452343277e-01,6.201444840861413121e-01,9.862194063520705045e-01,8.494575028325650479e-01,5.288427504710444538e-01,8.856637287167425932e-01,9.675066692156288894e-01,2.582871268640808404e-01,4.686707568440305893e-01,8.704453849495101814e-01,9.776451271533412868e-01,6.324690804420781687e-01,8.286821415792484657e-01,6.590309103270173274e-01,4.864104592068038690e-01,7.769078249636505173e-01,8.879977906955924816e-01,5.628908540510955127e-01,5.685281294640129879e-01,6.713386131886722730e-01,8.116364433478578944e-01,7.533032065945705069e-01,8.498144950204160608e-01,-2.304850063670288440e-01,4.512462024449229170e-01,4.200710348736822475e-01,7.473263424852244485e-01,8.906535631345023907e-01,3.227434937692544858e-01,6.771501074128365438e-01,6.506522307588126219e-01,8.003008237835839145e-01,1.362612987433194367e-01,4.693966032126226096e-01,6.221385355158204344e-01,3.179622722812023294e-01,2.773650057444946859e-01,2.914169782599426162e-01,9.667058769925372941e-01,8.907902030996109888e-01,9.022010771363940806e-01,5.070917557758956168e-02,1.665586718576287928e-01,2.134121348439968480e-01,9.215644482775342539e-01,9.156538771059146153e-01,9.985784946333973178e-01,2.622715701655711218e-01,7.131461093519315675e-01
7.140450128305800837e-01,6.144489903508473239e-01,5.322164871903538597e-01,6.835730159933836037e-01,6.739740773831317533e-01,4.377616260204458820e-01,6.355410286203325709e-01,1.425650337388453294e-02,2.690717773621906228e-01,6.585353292320133001e-01,7.440286898965863260e-01,0.000000000000000000e+00,9.819987412812799521e-01,7.521483688354306807e-01,6.232730441207948724e-01,7.345347020836630048e-01,6.492855405983036787e-01,7.297493747591019542e-01,4.546043096564460484e-01,6.737656300055501202e-01,1.421440038154438423e-01,9.523278178784312376e-01,2.701002627376594134e-01,8.846264418533988927e-01,3.810877942710489963e-01,8.748083290760941821e-01,7.860926098334118928e-01,6.729976408997031534e-01,5.533266244973127357e-01,4.399896286299562198e-01,2.842969289167794900e-01,7.810908040979114286e-01,5.187446280744978377e-02,7.241617715404540245e-01,4.373476323186361592e-01,4.700312952434733682e-01,5.487131924771340152e-01,2.379022270644298997e-01,4.599608920612391350e-01,8.547609780756890707e-01,7.345070621255402887e-01,8.984363480005775893e-01,6.313853026140805458e-01,5.566712165969329718e-01,3.835152529319387771e-01,5.998336279805888127e-01,8.281961896064183870e-01,5.507460299675709381e-01,7.288130662691242323e-01,3.496729937017891143e-01,7.283987261258801915e-01,7.499227158568995133e-01,8.660318201226477886e-01,7.791107436076872839e-01,2.719188450157662973e-01,9.399724207152729827e-01,6.014380314766623048e-01,6.001945086081280634e-01,9.325541213830316201e-01,4.312416254575184849e-01,6.236971441730378984e-01,6.078299938020365056e-01,4.990164533083055187e-02,9.913753367695541385e-01,8.517533226062143914e-01,6.893284258924117225e-01,7.676036827501373505e-01,4.882636711302337784e-01,6.425175997444692033e-01,6.329244077731364104e-01,8.037306337705059089e-01,5.784517380895531913e-01,4.154214008543420933e-01,3.574308163851236397e-01,6.418125222107761152e-01,8.581505378786818961e-01,6.338201709222154312e-01,6.789431493705253562e-01,7.135484193533939701e-01,3.059439646098124910e-01,6.620401638219572948e-01,7.166362863198081357e-01,7.150397110594537420e-01,8.517725076403152018e-01,9.211701732060477710e-01
9.152158705866453303e-01,8.476081015357054271e-01,8.029318683217548935e-01,9.925630595576653281e-01,2.080004549877468301e-01,7.213052258388990001e-01,4.724806207669423053e-01,6.920829658287540598e-01,5.448172382369430577e-01,9.771603974916520663e-01,-3.970145137185598916e-02,9.819987412812799521e-01,0.000000000000000000e+00,5.725011495639755754e-01,4.971481957685116027e-01,7.831535840689959338e-01,8.112592788218352391e-01,7.333507394298486304e-01,4.161823485673951106e-01,5.967641774732005411e-01,9.274315349002971720e-01,8.275371625538546771e-01,7.371544330587431748e-01,9.627161463652440521e-01,5.789297376952720064e-01,9.732603704097152475e-01,3.793249191343135429e-01,7.237921183499698152e-01,7.031846600435903705e-01,7.817679009151111413e-02,7.517984525474353807e-01,3.212360837387854828e-01,3.674711911302243617e-01,9.256132653978105251e-01,9.949718475587812083e-01,4.780807095976004617e-01,6.958149442201382318e-01,6.358912372497819154e-01,7.013941140429805765e-01,9.537186221593667579e-01,2.466997269743225751e-01,7.812374595631074170e-01,9.007977368006864216e-01,4.069698642783709519e-01,7.801166398121095469e-01,7.746071760802007988e-01,6.718989885333870316e-01,7.444756288376390696e-01,1.507610723825674182e-01,5.432633407795862679e-01,9.786427742833991861e-01,7.557014090433886722e-01,-1.397840225088129162e-01,7.628757209596930267e-01,9.207296146076128229e-01,8.355646984087176099e-01,9.073883348854780984e-01,7.843254799527606957e-01,5.609099477292247560e-01,2.922912799992946620e-01,1.558402849085138986e-01,9.110421221013367266e-01,9.741758813113297055e-01,1.524382477587107598e-01,6.510465421245776874e-01,4.843880386844982566e-01,6.777560314006063624e-01,8.334176249992809593e-01,7.276385285900143218e-01,5.557732437002822490e-01,6.474124297436586462e-01,5.832422128138008421e-01,4.010171690570932257e-01,6.397867236845453665e-01,7.080253190544574249e-01,8.313514458967081744e-01,7.800494081025430848e-01,9.275763754734360766e-01,4.281674892348413114e-02,3.151966896456669387e-01,9.308043095397281474e-01,9.143834653010407543e-01,8.316499778305080914e-01,3.415640798016288393e-01,8.989059306259771231e-01
6.679621701081885909e-01,4.612479918570970838e-01,2.269616404548285837e-01,2.274699669570083849e-01,6.708527740107390613e-01,4.634047625491861666e-01,8.092899829493174213e-01,9.746646054060412734e-01,6.646460737975503630e-01,1.041011165758535251e-01,7.861189172309377415e-01,7.521483688354306807e-01,5.725011495639755754e-01,0.000000000000000000e+00,7.181524379917224588e-01,5.941358021314866455e-01,8.543808165994479786e-01,9.579416724703107011e-01,8.452300027588756093e-01,7.178327336091498978e-01,9.340932717678104291e-01,6.998002008279892161e-01,7.991296083297623198e-01,9.039679725977455282e-01,3.529924506937913709e-01,4.473569763539855804e-01,7.290510757382058227e-01,8.117227441579757397e-01,7.653118790569699570e-01,7.068541472936311632e-01,4.850708550546880549e-01,9.511684010070117212e-01,7.872521485642931527e-01,8.434599565704046231e-01,6.012794103582180805e-01,6.185216447529565120e-02,5.721302392546708804e-01,6.932040498361807801e-01,5.332903619314263155e-01,8.190424031186945841e-01,4.165653067858121061e-01,9.004010268285793650e-01,4.016612460213589419e-01,6.667774209963823751e-01,5.647982511012404894e-01,6.472802268725815766e-01,6.824583803485044786e-01,7.727712145398971666e-01,6.265260766732907438e-01,6.266611480741924867e-01,1.535640206118078221e-01,5.578915550196745787e-01,8.038003472429906537e-01,2.049441557139863312e-01,8.732460905246339777e-01,9.437259326230990064e-01,4.680112641838321541e-01,4.140727406893767726e-01,9.656137466886051124e-01,4.374204097834509808e-01,5.875447036193843786e-01,7.458708424110759294e-01,9.215619075198802079e-01,9.548039835965589361e-01,8.016082531726911320e-01,1.076530625642299760e-01,4.807798868757029442e-01,9.443546661921250474e-01,9.791857613897732016e-01,6.895436967962831343e-01,9.640260279024720491e-01,9.141688418816502626e-01,6.962818456620333274e-01,7.780061898115552266e-01,9.745258120429897142e-01,4.167027455430598049e-01,8.762679662464184505e-01,5.111091152025676321e-01,2.644511933168941509e-01,4.066584613011473559e-01,8.980973137075052293e-01,7.098990722387487073e-01,5.164971601096385312e-01,5.458711700258067623e-01,5.837742036110862287e-01
5.290874839392900771e-03,7.027173539521563983e-01,7.886055547662204068e-01,8.710334312802070489e-01,6.869464037266895806e-01,4.308018861051957082e-01,7.117320724323010772e-01,4.949096331303659557e-01,7.243296114965838139e-01,9.066517493539183459e-01,8.646973851818289258e-01,6.232730441207948724e-01,4.971481957685116027e-01,7.181524379917224588e-01,0.000000000000000000e+00,6.668247910024123204e-01,9.273085072291992192e-01,4.185817484712986980e-01,5.071562777064807515e-01,9.209384518364694960e-01,8.369294669791618180e-01,4.348045151424272392e-01,8.974022015999372215e-01,9.486275479361706564e-01,7.749105293457636545e-01,7.824693837228358095e-01,9.004929759045148252e-01,7.723025869497089912e-01,6.311336684671737807e-01,5.484006220423452982e-01,3.500870417340902208e-01,5.877649743044375263e-01,7.118717651425955362e-01,6.784469810190842942e-01,4.276557861356204415e-01,6.825722021252654537e-02,5.630006626164612005e-01,5.688303212484298044e-01,8.792258532791878967e-01,4.762476432429299522e-01,2.484666060327211379e-01,6.446870257255963299e-01,8.941958528580625787e-01,8.303257249444693233e-01,8.578704018393237263e-01,5.849887752741905755e-01,9.030882542371747590e-01,6.033029683329459436e-01,4.839182434325665083e-01,9.528212186773420411e-01,8.820237444666418902e-01,2.586495317239873026e-01,3.819273650207881121e-01,6.913014091510404358e-01,3.156545907211800173e-01,7.368874831529617087e-01,7.924277964578017031e-01,8.648643600503310713e-01,9.842564706716447898e-01,6.553071806323642612e-01,8.467515198211810201e-01,8.314454174583276735e-01,9.931373635527960264e-01,8.727982036720612902e-01,8.782791925634633179e-01,4.071292418694761883e-01,2.525170363541324736e-01,6.672702547722355604e-01,2.671419296099704632e-01,7.805290816239250917e-01,9.444275048931379812e-01,7.674479018151235676e-01,3.477089103287099858e-01,4.543908191755678394e-01,3.125963683090238199e-01,6.067073572580821139e-01,6.669679077201026152e-01,8.386771101139240958e-01,6.137344273527515215e-01,2.062575694767160850e-01,8.740393454903707671e-01,6.117537845658548301e-01,6.449614273755976956e-01,6.922005961428220333e-01,9.506610396225461113e-01
9.324719783219761471e-01,5.002030300487123604e-01,8.413635271304614749e-01,7.533400667414074103e-01,6.557650253066411583e-01,6.230632653514429631e-01,4.275793176993984979e-01,6.386836909636530724e-01,6.658787258790295205e-01,7.362096203170467312e-01,8.019904170575993252e-01,7.345347020836630048e-01,7.831535840689959338e-01,5.941358021314866455e-01,6.668247910024123204e-01,0.000000000000000000e+00,8.558767729254950218e-01,5.469912041153297544e-01,6.083234869567031300e-01,4.394520018168786568e-01,8.919525779476926708e-01,7.697289146021661921e-01,6.942267321379930189e-01,9.823943729150753645e-01,7.578422085049976165e-01,6.025780236737136031e-01,8.845930945911821830e-01,3.615730065536985061e-01,4.651130598228010726e-02,6.687779568440588296e-01,7.068375094712577855e-01,-2.563191759242017254e-02,5.812504357601522287e-01,7.239609623970574281e-01,7.743978859467044451e-01,7.176652062157481415e-01,4.882675762288383181e-01,5.092489259021466541e-01,9.055820864389328984e-01,6.196430028380680577e-01,6.856688831572882448e-01,8.765553793929909965e-01,8.976036765665059702e-01,9.438619434179931211e-01,8.940131433613306422e-01,9.062053499177289417e-01,8.759870108575994463e-01,7.561554673654055092e-01,7.886092470540235766e-01,5.196024406405520546e-01,6.621081628118905549e-01,7.836619740221445474e-01,2.776212830408618659e-01,9.659717112577481668e-01,9.727513878227105337e-01,9.962449092204854750e-01,7.233167847574526466e-01,7.975441326293097877e-01,9.520578019311425333e-01,5.464406905851701968e-01,4.939456648333725441e-01,7.086813441119625967e-01,4.786563062937571056e-01,8.822571631938064263e-01,3.053846637866525771e-01,8.209080953076998144e-01,9.210364231792634859e-01,9.798071875541715103e-01,7.532052396511612624e-01,9.746224691728690992e-01,8.835444704717827502e-01,9.317947058306006447e-01,3.549281096262892898e-01,2.431739902922641083e-01,4.530053580034482663e-01,9.345815582393027787e-01,6.209782990162038274e-01,6.490338725840927303e-01,3.641588775844707415e-01,6.101096876602767338e-01,2.599367843221170316e-01,7.956249638433257054e-01,7.801654226484454613e-01,4.314733332947146560e-01,3.177790874079540195e-01
6.726875521615547360e-01,7.177868118395225316e-01,6.278782862506344653e-01,3.243797161896346815e-01,7.359112029115273401e-01,9.548274869994928249e-01,8.387005596241887684e-01,9.259184339718391499e-01,2.336227676639869300e-01,7.290010716102029997e-01,8.417058249691320437e-01,6.492855405983036787e-01,8.112592788218352391e-01,8.543808165994479786e-01,9.273085072291992192e-01,8.558767729254950218e-01,0.000000000000000000e+00,7.842068125966552561e-01,9.141703439463756409e-01,5.969511680747376925e-01,9.051991724364540914e-01,4.821635438382744221e-01,9.292055322169920917e-01,8.769674423771816052e-01,7.511977152752498110e-01,7.846615785151989098e-01,7.731023032524784178e-01,1.435550064646944346e-01,5.019231901565613940e-01,6.176679440845357361e-01,1.816413133226468801e-01,7.879610334662533466e-01,6.048514834709943777e-01,6.528858596808227999e-01,8.658731573071487553e-01,1.203410886235299904e-01,7.500988966923267665e-01,7.017992832531657621e-01,8.832553529752104060e-01,7.466947137035497839e-01,3.666612299796777608e-01,9.714591486221518801e-01,6.391947990007904590e-01,7.434518256023695537e-01,9.179927868957367121e-01,9.082163925741061350e-01,7.911662532297507600e-01,4.789375516310620529e-01,8.795494423849296028e-01,8.015911426191489886e-01,6.391652473100312148e-01,6.921223574659141065e-01,6.808743873099692978e-01,6.066710130043183602e-01,9.447030778867919754e-01,6.956583121775138379e-01,9.746719147757043622e-01,7.382052061548493027e-01,8.053956788954872437e-01,6.611935659556348321e-01,-1.189968192560675320e-02,7.560744540134786140e-01,6.803683028428348933e-01,9.918924155999203629e-01,8.368480450510800139e-01,7.811374796932254450e-01,2.444285002779404692e-01,8.572447025635083762e-01,5.235392013963997560e-01,9.255988800040558795e-01,8.193410411479231659e-01,8.731909731417653031e-01,7.074172717754680928e-01,4.610423502795039097e-01,9.587126866411820325e-01,8.771329599667005983e-01,8.210346793849500058e-01,2.712775290739406486e-01,1.526203880890861508e-01,3.999390757742325997e-01,7.002473194080763852e-01,3.346966201310459521e-01,6.565355038149869316e-01,3.523516187946713618e-01,9.865318493749100082e-01
5.037208693994252862e-01,9.145768109751439834e-01,7.512464987138374184e-01,7.594342985195777773e-01,9.263643683666749062e-01,6.296033887552686670e-01,4.973679881830612159e-01,5.016974940804456162e-01,5.314539981382035982e-01,7.797924186459551654e-01,4.649506935520182904e-01,7.297493747591019542e-01,7.333507394298486304e-01,9.579416724703107011e-01,4.185817484712986980e-01,5.469912041153297544e-01,7.842068125966552561e-01,0.000000000000000000e+00,7.866114469419720479e-01,9.547316784193240480e-01,7.454633185183077160e-01,5.907319048731365374e-01,7.544848489705460182e-01,8.265786860191645102e-01,-1.849384310507935503e-01,4.767281771169321059e-01,8.976396096375949263e-01,7.530886611968821143e-01,7.643171133008435092e-01,3.294013226075658690e-02,4.141488314144776139e-01,7.032644192591634980e-01,2.901335150656462192e-01,4.334603432294044101e-01,8.300989117182311361e-01,4.821900715897498024e-01,8.664624237972077259e-01,2.547417808039629805e-01,6.279800530068682107e-01,6.938465857537730042e-01,7.474672974473937082e-01,6.195310317487989771e-01,7.414620020157566271e-01,9.782932987041164097e-01,9.164574205961811826e-01,6.560852612853276256e-01,9.200676688575935014e-01,3.780482233787290647e-01,7.693107370617694452e-01,6.908663341854811568e-01,6.301490975683380347e-01,-6.160608748219942310e-04,5.272832507225382326e-01,2.717501319685171612e-01,8.066005845545828334e-01,9.976206946290346878e-01,4.951912716728019692e-01,7.370416209944854469e-01,7.985312043728214348e-01,5.125346241121507829e-01,2.999937340583941348e-01,5.344649701448200840e-01,4.656743706792500492e-01,8.211342998286066397e-01,5.800208361324223905e-01,5.269141872367503199e-01,9.435194085108299378e-01,9.983285156998150667e-01,4.134496888218825994e-01,6.155366240769274411e-01,7.076607481830534674e-01,7.387801694300440980e-01,7.023415943964916863e-01,7.979840318943043354e-01,6.855945192797346932e-01,7.477411701285899825e-01,7.585122832688795391e-01,8.166755454024366978e-01,5.435999347508389118e-02,4.261543424174474293e-01,4.002880037331589813e-01,8.111075888337281325e-01,8.356400471161331556e-01,3.116571836331523682e-01,7.124975799659490905e-01
