0.000000000000000000e+00,8.153552037988903711e-01,8.661532930512414463e-01,3.359275488966319001e-01,8.883956044597093316e-01,9.735759966702887125e-01,9.217970902382173204e-01,9.156570451011044609e-01,8.464789751438985821e-01,7.470125650824552821e-01,9.471635304423914326e-01,8.952224093558937001e-01,8.157270149035971141e-01,9.897278373941674756e-01,6.324745971013105983e-01,9.179562711971206435e-01,8.869483718174671072e-01,8.844364161229720800e-01,8.946570327588140303e-01,5.549075730701024112e-01,7.252771692878307030e-01,9.651659048423536502e-01,8.972439380315959667e-01,8.073192905144872533e-01,8.515711837646069426e-01,6.712241390874271740e-01,9.732687198043821208e-01,9.582293004541989623e-01,7.776496634621401505e-01,5.883959690335169856e-01,4.314939861753326611e-02,7.473503279855997494e-01,7.284884622065863624e-01,3.853916541120595562e-01,4.818494986940611291e-01,4.861815977606907535e-01,4.147685408687931119e-01,6.817192131386273779e-01,8.752018571158771687e-01,5.410577347496750011e-01,7.040920108316776060e-01,9.131749365214556491e-01,8.756078737764031450e-01,9.771577098959405294e-01,9.119340086827416592e-01,5.627728662912392377e-01,5.243840481164609990e-01,7.935572632034249008e-01,9.055790876263800637e-01,8.877833218197241916e-01,9.457307823344162090e-01,6.167056632614991152e-01,6.365735183262982710e-01,6.684257063804359689e-01,2.692876441326373937e-01,7.145555672444526829e-01,9.480158607975854856e-01,9.883198831166146725e-01,7.312716905759125696e-01,2.253545969033211305e-01,1.754177803724107365e-01,5.688415723043137584e-01,6.506081964976262455e-01,2.932097417540141526e-01,4.455396802447977866e-01,7.040442782410031297e-01,7.154549324037746683e-01,9.529482174002835704e-01,5.696133907297183940e-01,7.053180860759278303e-01,5.227807261273176298e-01,9.967126605092109237e-01,4.180559530966580506e-01,2.124808543674837069e-01,8.072087043924256466e-01,7.716434789950907813e-01,8.288751481616571937e-01,8.772570793040718184e-01,3.688927468372607543e-01,5.101214574562120685e-01,7.338934103518894858e-01,8.389391019441726494e-01,8.628653556729937169e-01,5.894153444465890512e-01,9.268646591847682359e-01
8.153552037988903711e-01,0.000000000000000000e+00,7.073120064599947021e-01,9.318170594597593448e-01,5.812019362506385400e-01,6.351489097196719724e-01,2.519800241132283958e-01,7.038299470041077255e-01,7.435492818335869281e-01,7.680651373495860357e-01,3.922157174206936658e-01,7.442544970955289330e-01,6.986201153393447605e-01,3.128317565509680653e-01,7.715034136912625184e-01,9.524110854934142445e-01,8.144741782345911174e-01,1.707225669323300943e-01,7.487561010084106128e-01,8.612288899140682075e-01,8.581078890591299357e-01,2.507051490320084675e-01,8.627795041303104595e-01,5.983733803148485464e-01,2.149320010158632388e-01,8.135885628213801457e-02,6.116671511187058430e-01,9.479053400550727648e-01,2.271793049374790791e-02,7.927593219819940584e-01,-5.167974712864648046e-02,2.540957117324891268e-01,8.360775321006459482e-01,5.505665327499269512e-01,9.915419102236202598e-01,2.489748856755470696e-01,1.491975820123541963e-01,2.118803662991111114e-01,2.714566784371901798e-01,9.542556295617405926e-01,7.442277161528666474e-01,6.205009996616541734e-01,8.858039871748257799e-01,7.965481099898946704e-01,8.867067502161236625e-01,8.128836053806355322e-01,5.973661413297645106e-01,9.810309062687611048e-01,6.582548860107102495e-01,7.923250695191148552e-01,6.527845399222844680e-01,6.216613091259242108e-01,5.379382971694882665e-01,7.088480698837260618e-01,9.429715100406514949e-01,8.081187915543016631e-01,9.433767397535576249e-01,7.738150137888979430e-01,9.473534533220548948e-01,3.179057644155407897e-02,4.397336127346705426e-01,6.436387933398124428e-01,6.537320348928195024e-01,7.720102575016258850e-01,7.884000293331412390e-01,9.520139509071112727e-01,7.418224130149866369e-01,7.476718263808914688e-01,7.641421312732169513e-01,2.570851481745254352e-01,9.423876608174467373e-01,4.458498620150115888e-01,3.613217390526261008e-01,3.608218291205949058e-01,2.344931616749791059e-01,5.590077324176944140e-01,9.563140626542018241e-01,6.141190642009249911e-01,2.164630155540889916e-02,2.957137419844143023e-01,4.234998362763141566e-01,8.437315185102121085e-01,6.046492564841090545e-01,7.305097815997814159e-01,4.506868434348255126e-01
8.661532930512414463e-01,7.073120064599947021e-01,0.000000000000000000e+00,6.848841412350664681e-01,9.884094734015358430e-01,9.850295151138515060e-01,9.197346934813575015e-01,5.985389626284663978e-01,9.603889259677380608e-01,6.894438094366887038e-01,4.085849263266925213e-01,8.292624876140661794e-01,8.645339710808404021e-01,4.559175942484541277e-01,4.258965835266407263e-01,4.758786204327674629e-01,7.410191646026540457e-01,9.595523377831112199e-01,9.358269823484987038e-01,9.001290367559000583e-01,6.465236120773314443e-01,6.412199916622459694e-01,7.924749626309033346e-01,4.923577722210369934e-01,6.522484841574437420e-01,4.683294431649874801e-01,9.207075130370588889e-01,3.210836990755400189e-01,3.188734372853384569e-01,3.473441464743916018e-01,2.860461368657024050e-01,9.363160179744213218e-01,2.259060494361802562e-01,4.825147918644917544e-01,5.748411078445150313e-01,3.835314940891131341e-01,3.967205900526240558e-01,9.244529005393495869e-01,9.714307052323923886e-01,8.983343905825210696e-01,8.881817186660508900e-01,8.210199104670062864e-01,8.687816967214703201e-01,3.113012886178878613e-01,8.302755996342682243e-01,6.562079698889580204e-01,6.189582724984886708e-01,5.082232297763766837e-01,8.902326330022707346e-01,9.671406283511294610e-01,9.771218964997148149e-01,7.310074001355764128e-01,8.812387664939949072e-01,6.708314786663051033e-01,8.446711306230103578e-01,8.923730369192031109e-01,8.326231257623539772e-01,9.563112595451790376e-01,3.715933313490903389e-01,4.121030234831271066e-01,5.431508153838329189e-01,2.735628415736192087e-01,2.453986723775762047e-01,4.119298527177457370e-01,9.337146939238882837e-01,4.687228105195921368e-01,9.053474913962193948e-01,8.213774858421226677e-01,9.284293253972490945e-01,6.283151981357745219e-01,4.381587455731961733e-01,7.347828599223986679e-01,6.811287072166980483e-01,9.039903464213322470e-02,9.046151334245859932e-01,6.734218244158901578e-01,9.270274251077551542e-01,6.553475161545482264e-01,5.178627559851165518e-01,5.311821658933357782e-01,7.879283260853607862e-01,8.951463521776691357e-01,7.275125946744522842e-01,9.489595188850096230e-01,7.158884142108736803e-01
3.359275488966319001e-01,9.318170594597593448e-01,6.848841412350664681e-01,0.000000000000000000e+00,9.133600203182886679e-01,6.187024336492042975e-01,7.932020838666131723e-01,2.137294394528838903e-01,6.908186707914142355e-01,8.209597348793478133e-01,7.366251320190929652e-01,6.428848536310841633e-01,5.336296946774381489e-01,9.419183314161035936e-01,7.349920162947957136e-01,6.936207875184924321e-01,2.280926807278803037e-01,7.220624658427011733e-01,6.292821954710207111e-01,3.129588742766674092e-01,6.086354980599228970e-01,6.604299179203225734e-01,9.789076070964869425e-01,9.772200380600679637e-01,7.975101338186431077e-01,9.707798641763416558e-01,9.183660872836002520e-01,8.512815645181889268e-01,5.854392345731761482e-01,5.096324848265126883e-01,2.522584178704230240e-01,4.008421799242140038e-01,8.215284918424488048e-01,6.283355915861116303e-01,4.032844506743972213e-01,5.481049023670168108e-01,3.888383215257117387e-01,4.069447549214701976e-01,1.617844715385604593e-01,8.464742851148253644e-01,2.624618335698516436e-01,7.705724282063325381e-01,7.359784723011539853e-01,7.717876232834552930e-01,9.896637948591422429e-01,8.836162985039864859e-01,6.544830405960073705e-01,7.376580038860149902e-01,4.495942502298828081e-01,8.649125015708881703e-01,4.831499752610327048e-01,8.423684730762545092e-01,2.795611297655435923e-01,5.527823749422009492e-01,6.462122214694371314e-01,7.133665699024892559e-01,7.808698703419848508e-01,9.340171513253905933e-02,5.426581811194934879e-01,2.014191437474782131e-01,3.685908655741957363e-01,3.042842529172745669e-01,4.449331094912185036e-01,9.192667502782129185e-01,8.585498544289509315e-01,7.783580977561962433e-01,9.774551390845084287e-01,8.859096198064384531e-01,4.962854756768672049e-01,7.615551906482143085e-01,8.442555084903723417e-01,6.834841505726884092e-01,3.053229479394840018e-01,4.009868415415763776e-01,4.902363188156835805e-01,4.872727188582496871e-01,8.369091333925637866e-01,6.558601318719474715e-01,5.082563233005235048e-01,2.944393192245412516e-01,5.558542100106317330e-01,3.944741939857574486e-01,8.502136848165409155e-01,5.126244531400283577e-01,7.987598356622007678e-01
8.883956044597093316e-01,5.812019362506385400e-01,9.884094734015358430e-01,9.133600203182886679e-01,0.000000000000000000e+00,4.157755871580031681e-01,8.020949013691509588e-01,7.369405179906490799e-01,4.673299777173752778e-01,2.932363984258443690e-01,8.273193807007379608e-01,8.341188213033318144e-01,2.184093074575466642e-01,5.684602792003575766e-01,4.957845026540957378e-01,3.970347205152713332e-01,7.159420672047016598e-01,8.193091687502342957e-01,6.829060659915179299e-01,8.080198573018347874e-01,9.389000087337817657e-01,4.674388237855631179e-01,4.916540362612095150e-01,8.985414851201655173e-01,8.958638831063480135e-01,5.189138803497221897e-01,6.729695047683585951e-01,7.205894627134350472e-01,4.205481439170538072e-01,4.386460542244615679e-01,2.072272353124221256e-01,5.202921482853406498e-01,6.548790392544101557e-01,7.385578214860453183e-01,8.252374943850214473e-02,4.526851751627842257e-01,5.031417815840770746e-01,4.915143423416847290e-01,9.543005170336231746e-01,5.155051668783630081e-01,2.260210515230128003e-01,9.066671000504578082e-01,9.856268686679536817e-01,8.238535785746605722e-01,6.672217931910749966e-01,8.004647797684499855e-01,6.387898685447581659e-01,6.946457136388950460e-01,8.861687027542179962e-01,4.124073231828275232e-01,7.604525802043227145e-01,8.092789042389526566e-01,4.219568319016591129e-01,6.123763592521098698e-01,8.347022267470294299e-01,9.703524370454283954e-01,7.405723759982795196e-01,6.461210982793705870e-01,3.977359954162490441e-01,7.065289199215365468e-01,3.790837446985173553e-01,8.713940418952391687e-01,8.497000932231216774e-01,9.662849093333851780e-01,8.775078034819296935e-01,8.309352069618113346e-01,9.007744868000157057e-01,3.134393941763629066e-01,7.925890925861480696e-01,8.675694699324070225e-01,7.326343177261596118e-01,6.503102520900863048e-01,6.187912055181770121e-01,6.216498834149999375e-01,6.871660381451298871e-01,7.757048621214038819e-01,8.053258873009500052e-01,8.255306648665868829e-01,7.985127981797240926e-02,3.513857617152625901e-01,2.422316211519796592e-01,4.747040920880980508e-01,8.605192744686330775e-01,5.623478426100486649e-01,8.557700661594676017e-01
9.735759966702887125e-01,6.351489097196719724e-01,9.850295151138515060e-01,6.187024336492042975e-01,4.157755871580031681e-01,0.000000000000000000e+00,5.078091877003008126e-01,7.033821823262959017e-01,5.414801593527956980e-01,3.132548306389361104e-01,6.429849455661652557e-01,8.469727388840968541e-01,5.826038080291766619e-01,9.339644223204327522e-01,8.740957610759236829e-01,9.970870503244027017e-01,8.116392875130213902e-01,8.261604716818644889e-02,7.909121874453208800e-01,8.546489780454161744e-01,6.222532409554580868e-01,7.109958922547645610e-01,9.876107777440779056e-01,3.734878269754994262e-01,4.668856370133113165e-01,9.378427614803045431e-01,9.912147875881034409e-01,5.264083103176072642e-01,1.149321020992516706e-01,3.789218059029343388e-01,4.362341144308979901e-01,7.576778423001285789e-01,8.549307336084904785e-01,6.695731594553679944e-01,1.463629327534120561e-01,9.917925599505801604e-02,6.138491850016465357e-01,4.721831574431096801e-01,8.838319075420919546e-01,7.142621582702025629e-01,4.158690821591305431e-01,6.837337859008078000e-01,6.078619247109430246e-01,5.822930770814876977e-01,8.895342556537556566e-01,4.161579495432781162e-01,9.727741073704343489e-01,3.306068852466383934e-01,7.997610319605392704e-01,4.653563020524202343e-01,6.658026354110451184e-01,8.496922003600932971e-01,5.673692910695762315e-01,9.503120874242129146e-01,6.666011964725662153e-01,9.681633458758134303e-01,3.119456629834064798e-01,5.188821151080524885e-01,5.624613852037961825e-01,1.601157923254838411e-01,6.182808117418928662e-01,7.836765281295002827e-01,4.538869844395437281e-01,2.741053601205841184e-01,9.192399013608545388e-01,7.048491712614441962e-01,8.534459376680211262e-01,9.634246136608816125e-01,8.113767488163633468e-01,7.645548348888244750e-01,8.967119504105197647e-01,7.211764160890885567e-01,4.523480942805277460e-01,4.803234981368786904e-01,3.459225037403113601e-01,4.650358934413659218e-02,9.305419032077788533e-01,5.649247747588082014e-01,4.488693667109286412e-01,3.217699621794643527e-01,6.759910450435571150e-01,6.119183252089441805e-01,8.593932442373495295e-01,7.860794968127706728e-01,8.185274774846392765e-01
9.217970902382173204e-01,2.519800241132283958e-01,9.197346934813575015e-01,7.932020838666131723e-01,8.020949013691509588e-01,5.078091877003008126e-01,0.000000000000000000e+00,1.112606619511180561e-01,7.649965913464107370e-01,4.780537738236056433e-01,4.455110000209341337e-01,6.741643309053140243e-01,2.051904348986459403e-01,4.270304039690089870e-01,4.239718765211153984e-01,6.441282560248389188e-01,1.601281715701764752e-01,-1.602850869707511672e-02,3.061827821720788378e-01,4.035567276630751543e-01,7.192022529593850022e-01,4.786215088147595664e-01,5.040802172333981312e-01,2.034712036880323149e-01,2.941072093213826788e-01,6.859633178861677116e-01,5.165535498961999483e-01,7.671661297637180077e-01,1.116493610706341261e-01,6.811256418205857699e-01,5.888468683393778269e-01,6.712558702615720740e-01,2.357972539722098804e-01,6.301447378140344613e-01,1.694123984602454169e-01,6.677051652301000395e-01,-2.418760058664526369e-02,6.412305807292376647e-01,6.650461287503659502e-01,7.508281784174454243e-01,1.871529179392286343e-02,6.061540116721035876e-01,9.920947066082146382e-01,6.032896938912322149e-01,7.998415610947866572e-01,7.756358161109369043e-01,7.144339051771797511e-01,7.273898702949586070e-01,5.740969663329339445e-01,4.019568167030954098e-01,6.884575389992261263e-01,2.338585313676260491e-01,4.012127525316062093e-01,4.651439266462875644e-01,5.464998333266923858e-01,7.745207836664707024e-01,9.383690063277649873e-01,6.944847482045998222e-01,7.414054364865161340e-01,5.638678746197834935e-01,5.903577172335361389e-01,5.135168504476822493e-01,7.822033229074694116e-01,6.831763779322531649e-01,4.503609195988082514e-01,2.705747477311323812e-01,6.108640813494573552e-01,2.680893899332090768e-01,9.405762649989179991e-01,4.403191722793882157e-01,5.851998068547841214e-01,5.049864752061500317e-01,4.452652664006122030e-01,9.055088389637755419e-01,5.080293483444476843e-01,7.726702178321320780e-02,4.832182948674024203e-01,3.351568075540983793e-01,1.754087905797144797e-01,-2.896382892895399408e-02,4.183530945221668462e-01,8.479205746775860808e-01,5.743806145873039393e-01,2.520246460849419057e-01,5.676542615836167593e-01
9.156570451011044609e-01,7.038299470041077255e-01,5.985389626284663978e-01,2.137294394528838903e-01,7.369405179906490799e-01,7.033821823262959017e-01,1.112606619511180561e-01,0.000000000000000000e+00,2.216206942107196431e-01,9.721105877373403814e-01,5.768709371359267424e-01,7.687932247636042327e-02,8.568850693283369679e-01,8.215339816972649922e-01,4.181695972053131594e-01,9.814034294038005424e-01,9.121253708864820453e-01,4.918361804471795828e-01,1.489788049382524682e-01,8.994578144961220545e-01,3.975148917477158150e-01,6.818030389554410320e-01,4.433993348418545644e-01,5.866600340639877009e-01,7.464152961665851960e-01,6.222222402020010090e-01,4.963664600909550861e-01,6.197181254207705381e-01,3.231332221740722543e-01,4.353673655419170174e-01,1.891673366399770073e-01,-9.814552426364457627e-02,9.994343034464603370e-01,1.782528272560321148e-01,9.191441649967808658e-01,6.062124174574105018e-01,5.449886212805483687e-01,4.012123756440838518e-01,7.379015922449325693e-01,7.216045819070046052e-01,3.149229094449052524e-01,7.529434663009860751e-01,2.283368118189540996e-01,9.983414647526962504e-01,8.614734555551224471e-01,5.840250244264645341e-01,5.464403366551684460e-01,6.461920157600580250e-01,7.964723211840210038e-01,6.872410996672340122e-01,6.996993746007786896e-01,8.667886364763368601e-01,5.390847003081594702e-01,6.803607278648391432e-01,8.147070583732598514e-01,4.238621254121722193e-01,7.017987499995690381e-01,7.616645528953858157e-01,8.358369165404309076e-01,2.718478074216958418e-01,2.080457520860728438e-01,8.129828002868777492e-01,9.560668000127255928e-01,8.056766746309175220e-01,8.657279152356517349e-01,5.539123561415807417e-01,5.549440528210756174e-01,8.370533128003621037e-01,5.585712003832989936e-01,5.740395197716078313e-01,6.247359652458005508e-01,9.486223112524327927e-01,7.473510601617411320e-01,5.958172606483703726e-01,6.791126498479282958e-01,5.937653547165905321e-01,4.679848595698909430e-01,8.823815232334868419e-01,1.179616180982892039e-02,1.071617496764219607e-01,4.788519047838812326e-01,9.480264925181912661e-01,7.407191544531035454e-01,3.922991601679181040e-01,5.318545615171320629e-01
8.464789751438985821e-01,7.435492818335869281e-01,9.603889259677380608e-01,6.908186707914142355e-01,4.673299777173752778e-01,5.414801593527956980e-01,7.649965913464107370e-01,2.216206942107196431e-01,0.000000000000000000e+00,7.715617210383252100e-01,3.837022088908791373e-01,7.097368235225711697e-01,6.544000597316150802e-01,9.799027475114673313e-01,6.754038432794564617e-01,9.195219565971138320e-02,6.319847713571291603e-01,7.311522917447158543e-01,6.581098697837252098e-01,8.514127608526070867e-01,7.456911163517314645e-01,5.330749767362811253e-01,3.020971114209002328e-01,7.617057503221328352e-01,3.239971872818857568e-01,7.896171997005321241e-01,7.568322321550595699e-01,6.544911629761809291e-01,8.694478259609504933e-01,6.288873118523515826e-01,4.913362312131404064e-01,4.793605627446752004e-01,4.112720542365476684e-01,6.051790831432710682e-01,7.881355765244876244e-01,4.883666499327551369e-01,2.022530107527232279e-01,8.307450418202148024e-01,2.259015549484059138e-01,7.713256189148451902e-01,5.897267405632762305e-01,7.028154904826112714e-01,9.372618780871528887e-01,4.601457515974091694e-01,8.536542556775810198e-01,8.930392677865621742e-01,8.822150713856866666e-01,7.658190726215863275e-01,7.841570087136491285e-01,5.233326449927790947e-01,8.354398812165754196e-01,6.489563777881242057e-01,7.041498639221589473e-01,9.974471230363219920e-01,7.176511349136144302e-01,5.020558676656285968e-01,8.022428890924145906e-01,6.777966161691819647e-01,6.253820185733396375e-01,7.556799643957059498e-01,2.311467214857826913e-01,6.261728925916032473e-01,7.011518866261159388e-01,7.905093742209101659e-01,9.151758752431983224e-01,2.436367928532670590e-01,4.144448316875012361e-01,6.436161166692633273e-01,4.592512991472374462e-01,4.065402286206292182e-01,9.512500581760177099e-01,9.039225592840032242e-01,7.818249895538351701e-01,3.390509173564251189e-01,1.213016071393063777e-01,8.152069729450941438e-01,6.867209838133050415e-01,8.152212739756783955e-02,4.815618310454747864e-01,3.574888629270586149e-01,7.318652711228740282e-01,7.002968470258086331e-01,7.473115830275650628e-01,9.556121196539661966e-01,6.785797803727917632e-01
7.470125650824552821e-01,7.680651373495860357e-01,6.894438094366887038e-01,8.209597348793478133e-01,2.932363984258443690e-01,3.132548306389361104e-01,4.780537738236056433e-01,9.721105877373403814e-01,7.715617210383252100e-01,0.000000000000000000e+00,9.250978856504612491e-01,6.638378741550732265e-01,5.556154094232298446e-01,3.931623910036549097e-01,7.249213232945043162e-01,6.196915091310284396e-01,8.626660720862692200e-01,7.610977255763284877e-01,8.512412950755748886e-01,4.231821713083038228e-01,9.576508693971192976e-01,6.580095014504413475e-01,6.436571346211764633e-01,4.651987034598717430e-01,7.181908893715163167e-01,6.112478930479576800e-01,8.046580855302990498e-01,6.828779843933741045e-01,6.373441122535349335e-01,1.943975199491524142e-01,-1.567782596669346773e-01,7.710132095259434326e-01,6.813989471233344863e-01,8.786653918915008354e-01,9.880635663073974451e-01,7.845163120936784473e-01,1.030069299522486798e-01,1.568004510182254840e-01,8.288456140744008271e-01,6.270855183472888728e-01,5.369709100824697767e-01,7.176359643940466437e-01,8.620282906871300499e-01,7.253794845814129921e-01,9.594108444254219048e-01,7.008053045085427257e-01,6.853823472596777266e-01,9.935559164964145040e-01,6.296494457836327996e-01,6.339407710050070088e-01,5.284631528266319211e-01,7.030853331013670049e-01,8.044596134072623528e-02,7.228052440213595942e-01,6.824903155174196767e-01,6.834622190223152982e-01,4.770694026741320592e-01,6.198432526066626203e-01,9.124815575176306037e-01,4.416243411508574690e-01,6.127844441826083566e-01,4.554362655012653138e-01,7.063291878839705884e-01,8.732686784595327101e-01,6.284767601288793193e-01,4.112401769606894852e-01,8.465741158941998412e-01,7.891991543125396191e-01,6.681931646681027459e-01,6.487439090790095841e-01,7.713968814511080740e-01,4.840645952817652919e-02,7.902458033241714919e-01,4.603594937604238990e-01,8.326675658132683955e-01,9.626340097099539417e-01,8.268882707562321688e-01,7.102496390483399313e-01,4.539702297594581659e-01,4.649019589194476332e-01,8.221146929465545927e-01,9.609867635739351988e-01,8.459519802679518197e-01,4.869072486379948939e-01,9.107560341305307450e-01
9.471635304423914326e-01,3.922157174206936658e-01,4.085849263266925213e-01,7.366251320190929652e-01,8.273193807007379608e-01,6.429849455661652557e-01,4.455110000209341337e-01,5.768709371359267424e-01,3.837022088908791373e-01,9.250978856504612491e-01,0.000000000000000000e+00,9.121261250310744861e-01,9.241822741205016900e-01,7.438779550385153927e-01,4.320357912973578629e-01,6.180384426751170945e-01,5.845504800596424966e-01,9.592207980247601240e-01,8.152304924988353907e-01,7.029127962094910975e-01,9.160303597825786293e-01,6.213249412381595116e-01,6.848594266536192077e-01,5.514041563159252091e-01,6.081189083267809492e-01,2.129163128492144730e-01,7.836817972957466072e-01,6.685416374950203799e-01,2.010616640686996581e-01,4.210136282453706968e-01,3.422461665869304115e-01,3.291279236513335871e-01,7.479862823291365537e-01,2.098473498057615017e-01,9.536122072056867349e-01,6.858231940259719162e-01,-1.193529518596912059e-01,3.797524992056570126e-01,6.262371352701950888e-01,5.252552025137917635e-01,4.815322162789906768e-01,3.284727749522217688e-01,7.721795480637752007e-01,9.814453514073996354e-01,2.400920896300265395e-01,2.929227859012503155e-01,5.563063151355264191e-01,4.255702648524309351e-01,6.936806151801807596e-01,7.069931766044867949e-01,8.610003677112259002e-01,7.386587160932392981e-01,4.983374045453147216e-01,7.348751710370950985e-01,4.936795344555380272e-01,3.519161790806205614e-01,5.127464864133901568e-01,7.769498735799930111e-01,6.311930832674813585e-01,6.745474289193235107e-01,7.933606031646751600e-01,7.158622780430450305e-01,5.972717246846156458e-01,9.218673357974285221e-01,6.046038194283661626e-01,6.045760762319052350e-01,3.953896111425928561e-01,7.963224096350958181e-01,4.065891769520020294e-01,9.503469959579561310e-01,9.243894279515297852e-01,3.330878148012583967e-04,4.861789775981435469e-01,2.206311377399817197e-01,8.356017598575871119e-01,5.724092339043859168e-01,6.731814464711516344e-01,5.887775014734859536e-01,6.002420184448742368e-01,2.257444006040933149e-01,7.540240247217057101e-01,6.162751214571631220e-01,5.614051893165084017e-01,4.296982626539523897e-01,7.248215517606942937e-01
8.952224093558937001e-01,7.442544970955289330e-01,8.292624876140661794e-01,6.428848536310841633e-01,8.341188213033318144e-01,8.469727388840968541e-01,6.741643309053140243e-01,7.687932247636042327e-02,7.097368235225711697e-01,6.638378741550732265e-01,9.121261250310744861e-01,0.000000000000000000e+00,6.217148158409649961e-01,2.496984582561786736e-01,7.945022143643508672e-01,9.375467138376682996e-01,6.782959812622311180e-01,6.438083961147321732e-01,8.825266905631126146e-01,7.961909839493955809e-01,8.941753666704723713e-01,2.427481239167190996e-01,9.219901641112202562e-01,8.223786514730700992e-01,5.762888965934425123e-01,8.316497484066358581e-01,4.786826696205298548e-01,7.708505544421364597e-01,4.927521598600636543e-01,4.548974844749829605e-01,2.718167077624888961e-01,8.376433390094605025e-02,6.417177290301866455e-01,7.741280467379505481e-01,6.753437505864211543e-01,2.061021496822749155e-01,3.307013593059259238e-01,6.649005647344461423e-01,9.186517523180693923e-01,4.822364727018778607e-01,3.667815810494915452e-01,9.700490876476237645e-01,6.608919007267225476e-01,9.453322880652258453e-01,8.585632112683605488e-01,7.759748945882416482e-01,7.807041152956200047e-01,7.602001590488104421e-01,5.168663327284550579e-01,6.696133272617061927e-01,4.282576488327081710e-01,4.055224677928893073e-01,9.585893265017261244e-01,6.723511733988711825e-01,7.030848412201003983e-01,6.719152431450585716e-01,9.644637383074933235e-01,9.427905378254847202e-01,7.846357668645215222e-02,7.078007634558531880e-01,6.743616470587010525e-01,7.380618242370154958e-01,7.127372633530045798e-01,9.471174359642771101e-01,2.536504645529706892e-01,8.624445859498672817e-01,9.384611502350855838e-01,9.565036053571749353e-01,8.058279026613035523e-01,4.265764867268994065e-01,9.093519828288949558e-01,7.151343251531349088e-01,7.214084508727357514e-01,4.059334214364310189e-02,6.217831244072328234e-01,3.580595465057372362e-01,6.999078315832896191e-01,4.364375444657624947e-01,6.470431470576322175e-01,3.270687957921416533e-01,4.542915262413995681e-01,8.529283618295497860e-01,8.438488247002788878e-01,-2.465994510076643387e-01,6.459394274140071168e-01
8.157270149035971141e-01,6.986201153393447605e-01,8.645339710808404021e-01,5.336296946774381489e-01,2.184093074575466642e-01,5.826038080291766619e-01,2.051904348986459403e-01,8.568850693283369679e-01,6.544000597316150802e-01,5.556154094232298446e-01,9.241822741205016900e-01,6.217148158409649961e-01,0.000000000000000000e+00,6.750602052714447243e-01,9.053588440270555759e-01,9.367132614836098936e-01,7.504753038025296918e-01,4.969141864747663728e-01,7.066852356784633082e-01,6.516275168917600169e-01,4.043208462474831011e-01,8.800525264645944201e-01,8.777559655013044138e-01,8.642911312158133574e-01,4.027623836420320957e-01,6.747387235895818680e-01,8.474627594714208012e-01,8.009457325665555461e-01,9.295087793771543705e-01,7.471950216155684998e-01,7.321062400828113326e-01,9.824433073532025107e-01,9.316531078792020804e-01,3.264941158343733218e-01,5.317935309588031068e-01,2.876239075899177378e-01,5.257573272392299657e-01,7.968680378646268991e-01,8.477825886236066699e-01,8.294965140769066103e-01,9.523433875656487357e-01,8.842162195748387576e-01,8.252626777682041670e-01,6.168480034949070934e-01,5.700051432256412198e-01,7.172313737075443063e-01,6.366187795610551703e-01,6.787793855679612465e-01,8.228701136066671751e-01,8.242295290352744663e-01,7.271448192480933770e-01,5.462852901666362948e-01,7.646167586814265338e-01,9.372699760624569887e-01,8.615179291590262523e-01,6.884833612442249340e-01,9.932177900932055437e-01,8.705613897543476032e-01,8.941124690190863644e-01,6.828349105447856227e-01,7.990056666400042751e-01,3.472064112054090712e-01,5.109199626793589077e-01,8.335157491681135511e-01,3.346472726334733250e-01,8.545232481308054906e-01,5.863794546041691813e-01,8.514606667590777223e-01,2.294056699848355252e-01,4.860640464199028066e-01,4.118324881575578522e-01,8.826091578388260972e-01,2.092919350617442054e-01,4.947687981936835788e-01,6.364825464429124668e-01,4.114217100662254101e-02,8.194631471610892559e-01,9.331008283366434286e-01,3.588530783901259236e-01,3.310493549714595973e-01,4.497484153927151507e-01,9.182116485634501668e-01,8.351277677589860060e-01,7.507729749646088191e-01,9.102913399383774085e-01
9.897278373941674756e-01,3.128317565509680653e-01,4.559175942484541277e-01,9.419183314161035936e-01,5.684602792003575766e-01,9.339644223204327522e-01,4.270304039690089870e-01,8.215339816972649922e-01,9.799027475114673313e-01,3.931623910036549097e-01,7.438779550385153927e-01,2.496984582561786736e-01,6.750602052714447243e-01,0.000000000000000000e+00,8.640315793651948129e-01,7.713867640581556495e-01,6.981307044748595869e-01,3.372517442642432028e-01,7.629261104277378358e-01,5.395061573837397484e-01,4.865449494400999608e-01,7.218581424939298774e-01,4.224241023464075928e-01,6.552626076806342681e-01,5.476059711498406646e-01,6.192805689350461273e-01,7.650504535747268964e-01,4.823603296429302967e-01,5.396575698017788136e-01,3.824575347636968159e-01,4.894755713058349111e-01,5.270600776694770451e-01,8.713453197424878560e-01,5.813031446197757246e-01,7.949088817666987161e-01,1.076939970909915889e-01,4.033425518905141560e-01,4.949260971004550980e-01,7.259620399465622764e-01,8.912285045304999542e-01,5.687396337684174075e-01,7.433957592343007903e-01,8.725104302978986537e-01,2.797891510897972944e-01,7.153109919948984485e-01,5.057659327361089252e-01,9.468593967588326832e-01,9.427923560750195442e-01,7.599913484122398089e-01,8.905224908620096302e-01,5.504222105789684516e-01,8.042675828355164702e-01,9.157707155179724001e-01,7.193017231431167446e-02,6.605881593464530965e-01,8.253376488501015240e-01,5.163988222079225476e-01,6.294297081748616574e-01,8.569547967475459327e-01,8.833507597831056213e-01,5.627723729060025715e-01,9.697971191752635667e-01,5.268418049605853026e-01,7.724798261130115806e-01,9.687790885688678522e-01,6.786124513169580208e-01,3.014041240486150519e-01,9.912219699771231962e-01,6.849673708457711951e-01,4.521213600357892326e-01,9.401862365494675355e-01,6.701098111780938726e-01,5.173172545997146710e-01,4.521847082346273639e-01,7.098124192268068233e-01,6.356845202530818639e-01,6.613298451330407168e-01,8.070193057752462762e-01,4.266465749800605334e-01,3.904168118756996542e-01,7.971743739601098167e-01,7.450293940322908481e-01,5.033200578857975893e-01,1.381212472049675177e-01,2.682192409203822958e-01
6.324745971013105983e-01,7.715034136912625184e-01,4.258965835266407263e-01,7.349920162947957136e-01,4.957845026540957378e-01,8.740957610759236829e-01,4.239718765211153984e-01,4.181695972053131594e-01,6.754038432794564617e-01,7.249213232945043162e-01,4.320357912973578629e-01,7.945022143643508672e-01,9.053588440270555759e-01,8.640315793651948129e-01,0.000000000000000000e+00,3.868968075457479561e-01,-1.640794191074101960e-03,7.311831790205959303e-01,1.409181148612787815e-01,8.126291577555482259e-01,9.969301863382038498e-01,6.569926253445870223e-01,6.868300786959949944e-01,9.886124883788873774e-01,6.851540843263459468e-01,7.168803680683787372e-01,9.687280733771290731e-01,4.141892855678495633e-01,1.384404521024005380e-02,2.927299168031493037e-01,7.035459119883747947e-01,4.480608741314879295e-01,3.742306858028209837e-01,4.806148373167233867e-01,2.601551674392886815e-01,2.565126610112914429e-01,5.604502323914656303e-01,3.937563882703585261e-01,9.392283536807842781e-01,8.669853937909794972e-01,7.631719479216776403e-01,4.523657345944995800e-01,9.789393412865158295e-01,6.057619674000237486e-01,9.929131969196511864e-01,8.540441338493587331e-01,4.539738597696537092e-01,2.810415802209740854e-01,4.986245711866701402e-01,9.896008776330069701e-01,5.688687030628420960e-01,4.684135324253255739e-01,6.510040826096821220e-01,3.397470204901387181e-01,8.155628528887947093e-01,9.664056563120346777e-01,7.791590042621268086e-01,8.314940412179400164e-01,7.019625297060122504e-01,3.347128075042783424e-01,7.311805699366640265e-01,6.632602940619012344e-01,7.964677319111970188e-01,6.760947382795413629e-01,7.034062209032968527e-01,1.204439987587462291e-01,7.634299371239269272e-01,8.539648022572642327e-01,6.303548121939928084e-01,6.505317936605892193e-01,4.240540768740187483e-01,4.739281306785968484e-01,3.472059979361401538e-01,5.602925577051529604e-01,6.459585483625633895e-01,9.321671878067335770e-01,6.515994347558289324e-01,6.677201734875793937e-01,3.090222618975059787e-01,3.616958464247175264e-01,4.026764158189083398e-01,9.775165640566328973e-01,8.375815111420520376e-01,4.415244266355737301e-01,7.955994769508345499e-01
9.179562711971206435e-01,9.524110854934142445e-01,4.758786204327674629e-01,6.936207875184924321e-01,3.970347205152713332e-01,9.970870503244027017e-01,6.441282560248389188e-01,9.814034294038005424e-01,9.195219565971138320e-02,6.196915091310284396e-01,6.180384426751170945e-01,9.375467138376682996e-01,9.367132614836098936e-01,7.713867640581556495e-01,3.868968075457479561e-01,0.000000000000000000e+00,6.611701214493442835e-01,6.856426373998579793e-01,7.374123120828173228e-01,9.899738116329783733e-01,6.378604659259268228e-01,4.172336307812922751e-01,4.629338652118622499e-01,8.653802509900150319e-01,7.665929794246818529e-01,9.123355297011404019e-01,7.514736553164103050e-01,9.561320880452153226e-01,7.583131532859581636e-01,2.365286078363904310e-01,2.272826373930169619e-01,7.557398919626974187e-01,4.789633704267453607e-01,9.092117254180348551e-01,4.599558288484277835e-01,5.306632842267449135e-01,3.599162710179074631e-01,2.833620244221866646e-01,4.538267302879582243e-01,4.303402775155050208e-01,9.485552035823561212e-01,4.663017096219846946e-01,9.949554309049897238e-01,9.735161061620032363e-01,9.475999460797867036e-01,9.968279220263372986e-01,5.544179057483720197e-01,6.889433075499475922e-01,5.597680300750471627e-01,5.424011045477271642e-01,5.860216916479981109e-01,5.786220479220115509e-01,7.041300092853797210e-01,9.552982458989289771e-01,4.842871940498687522e-01,4.019064952676973390e-01,7.807989951449587629e-01,9.539608447155696336e-01,8.905925917730016517e-01,4.352670110264799108e-01,4.686911771100296664e-01,3.222233599010206756e-02,6.781310615493085781e-01,9.571576347597013923e-01,9.168166286658347985e-01,6.355818688145256079e-01,6.819571801279645795e-01,8.754861014526802432e-01,6.613596851300953539e-01,6.055913296700407011e-01,2.832805747239739436e-01,6.915162371725758206e-01,4.103529999601137623e-01,7.727430278571305600e-01,4.858415526444287424e-01,2.369956395389708481e-01,8.192073203529535164e-01,7.581664822597119491e-01,7.835750536784055198e-01,4.917701590904004494e-01,8.029152088954407684e-01,6.428903921561955892e-01,6.578907976882436559e-01,7.555239900260491970e-01,8.246356917292894106e-01
8.869483718174671072e-01,8.144741782345911174e-01,7.410191646026540457e-01,2.280926807278803037e-01,7.159420672047016598e-01,8.116392875130213902e-01,1.601281715701764752e-01,9.121253708864820453e-01,6.319847713571291603e-01,8.626660720862692200e-01,5.845504800596424966e-01,6.782959812622311180e-01,7.504753038025296918e-01,6.981307044748595869e-01,-1.640794191074101960e-03,6.611701214493442835e-01,0.000000000000000000e+00,7.604987025853866545e-01,-4.550759801300494067e-02,4.032291029958190443e-01,9.615320923647435736e-01,7.995901742086131136e-01,9.139895074240708128e-01,9.197237168883358738e-01,6.793961795149537630e-02,8.585665435135483303e-01,8.277731864494447533e-01,7.439427853612803343e-01,4.548679052141951229e-01,4.767993420816542538e-01,1.504420454147847863e-01,5.409388077917777204e-01,8.956331531693219050e-01,6.303014933282586885e-01,8.059656657296118132e-01,6.211551100987628971e-01,4.688651221681304770e-01,3.037457265864189071e-01,2.725869985223285386e-01,7.012771168448523884e-01,7.481404720348332482e-01,8.453498168400017665e-01,3.111054100321428151e-01,6.054547452939990082e-01,9.041230034123947101e-01,9.978319863217677277e-01,9.227371792233511893e-01,6.558176326425391167e-01,9.777719906822434082e-01,7.174806692101999284e-01,6.836056086077298977e-01,7.686287845174897271e-01,1.640179844694665268e-01,7.286527899470951475e-01,6.278652678688265709e-01,8.878190550512788937e-01,6.206929902061788518e-01,8.023839445762827038e-01,2.468952139509812405e-01,5.978466780448505880e-01,2.907595201032727172e-01,4.882696739027123645e-01,4.107301467884703072e-01,8.065838005577661285e-01,6.506358022729148427e-01,9.156636403179443384e-01,8.211119723578439444e-01,8.791569454964548447e-01,7.931771591821135114e-01,4.528807857089457434e-01,8.218132308595508251e-01,7.613733626928138598e-01,6.808173514170740015e-01,5.807520695484311851e-02,8.551867916852740059e-01,4.943000628949262842e-01,9.227789790416427440e-01,7.446642719431419977e-01,5.650726065468740789e-01,1.843635368657402518e-01,8.607862965179071679e-01,8.258861343593002502e-01,9.293956040598668755e-01,7.646766727378979667e-01,8.198893189542264537e-01
8.844364161229720800e-01,1.707225669323300943e-01,9.595523377831112199e-01,7.220624658427011733e-01,8.193091687502342957e-01,8.261604716818644889e-02,-1.602850869707511672e-02,4.918361804471795828e-01,7.311522917447158543e-01,7.610977255763284877e-01,9.592207980247601240e-01,6.438083961147321732e-01,4.969141864747663728e-01,3.372517442642432028e-01,7.311831790205959303e-01,6.856426373998579793e-01,7.604987025853866545e-01,0.000000000000000000e+00,5.511801158258351485e-01,9.443235470809759891e-01,6.560897383150343654e-01,7.857488032709547543e-01,3.163515960090678703e-01,9.275608702649619230e-01,9.787080454387656614e-01,3.916422457489663334e-01,9.099741011229527388e-01,5.862344839528509377e-01,7.008512535307210856e-01,7.843159975785465310e-01,8.833854902633886397e-01,4.847529560069469556e-01,4.763707012519878825e-01,7.448437699630456876e-01,6.206905009087230196e-01,4.297231879454369019e-01,2.359720952232715885e-01,8.010550765105323157e-01,9.248777701945843921e-01,6.609358766981505706e-01,1.270144872175940111e-02,9.839476735286840636e-01,4.866771383662012451e-01,6.181891961977681316e-01,9.296773170070020686e-01,8.071195854709596329e-01,7.304134573286781285e-01,4.868188006184092642e-01,5.793595435412053352e-01,7.625402040613273869e-01,7.367201867635899681e-01,9.898313011668103956e-01,8.546847232276201245e-01,1.661588592575072854e-01,9.960041746040635413e-01,8.176366151496695656e-01,5.871724297518506885e-01,6.272100002571073807e-01,6.420582491106606726e-01,6.955921886691307510e-01,3.213899043049001092e-01,4.036769892136786164e-01,4.737014116246893725e-01,9.504244939499834066e-01,9.973656087478621757e-01,4.220763092143198225e-01,9.131508681396111049e-01,4.072650013264527136e-01,7.388792686136180787e-01,4.273619788019772381e-01,9.542902152863599330e-01,8.056338936874277712e-01,7.286490750287778484e-01,2.308296667181827799e-01,5.243287325293217727e-01,1.127045122130031773e-01,7.519736722072324353e-01,9.206149593595106539e-01,8.654159033838244586e-01,-1.846072790970238187e-01,5.076915597994593465e-01,9.923245057015113169e-01,9.341439379791701692e-01,2.265335466728517558e-02,6.968697239881658234e-01
