0.000000000000000000e+00,6.390297352470899472e-01,8.374627395039614397e-01,8.477526548405593942e-01,7.478291529921081704e-01,8.454138452390170810e-01,6.631896563188340865e-01,9.838789007215602567e-01,6.686400933913981826e-01,7.546511492867563620e-01,7.301075360460280717e-01,9.751536472846303871e-01,7.477392794689681210e-01,8.021318863792893383e-01,6.584514444947218159e-01,7.961050064970023321e-01,6.029307880644168005e-01,8.232503183169574967e-01,4.936670468914912679e-01,4.947733185841701187e-01,7.078699623075628278e-01,7.824102693631562744e-01,6.311100185702807064e-01,9.269928824461162176e-01,8.112438237696276699e-01,9.634959902901932827e-01,9.935413572317033370e-01,9.500007349347413532e-01,7.763533609194849250e-01,5.957392271500490111e-01,6.520856317785812817e-02,7.782881212390888592e-01,6.572511380292779259e-01,6.893819857777720994e-01,6.343438290337770624e-01,6.942771109906399341e-01,-5.684194817381635345e-02,9.035531901046710557e-01,9.017924220558968251e-01,5.599990455916669108e-01,5.124762561048499254e-01,5.893638518774890755e-03,7.607969319375920136e-01,9.505089413961805844e-01,6.511797975620114975e-01,8.204937987291973656e-01,8.680509339215343179e-01,6.223651024603379378e-01,4.743708224414609487e-01,8.372651470849397093e-01,9.656521613322692765e-01,9.083437824092105428e-01,7.044899077268572674e-01,7.139016332588191682e-01,2.176288263973342740e-01,8.666940889497426470e-01,8.467070871886890338e-01,6.841363205185687635e-01,8.876635064628195515e-01,5.747888437987854759e-01,2.584285094488543710e-01,9.131117922027798262e-01,6.043696777314444546e-01,6.162250186236470917e-01,5.327750925193892595e-01,8.075833224241266706e-01,9.720928149172382016e-01,5.075283248434173666e-01,9.503465391347496460e-01,7.720617911772517106e-01,8.581830603426134907e-01,7.838310903080891734e-01,7.798463204174652663e-01,7.927336563561491189e-01,4.010788599580465963e-01,6.366847031739030216e-01,8.084231699171599006e-01,8.550597518654305951e-01,3.335472686547542587e-01,2.321791003355249197e-02,7.322987556630246031e-01,4.327592315027569136e-01,5.106941438284819945e-01,1.047801997529192869e-01,7.548111360779244938e-01
6.390297352470899472e-01,0.000000000000000000e+00,9.534885749441726066e-01,4.136290388622274605e-01,9.450294142838999711e-01,7.276174582269061553e-01,5.139680375546044067e-01,7.279598912376561426e-01,5.045314584134783509e-01,9.102255771287687258e-01,4.111382378731953668e-01,8.328840459057986756e-01,6.953978053040201779e-01,8.508569477392660119e-01,7.360504532089106045e-01,7.306272422091393270e-01,8.905325689359354646e-01,7.024702516686948117e-01,9.872994171349340764e-01,9.130105692111224469e-01,9.292155148215620608e-01,2.788398926402927414e-01,9.836829667287947387e-01,6.924714724571724433e-01,5.811531706688870536e-01,7.934688820272003396e-01,9.312828425123935716e-01,9.055095765318426082e-01,6.863432052692987062e-01,4.832543380938696814e-02,3.935749022117113194e-01,5.322066207615809841e-01,7.971638621277987724e-01,8.412839770608937506e-01,4.508892537018321378e-01,4.840685689947286652e-01,-1.558982092084025828e-01,3.525389051942543484e-01,9.351442655753994249e-01,5.296222762541406004e-01,1.626228962709835857e-01,4.809450348271795406e-01,6.276208406041319243e-01,7.312684084371209314e-01,8.331732520285013432e-01,6.285979728578309222e-01,4.077806237481441110e-01,9.720371324424305071e-01,1.689777934484697763e-01,5.987647490724392618e-01,6.641652346435468202e-01,9.860572195767731696e-01,6.986661063471628630e-01,9.577052118381701451e-01,3.846637773677556438e-01,8.543615960087842520e-01,9.303448570815716634e-01,3.795957144576168618e-01,7.957744257889495243e-01,5.494023739013270680e-01,-3.963025644252897717e-01,7.338348637561120658e-01,7.616872242792703807e-01,6.954322820057694532e-01,6.538958232851573849e-01,3.962871489897810129e-01,8.203846000166453711e-01,7.195292326258406757e-01,6.109759318962678654e-01,4.770671631555754022e-01,7.141905682377921449e-01,4.344622766024834326e-01,4.068369923235775065e-01,5.661860705823200668e-01,4.125713674952765642e-01,6.212415349973229306e-01,8.270716979067144203e-01,2.778508745739318719e-01,7.648755348649541874e-01,2.849337915327649906e-01,5.970461575339762739e-01,9.650429711664187948e-01,6.914368411338629450e-01,6.543062604384463077e-01,5.408435041861394676e-01
8.374627395039614397e-01,9.534885749441726066e-01,0.000000000000000000e+00,9.509281000042160148e-01,8.951072506299190268e-01,6.840316539718597211e-01,7.330844525223448871e-01,7.143488380430467188e-01,9.835830310490056849e-01,6.589482939064863487e-01,4.144321258804727348e-01,8.910447855283577523e-01,6.737232141696295473e-01,4.562944806279767840e-01,7.185725666185890370e-01,6.013886280337322754e-01,5.271537357584274996e-01,9.759566894594290387e-01,6.884649539472961211e-01,-3.444163158271992820e-01,8.300696342821418661e-01,5.471502642425523089e-01,7.042816874856574483e-01,5.995210634901553259e-01,9.305442219706835383e-01,9.352300637194743693e-01,6.999749480117187783e-01,6.098505863264608307e-01,5.759049257120952836e-01,5.998129635246417513e-01,-1.358319563931822960e-02,5.358856925512207603e-01,9.406430365957464401e-01,8.775398617757464992e-01,9.119847117484147780e-01,6.859961141543243768e-01,2.616825660534493614e-01,4.054054487274788010e-01,6.086072387428831387e-01,9.154632249714346193e-01,3.608046148746705262e-01,8.289592960450173909e-01,6.077265333485127874e-01,7.276445649416396488e-01,3.325117376938082625e-01,9.259052286510125462e-01,8.044033368744456514e-01,9.867372818024821024e-01,6.613390038449584729e-01,7.544516831019262293e-01,9.891289381726262597e-01,2.900507400677330289e-02,8.459012328750517007e-01,9.112890041288603804e-01,7.577596785035215499e-01,6.251494026228204826e-01,9.288438101054535823e-01,8.392657212388995314e-01,4.951296421099254941e-01,3.472134135934812904e-01,4.207404753836198052e-01,3.498138548835796335e-01,7.229742038888484768e-01,9.803141856483658101e-01,8.919054235619952031e-01,5.754086478719928621e-01,5.652812309495951482e-01,7.121627382558706199e-01,8.442599531396270951e-01,8.443008405105744130e-01,9.563041620714839430e-01,6.557962089216272661e-01,3.659160920778125048e-01,2.449165575056910515e-01,4.101613954818009722e-01,8.901842767749700291e-01,8.807622400901530257e-01,9.278669005529838198e-01,3.300419615392961026e-01,1.865438684029832872e-01,5.228480390728044158e-01,8.329022329625033194e-01,7.345161888612006251e-01,9.000203685553047617e-01,6.569172390660079630e-01
8.477526548405593942e-01,4.136290388622274605e-01,9.509281000042160148e-01,0.000000000000000000e+00,9.993426859114556970e-01,5.890141384243359202e-01,7.978244865404812147e-01,6.192267350906236478e-01,7.046345295013667354e-01,9.178889951338067288e-01,6.708273874615517940e-01,9.424112736883780705e-01,9.576000909691493312e-01,5.527802835096452538e-01,9.171513422310711983e-01,5.008146506798121234e-01,5.139426552720314234e-01,5.037283876655116455e-01,6.050106110676364279e-01,8.349815772893319776e-01,6.950616005280365606e-01,4.703342244669717065e-01,9.873048364999006399e-01,8.591631326168761573e-01,4.848693720322024281e-01,6.951417520998693922e-01,8.329131580558225556e-01,8.754103945470048664e-02,5.525396912408595540e-01,7.285456959456851900e-01,5.800879602054305195e-01,4.482026162950701331e-01,8.921465373196488802e-01,7.044196347607466491e-01,9.084323605732532725e-01,5.013448542330996016e-01,2.857988367100948168e-01,4.788327265810124467e-01,8.055498949661069608e-01,6.700306649785537916e-01,5.087515626866504492e-01,9.491454174763644946e-01,8.838534962628917802e-01,7.818375968046523683e-01,2.993085032515698796e-01,9.843729433264296613e-01,4.812912289293843626e-01,5.172750567236986674e-01,6.669206472101738559e-01,-1.748675030464252045e-01,8.917389337860576193e-01,6.240124117580123642e-01,9.200276897589712011e-01,4.560829324720059863e-01,3.635660680768579844e-01,8.898580040986161510e-01,7.791734456173381451e-01,8.850342098138851421e-01,8.714549953926252757e-01,6.116093712368990687e-01,7.016590511162108523e-01,5.037555388012584512e-01,4.513080760716756817e-02,9.360503863712151817e-01,9.617839119059484743e-01,2.643672672611597219e-01,2.239708197170860449e-01,5.955703073474472031e-01,6.177078803788541572e-01,6.564618402301202194e-01,4.997604129591641797e-01,6.295029543786776483e-01,2.338500102406030901e-01,5.705404057097008819e-01,8.921507089461040430e-01,7.741599243793431118e-01,2.218243090369474424e-01,4.948217094414349981e-01,-1.206535017366800466e-01,6.421175626427585437e-01,2.329543120958267877e-01,7.584166076911090792e-01,8.374425756506591600e-01,5.549947112773481184e-01,9.291948678995005650e-01
7.478291529921081704e-01,9.450294142838999711e-01,8.951072506299190268e-01,9.993426859114556970e-01,0.000000000000000000e+00,7.527003862701773240e-01,2.159238641370228029e-01,4.397595277039626493e-01,3.187796532773663760e-02,6.147261309817718677e-01,3.909679124164988084e-01,8.611494293943725564e-01,6.903730060353847620e-01,4.762398496540267145e-01,6.329986667782920851e-01,8.560477598020799217e-01,5.136234350013583194e-01,6.901942773848521728e-01,7.847671909591342754e-01,7.275529534398192943e-01,8.323672308193235114e-01,6.047167571901025385e-01,4.927277492318048457e-01,7.931281201573977535e-01,6.854867819705575682e-01,8.335880952161024426e-01,4.664962960882370058e-01,3.471861575963988145e-01,5.873610189355356059e-01,4.021748532838514967e-01,7.611326333947450173e-01,6.921555518654542993e-01,4.675780778941474591e-01,9.904338295220402877e-01,7.555632484174333863e-01,6.158149660574896433e-01,7.685364919290736951e-01,7.675171754658718370e-01,9.110428343231435910e-01,6.376051635525591399e-01,4.721288371329889211e-01,9.914817383458397471e-01,9.821993508658388716e-01,7.651331392048614788e-01,9.483522164980277003e-01,9.139198080453693196e-01,6.701396074311767315e-01,8.897480086611914141e-01,6.717176510226597896e-01,6.541530983182641812e-01,9.013556180525562622e-01,8.868044738088085577e-01,9.694114683047712067e-01,7.433901856920455131e-01,4.439544629141239374e-01,5.883859841700623816e-01,4.658335844746180898e-01,9.048782012006436615e-01,7.893009741042839034e-01,2.302298778021600600e-01,5.198367051631711533e-01,5.959197171844592411e-01,8.076176448377728745e-01,8.424023771595117172e-01,6.870337149146303890e-01,7.820078526613943870e-01,1.239599236412437799e-01,6.805332037434406178e-01,4.630178524526982198e-01,2.738969633878112209e-01,3.903644432647431217e-01,8.207804199455187577e-01,6.145572596570656465e-01,2.647903853868463150e-02,5.297548601783366173e-01,6.533033077688474854e-01,9.133437512544828607e-01,5.064484181210554548e-01,2.206211244607464983e-01,3.984208696466689376e-02,8.179096094560797114e-01,3.268648339190454721e-01,2.293197843894177745e-01,3.155641476853593419e-01,4.818996822817651071e-01
8.454138452390170810e-01,7.276174582269061553e-01,6.840316539718597211e-01,5.890141384243359202e-01,7.527003862701773240e-01,0.000000000000000000e+00,5.777260107384913912e-01,3.806405891635043087e-02,4.815849489959469487e-01,9.532042953942464480e-01,6.115953907603201012e-01,7.020254450485040598e-01,6.922612092048511245e-01,9.148872012305392376e-01,3.646168820186153070e-01,3.507308680546424862e-01,8.006741811417786847e-01,6.409687623001423251e-01,6.287579028011017757e-01,7.319785913048897363e-01,6.863176031746928141e-01,6.080629626376192753e-01,6.775188480681141323e-01,7.188776288325268160e-01,6.321806752193848133e-01,8.179903337020757448e-01,6.171649574225483992e-01,1.601521762111931813e-01,4.949840053321977740e-01,3.056206365967406580e-01,6.800174293445152562e-01,4.258991470846363314e-01,7.816342875699584525e-01,9.647886188857508483e-01,6.927544273363763772e-01,4.900651645043423987e-01,3.660291711303419460e-01,8.007460140574774732e-01,8.399655557478477030e-01,9.696987332390972769e-01,8.795739552309718157e-01,6.593716267140959930e-01,9.337189919770680913e-01,5.566836097985200515e-01,9.521183270498416729e-01,6.076878833789702838e-01,4.542429217228413085e-01,6.698090543101081762e-01,4.449741992814987834e-01,2.179192102175675494e-01,7.923932167291629636e-01,8.182628967932278341e-01,9.219404214503825745e-01,6.089207012054256296e-01,8.267637006385898379e-01,4.165588505255912732e-01,7.809189056245229299e-01,4.024718287650002058e-01,8.986713983022461827e-01,4.979156530689296534e-01,4.115535674284758749e-01,7.129171803780345318e-01,7.492465240063711507e-01,9.218646454731240780e-01,8.199888739401658411e-01,6.617678991282334167e-01,6.943233280869794966e-01,8.480507571398008260e-01,8.603860203621988001e-01,2.187270670969785613e-01,8.977898860165204331e-01,7.510208113966225785e-01,5.231518292848196250e-01,9.718096931248566550e-01,5.341341107588883919e-01,9.904495461721578575e-01,4.876223341441952575e-01,6.879560479011755936e-01,4.458671581124755146e-01,7.634434004730433765e-01,-9.783929221654161235e-02,9.256606980889365843e-01,4.574487631265266585e-01,2.779518851200818985e-01,6.241563977744212233e-01
6.631896563188340865e-01,5.139680375546044067e-01,7.330844525223448871e-01,7.978244865404812147e-01,2.159238641370228029e-01,5.777260107384913912e-01,0.000000000000000000e+00,3.078471485277507469e-01,8.635045955074127644e-01,5.068723471587045504e-01,6.226948817135807834e-01,4.345120621698277397e-01,7.786840658900485712e-01,4.191325841323490509e-01,9.946956605181330735e-01,5.824873818869861219e-01,7.751399123257552981e-01,6.467014057341916589e-01,6.473805174619254865e-01,8.325879508154357955e-01,9.882314936756126933e-01,4.950618340403729056e-01,6.669961350769544328e-01,8.731868157725481971e-01,4.169626747308854964e-01,5.049806508335664690e-01,9.201293549106722702e-01,7.035738796125963201e-01,2.988668687536519264e-01,4.426916097257361793e-01,4.801558822733932308e-01,6.267070839705390917e-01,3.388460800511220450e-01,1.445780455553094812e-01,7.770360471961286208e-01,1.530621468423221110e-02,4.798429837780817109e-01,4.286890587857364876e-01,6.094297512548630946e-01,7.963893896528093652e-01,5.857855029085047294e-01,7.237024330315924292e-01,9.076721783211869621e-01,6.768462146317468786e-01,6.588156758144831926e-01,3.579119114260463919e-01,7.162107621740088081e-01,6.587618748381104394e-01,5.742164901251946008e-01,5.294142540535722308e-01,7.462660626192542113e-01,4.806930118077513137e-01,4.521613733884696784e-01,2.078010315690826948e-01,6.586818754995320546e-01,4.253274170021975054e-01,5.000018503164403993e-01,7.314226695007501888e-01,6.101017016963562467e-01,6.733898800703465026e-01,4.741452916727672551e-01,7.613399161817369087e-01,6.646529531707570104e-01,7.661291980829760817e-01,8.122789425511580674e-01,5.186357438347658499e-01,2.961810645695733268e-01,9.539605184624498913e-01,4.863796572654721095e-01,2.938423097201594558e-01,5.672557632589715348e-01,4.703748062592801871e-01,2.917102986609947934e-01,6.431226351937822938e-02,3.063745293556290397e-02,6.369571544364424076e-01,7.040760106962475895e-01,4.316539993093303496e-01,3.838411859372402590e-01,9.573099857959118664e-01,-9.815640114555358731e-02,8.234612423226536082e-01,5.075372657607059024e-01,2.504212372818042653e-01,7.950921374802568664e-01
9.838789007215602567e-01,7.279598912376561426e-01,7.143488380430467188e-01,6.192267350906236478e-01,4.397595277039626493e-01,3.806405891635043087e-02,3.078471485277507469e-01,0.000000000000000000e+00,4.857459170335914345e-01,6.932339424811863049e-01,6.754895390470270211e-01,7.353348817363934975e-01,5.845479238104178688e-01,5.985227207929552096e-01,6.954141358017466024e-01,6.371057983140742120e-01,4.264802182295061028e-01,6.327565291904393430e-01,6.049348213123495466e-01,6.569129554614570043e-01,9.200231377377492414e-01,7.249702337468942881e-01,6.616076384101085006e-01,6.720152652733388798e-01,6.072175569051521116e-01,6.270446453173615931e-01,4.490532932593320203e-01,7.272383379643490020e-01,6.247601863768854624e-01,2.627954551262280947e-01,6.143300898452119796e-01,1.314235049578325876e-01,7.037929069963951845e-01,6.378771238839919810e-01,6.675277625696111050e-01,9.066090333868215279e-02,7.780204062708426793e-01,5.515320789299065218e-01,8.340541351775753176e-01,3.547812472432891884e-01,7.543827456189424741e-01,2.664491549717184493e-01,4.028561813726009855e-01,4.791613047192494479e-01,6.965629206504859727e-01,6.264402078064210677e-01,8.322247678707749285e-01,6.052805741654342375e-01,9.740305395054673632e-01,4.181083496111060449e-01,5.366860175649821318e-01,5.279350880074644703e-01,6.490931098687435785e-01,3.876162627194043586e-01,9.850975054493340544e-01,7.705021090230388392e-01,6.531782791841733715e-01,4.264613216684773889e-01,9.519532298710218221e-01,6.309769393900261925e-01,5.359010661667383824e-01,4.718376009181280556e-03,9.719566847302241186e-01,6.660305064010084708e-01,6.209282564973863661e-01,7.140130621362468233e-01,6.517845198608525070e-01,8.099551472260386742e-01,7.119151524361150285e-01,8.300450650926389784e-01,6.709548503015023702e-01,2.855031454015759529e-01,2.788031193241788941e-01,5.077999806382933468e-01,5.036585829123950697e-01,3.082258274352440708e-01,4.094080955875750716e-01,5.839782011794103500e-01,4.051344251593923529e-01,4.100686325237224983e-01,7.576953422629196799e-01,7.969877460545948811e-01,8.878801267022505828e-01,7.457722813178967458e-01,7.116379302429993725e-01
6.686400933913981826e-01,5.045314584134783509e-01,9.835830310490056849e-01,7.046345295013667354e-01,3.187796532773663760e-02,4.815849489959469487e-01,8.635045955074127644e-01,4.857459170335914345e-01,0.000000000000000000e+00,2.628968797287543069e-01,7.893065651981973074e-01,9.002364026160173394e-01,6.163562207797989023e-01,9.974663169366029258e-01,7.775531172220135900e-01,9.405149689655010192e-01,9.395298750653837683e-01,9.522315193711214931e-01,2.522955837518031652e-01,8.991010997729190768e-01,6.342583903938462386e-01,4.654481099540139777e-01,6.967142721799886029e-01,8.395047612074177934e-01,4.685998056763280295e-01,2.813146145867354564e-01,4.054000126545885818e-01,6.351146463624264271e-01,7.600626328219313166e-01,5.332521844928012067e-01,1.326601208696362444e-01,7.719411781296889874e-01,7.457266635344254047e-01,-3.364239792023673847e-02,7.624508114943359116e-01,6.401900701162892560e-01,2.881671851217647573e-01,5.890132638179773616e-01,7.441045304257681847e-01,9.526163644343340620e-01,7.283826754781375090e-01,6.821709149586772103e-01,6.454756861244130839e-01,8.622254042446148015e-01,9.661289205276797354e-01,8.245084335249274199e-01,9.615361196215941320e-01,9.159917290375443333e-01,5.605724828264153636e-01,6.465853408960278159e-01,9.856410415087586419e-01,5.882734155837049395e-01,5.999539908420968848e-01,7.280349044448559681e-01,9.004117517203807930e-01,6.132277783904053203e-01,6.244788807858044910e-01,4.685416052387683106e-01,9.911656673779147830e-01,4.612053933595312016e-01,5.172346769918929610e-01,9.191730574366193673e-01,5.247419008743564595e-01,4.034230040410440310e-01,3.348245393799910707e-01,5.069777450444120648e-01,6.644089435825679679e-01,8.562381199490680661e-01,2.562556043308619191e-01,4.593923397440015099e-01,9.046820955404614173e-01,6.710691166405620134e-01,1.287191606326050231e-01,4.998304584375883319e-01,6.077805533307898411e-01,7.113897651001658273e-01,8.595314191041794061e-01,5.900405043561371965e-01,5.127343522070635373e-01,1.783886929668991594e-01,2.892389380854441527e-01,7.155449920997528634e-01,6.068321969191621257e-01,6.355823677759959711e-01,4.512150635676942523e-01
7.546511492867563620e-01,9.102255771287687258e-01,6.589482939064863487e-01,9.178889951338067288e-01,6.147261309817718677e-01,9.532042953942464480e-01,5.068723471587045504e-01,6.932339424811863049e-01,2.628968797287543069e-01,0.000000000000000000e+00,9.156498101590937466e-01,7.625626501878673968e-01,8.065387278376014990e-01,4.018603840197396138e-01,-3.647542455360988645e-02,8.212597598564851387e-01,8.076822486712867954e-01,7.514402378215956357e-01,4.187935355926814540e-01,9.362121296451846320e-01,9.232516924630117527e-01,3.057625249783765820e-01,6.526966769196806961e-01,2.321198505712572246e-01,2.484977839766460694e-01,8.686696107888014495e-01,8.919192664907353851e-01,3.692191613150258567e-01,3.340429485785779695e-01,5.030132492349610462e-01,7.964668084071431231e-01,6.235340450498018106e-01,7.349344030494590063e-01,8.370422948100023630e-01,2.873198333200583932e-01,7.700309161131304592e-01,2.991680623208630221e-02,6.836667148377808534e-01,5.340831873903802984e-01,4.589119361165128752e-01,8.641810384208146179e-01,6.170692635169251483e-01,8.830872659584650952e-01,9.300613892281812678e-01,7.167175097081331936e-01,5.929956589159096625e-01,7.028601408770194237e-01,7.986953011846982253e-01,7.158329122236306574e-01,9.425072496436269764e-01,9.803151130106541045e-01,6.406099161454288371e-01,6.316401434716523156e-01,5.376509683021393204e-01,9.179166715933052556e-01,7.880490791574755738e-01,8.033968489523219958e-01,6.958382373372954399e-01,2.429744763878990965e-01,5.376499826853118336e-01,5.755688244042318491e-01,7.382726684607212597e-01,8.783353615552946803e-01,6.905775739270620939e-01,7.147679178391090904e-01,9.063200355155344168e-01,8.508824297865251740e-01,8.930422666244953733e-01,4.124193531441910365e-01,7.819068053347593139e-01,6.353890579304899422e-01,6.571467154373877850e-01,9.441057304889272084e-01,5.357902412416484239e-01,7.041837092814428045e-01,4.450132362956494281e-01,9.750997599096061785e-01,6.593220012789207107e-01,2.337155547271647371e-01,2.703736095585219656e-01,5.590033596982074693e-01,6.052500667513891486e-01,4.606404303950251133e-01,5.686835704958714995e-03,9.333073326965642957e-01
7.301075360460280717e-01,4.111382378731953668e-01,4.144321258804727348e-01,6.708273874615517940e-01,3.909679124164988084e-01,6.115953907603201012e-01,6.226948817135807834e-01,6.754895390470270211e-01,7.893065651981973074e-01,9.156498101590937466e-01,0.000000000000000000e+00,7.449043128221028987e-01,8.811596606096252504e-01,5.312932867595081959e-02,7.900075916746387428e-01,5.040558117585164366e-01,7.355239576448704408e-01,6.835945590882954725e-01,3.836658664931389406e-01,5.256008653523297491e-01,9.377502400633581647e-01,8.953450826738238444e-01,7.969603931353159698e-01,8.671165977883565912e-01,5.683578100464068417e-01,4.487461218660286910e-01,6.045668623815977361e-01,8.601363018008871819e-01,2.437646731145680645e-01,6.106067672221405784e-01,7.873856401115020276e-01,4.442216337080345245e-01,4.765305398068602205e-01,6.287227485995081633e-01,7.314248897832419383e-01,7.805697787834189327e-01,2.915311002274043051e-01,4.560776507904112931e-01,1.418141801252161827e-01,7.252008598321507682e-01,3.680631990122363861e-01,6.900514179361894040e-01,2.605878740427872153e-01,4.103746282985207827e-01,9.024509428985962867e-01,3.851381146519236021e-01,9.033324885861940823e-01,6.032979141751440011e-01,4.920650974278866219e-01,3.133102552847564226e-01,6.676223923814768035e-01,6.731025579087590582e-01,9.780841457394183758e-01,9.496745148862910657e-01,6.097824280654919882e-01,6.755908182789972516e-01,4.048868644472504164e-01,9.458867520514191440e-01,9.343105620119735999e-01,4.100035896556155635e-01,5.711792293570852053e-01,4.403800107363000649e-01,7.047563504447872385e-01,7.564827009100637545e-01,9.622543816836014452e-01,4.158209624946277994e-01,8.365447074885044021e-01,5.397962329134778914e-01,4.423317531137034853e-01,-2.465568537680942751e-02,7.599602733173875801e-01,6.355994349165832169e-01,4.743039444146917583e-01,5.882237585571445937e-01,4.143576156446188152e-01,6.852682405545533761e-01,9.032490382945831398e-01,2.975039919748583839e-01,6.129795030485167828e-01,4.235446302441522870e-01,2.637678081233054694e-01,9.243069732761033386e-01,5.129163900879913918e-01,7.146873252234005047e-01,9.889800548937394131e-01
9.751536472846303871e-01,8.328840459057986756e-01,8.910447855283577523e-01,9.424112736883780705e-01,8.611494293943725564e-01,7.020254450485040598e-01,4.345120621698277397e-01,7.353348817363934975e-01,9.002364026160173394e-01,7.625626501878673968e-01,7.449043128221028987e-01,0.000000000000000000e+00,4.667758065180710458e-01,8.085037054808691392e-01,6.186424153469805010e-01,6.632325231901770035e-01,6.057796041860217251e-01,9.011900678313847779e-01,6.267122649084461150e-01,8.766259339988935473e-01,2.408807298552455289e-01,7.464281261938772172e-01,6.462249568173717984e-01,8.543742154619463625e-01,5.298496735466068364e-01,5.673496152394874592e-01,4.939090560170193434e-01,7.655343310997234640e-01,1.479416438997795992e-02,3.699310172793802698e-01,5.851827105617115610e-01,6.222240944571474364e-01,9.825274804367136738e-01,9.686760194332908469e-01,5.947225422200298484e-01,7.542100527065407345e-01,3.740862327056728720e-01,7.339137523998009449e-01,8.341845824449150015e-01,6.050522585966119360e-01,7.571345173120755945e-01,5.094780239434674174e-01,8.734044721641575082e-01,7.987767078832858081e-01,6.496895435494384197e-01,9.325503615067125551e-01,7.706665840856387062e-01,9.218135356600924979e-01,4.545659354955128295e-01,8.294995629222043920e-01,6.943421599656636189e-01,8.965835380010790390e-01,6.044650532806761234e-01,5.251957672330556104e-01,8.869526636812242737e-01,4.623996775605806464e-01,4.696253593762377276e-01,8.075262891593124603e-01,6.494451840460376824e-01,4.173822248732876883e-01,9.186348621113821222e-01,6.527255824294156961e-01,4.768443248430651593e-01,7.200751048239317775e-01,6.582419323927867216e-01,6.123070911114595338e-01,9.890985963456617736e-01,7.743671883660923072e-01,6.337000834153860840e-02,2.923167355049540728e-01,9.262214743645059700e-01,6.264095373401800115e-01,-8.001252776666056832e-02,5.272239649908665449e-01,6.393341273356518695e-01,7.620344649646931812e-01,5.550624108592289163e-01,1.734479248098521886e-01,5.529427715454766634e-01,2.754145137628674633e-01,-1.438026270933329132e-01,7.253803949000559026e-01,9.174844432597873967e-01,9.214333598603621223e-01,6.816691717619066671e-01
7.477392794689681210e-01,6.953978053040201779e-01,6.737232141696295473e-01,9.576000909691493312e-01,6.903730060353847620e-01,6.922612092048511245e-01,7.786840658900485712e-01,5.845479238104178688e-01,6.163562207797989023e-01,8.065387278376014990e-01,8.811596606096252504e-01,4.667758065180710458e-01,0.000000000000000000e+00,8.425965451392898320e-01,7.320608241010096995e-01,7.543685801882679121e-01,7.240115296845492932e-01,5.864487779597431505e-01,5.326246967232813878e-01,7.795778585958081930e-01,6.939526438426062427e-01,6.621853944962500238e-01,6.720115546185777555e-01,9.326362717910889888e-01,6.058755537030554583e-01,4.739229436497512382e-01,7.156108607663114185e-01,9.611270356246395252e-01,5.410702610190620820e-01,4.159022876302186367e-01,2.321740023517675222e-01,5.108546745269828548e-01,8.698890274891667440e-01,9.278800440475984956e-01,8.919133266959601292e-01,7.221556877086428017e-01,3.388536576553589225e-02,8.355589521383739449e-01,9.571805500289833901e-01,9.366552517602574346e-01,-3.475526486238303403e-01,4.534370253670935713e-01,8.965654106862624984e-02,7.285619447919760017e-01,9.487361996349212845e-01,6.304389899202599290e-01,2.306034639384139107e-01,6.370205694885218151e-01,6.278836066753338274e-01,6.951633292454486579e-01,6.427054181690007306e-01,3.885311667177738792e-01,4.438634239018324767e-01,8.998279396616382098e-01,9.845002295171134676e-01,3.199472151653743879e-01,7.837530562750948393e-01,6.089613418809791678e-01,6.903241801862355365e-01,8.103196619466402906e-01,7.316284802429053880e-01,6.332113636956304692e-01,4.816976592907942223e-01,4.663271109457615693e-01,9.742579902043398965e-01,6.014030248756668806e-01,4.339094570186912136e-01,8.111849705946340139e-01,6.090383381157127296e-01,5.120462555210222311e-01,2.847369303163237442e-01,8.076108769565261136e-01,5.704472318079865101e-01,5.583027731132472748e-01,3.168288158468968718e-01,7.120695586479552919e-01,4.731035511279527705e-01,6.488090588792710944e-01,2.102959685921994004e-01,7.855940000035146475e-01,5.859279837688711190e-01,8.278915073539676595e-01,8.130553541214939894e-01,7.351051626539930606e-01,5.142507637683981780e-01
8.021318863792893383e-01,8.508569477392660119e-01,4.562944806279767840e-01,5.527802835096452538e-01,4.762398496540267145e-01,9.148872012305392376e-01,4.191325841323490509e-01,5.985227207929552096e-01,9.974663169366029258e-01,4.018603840197396138e-01,5.312932867595081959e-02,8.085037054808691392e-01,8.425965451392898320e-01,0.000000000000000000e+00,2.338036455050098161e-01,4.467993672494088853e-01,4.686052924763923766e-01,4.859727874089412314e-01,9.059960889028455533e-01,8.234150688681187713e-01,9.998370051148897097e-01,6.255822163435107441e-01,6.844504654769989482e-01,7.170527423741873685e-01,4.656971134548093527e-01,8.826974324862462140e-01,7.308964430967348491e-01,6.393362015794740172e-01,5.840789270466267835e-01,7.777987822148978436e-01,7.036531926804201476e-01,4.392561213190609437e-01,7.085375954087886896e-01,6.937931216384655153e-01,6.102659585842047374e-01,2.163163732457856758e-01,5.352624072535510091e-01,6.941988380043458973e-01,6.669086752898195636e-01,6.303920802919203981e-01,3.666939564386655359e-01,7.887600348273420270e-01,8.878119339801716636e-01,5.779142017411288412e-01,8.601704007435253541e-01,6.183514756405189550e-01,4.842693782895333143e-01,6.600665919015380467e-01,8.595605329107545156e-01,6.025704139860442732e-01,2.784928497611840470e-01,4.097552921259864922e-01,4.468889600794651029e-01,6.951503460753524211e-01,4.700520064436911616e-01,5.087460732999831148e-01,3.292044847978064515e-01,1.115851047162941256e-01,6.891133274599373637e-01,6.631368148272286378e-01,2.447719279485834898e-01,4.521116274673680491e-01,3.106501926044577533e-01,6.089835088173540800e-01,6.645804910920332098e-01,8.476221749091292779e-01,6.837066756294293279e-01,6.006153587353778578e-01,4.818107553370485352e-01,8.447023567133025157e-01,8.935618422395484872e-01,5.853438497328238288e-01,5.411124000175435711e-01,4.120531852053963551e-01,1.251412083659413921e-01,7.007835116217703275e-01,8.095927750826263924e-01,8.992249449400223638e-01,2.858640902403193351e-01,2.173620398825580613e-01,8.392611255689519378e-01,7.859843345323048736e-01,6.669926352304241801e-01,4.646425943472059505e-01,6.217878014904262285e-01
6.584514444947218159e-01,7.360504532089106045e-01,7.185725666185890370e-01,9.171513422310711983e-01,6.329986667782920851e-01,3.646168820186153070e-01,9.946956605181330735e-01,6.954141358017466024e-01,7.775531172220135900e-01,-3.647542455360988645e-02,7.900075916746387428e-01,6.186424153469805010e-01,7.320608241010096995e-01,2.338036455050098161e-01,0.000000000000000000e+00,6.007567378396113655e-01,4.602655567156238581e-01,6.835999982037128664e-01,7.860465672427102701e-01,7.946937706452213979e-01,5.943003665501929156e-01,6.831069145653677621e-01,5.752991445826183270e-01,8.445616738012784452e-01,6.419614841840345365e-01,5.675473346875474778e-01,8.441780745874972736e-01,2.785284350196298164e-01,5.038576514193716660e-01,4.923937993365924970e-01,-1.295094899324274462e-01,7.732654824093628809e-01,7.248142710666956035e-01,5.845798006196122332e-01,4.081160526530507870e-01,6.017875601622739712e-01,1.258059648183994794e-01,6.384579541504012967e-01,9.550227953342795839e-01,6.423339126389800979e-01,7.223864069024387158e-01,8.166858989938055036e-01,9.597780693187707435e-01,6.355343187050357390e-01,9.239551101759984064e-01,9.402743869884322425e-01,4.189112635499960824e-01,5.826218439198753707e-01,3.146073046915593974e-01,7.166083685469971654e-01,4.995904759755321889e-01,9.807052111063613298e-01,9.418695765974731682e-01,-2.449065751432319415e-02,8.438532984333556586e-01,8.924823973849740355e-01,8.932498115422663476e-01,4.238084586553830801e-01,8.560288965533431327e-01,2.140606751367657157e-01,4.442372218734614853e-01,6.871443474465694923e-01,4.372695398154614610e-01,9.719454896295974811e-01,9.576346650576250674e-01,9.996314185909067618e-01,7.331367593703647101e-01,8.893007983871058508e-01,-1.470832699546460731e-01,5.578225637210376675e-01,3.284305430797658243e-01,7.555019700401804927e-01,1.718098564122391703e-01,9.276111862879941050e-01,5.976975780650082282e-01,7.714737791356843788e-01,7.322589209407281974e-01,6.625633018371879235e-01,1.789014484500882629e-01,5.382110640132684587e-01,8.589233985612700906e-01,9.979356381242910912e-01,3.964991053829189926e-01,-5.121692988352249953e-02,8.331778026461862385e-01
7.961050064970023321e-01,7.306272422091393270e-01,6.013886280337322754e-01,5.008146506798121234e-01,8.560477598020799217e-01,3.507308680546424862e-01,5.824873818869861219e-01,6.371057983140742120e-01,9.405149689655010192e-01,8.212597598564851387e-01,5.040558117585164366e-01,6.632325231901770035e-01,7.543685801882679121e-01,4.467993672494088853e-01,6.007567378396113655e-01,0.000000000000000000e+00,7.921811234580753425e-01,9.092332080242021553e-01,7.338313911858678207e-01,8.461627084360081597e-01,7.114689909990020711e-01,4.252122694040184614e-01,7.672080830762142423e-01,9.269479854816395914e-01,2.429369912827490929e-01,8.328225233932374794e-01,9.307240303898116629e-01,7.526632555803866031e-01,5.815455927782289258e-01,2.244428289210528005e-01,6.838387334627629155e-01,6.051214376330888989e-01,9.634364889503482798e-01,6.262680445686491515e-01,6.652831097865210541e-01,4.525327845555597861e-01,1.743901869366364099e-01,7.494979198697653278e-01,9.342689441454622434e-01,6.636966344334904733e-01,7.718274267037605885e-01,9.937355265274185889e-01,2.888565861387091260e-01,4.229113960768933200e-01,2.006806114664426155e-01,9.706022476537690125e-01,6.718058296908143712e-01,6.945644523449377994e-01,8.657160102781507049e-01,6.069775153165295478e-01,6.820650886813038882e-01,9.750532584574318484e-01,6.975068892807635423e-01,6.796375142448476403e-01,8.827514984692430566e-01,9.412548904106066150e-01,7.202428246539940293e-01,8.338220011980566060e-01,6.414304660907292899e-01,8.263473271617026716e-01,2.615219059646142208e-01,7.593976984695304244e-01,5.105958649874764443e-01,9.490423112211928691e-01,8.638401677036117166e-01,7.394874582105530614e-01,6.011450115501959512e-01,8.013404716219089119e-01,4.709544305887874982e-01,6.977356211913618989e-01,8.683465768111732208e-01,7.667402988736828906e-01,5.108446671944119055e-01,2.653356227037148019e-01,7.640968558864685845e-01,6.148245814769160988e-01,8.171145665183126017e-01,7.441567044087965543e-01,8.792683610683083018e-03,7.804350612672443788e-01,5.067885603528107241e-01,6.438432198454353550e-01,1.628548992002738782e-01,2.591237641207455589e-01,1.912498685876875548e-01
6.029307880644168005e-01,8.905325689359354646e-01,5.271537357584274996e-01,5.139426552720314234e-01,5.136234350013583194e-01,8.006741811417786847e-01,7.751399123257552981e-01,4.264802182295061028e-01,9.395298750653837683e-01,8.076822486712867954e-01,7.355239576448704408e-01,6.057796041860217251e-01,7.240115296845492932e-01,4.686052924763923766e-01,4.602655567156238581e-01,7.921811234580753425e-01,0.000000000000000000e+00,9.290569964994289665e-01,9.199092058628490776e-01,8.244222419488345110e-01,6.680287871410666156e-01,6.849672152540886572e-01,8.461892194497664388e-01,9.659221980535557250e-01,4.123942263554907228e-01,7.475699163299194261e-01,9.945424342842403842e-01,9.128221536186482687e-01,4.602914860120646545e-01,2.103820022269517198e-01,6.893110437456357875e-01,7.187876493708271752e-01,6.137863190944310432e-01,7.796167435012625324e-01,6.626520671642499583e-01,3.612522498187249465e-01,2.685066533232742803e-01,9.017476453002247760e-01,2.271704781967615050e-01,2.526703727289834056e-01,3.238260241557773256e-01,8.578064712633902689e-01,6.861382878061893509e-01,2.051556716851483941e-01,8.345388424118347359e-01,7.040041081174450710e-01,6.789833915974976541e-01,4.432252185186432158e-01,7.324163103439504940e-01,9.945644172778558278e-01,8.648300659509202681e-01,6.700925033321365465e-01,9.256042049660433424e-01,4.096169010492005658e-01,6.181798354875357449e-01,9.599935582014328395e-01,8.874997108635449550e-01,4.801572637257460752e-01,8.738151933939934946e-01,9.930484367489272879e-01,6.113978996728124393e-01,6.727933680219085888e-01,4.135441801241685478e-01,9.092156863367031328e-01,7.443819982922834644e-01,7.068810511623274673e-01,6.394864008581443438e-01,8.232323262962315535e-01,5.610846642643881887e-01,8.094457438701784247e-01,8.113007440463321229e-01,6.214130413423486488e-01,3.651834544984358111e-01,2.869007806151356310e-01,4.368218337203799151e-01,8.053825514763230942e-01,8.625512387560494432e-01,7.182234834827752046e-01,4.786040331284711069e-01,4.462499396635721260e-01,7.513892678628673882e-02,7.278080601574575814e-01,9.633001138150587561e-01,5.918472935636027721e-01,7.715403513541758684e-01
8.232503183169574967e-01,7.024702516686948117e-01,9.759566894594290387e-01,5.037283876655116455e-01,6.901942773848521728e-01,6.409687623001423251e-01,6.467014057341916589e-01,6.327565291904393430e-01,9.522315193711214931e-01,7.514402378215956357e-01,6.835945590882954725e-01,9.011900678313847779e-01,5.864487779597431505e-01,4.859727874089412314e-01,6.835999982037128664e-01,9.092332080242021553e-01,9.290569964994289665e-01,0.000000000000000000e+00,8.998156115957441914e-01,9.428526652847826206e-01,8.355285655623893026e-01,7.938083571004372896e-01,7.624019540667863470e-01,9.638518479506873460e-01,7.857933214209413819e-01,5.496782032211798841e-01,7.001788310033502105e-01,6.134086114802241863e-01,5.185990770704380637e-01,9.271126469317961805e-01,1.109374489565275734e-01,6.706418218607840265e-01,4.014319307645100032e-01,3.325351032698983245e-01,6.124520192332127966e-01,4.615556366852838766e-01,7.335600649417627350e-01,4.149238886860482367e-01,8.258782220772939997e-01,4.928235210679327571e-01,7.945558301138512247e-01,8.028775981692738428e-01,9.906512763712254088e-01,9.848697172205815864e-01,6.232938667177523318e-01,8.044312765795034181e-01,6.574040176167575966e-01,2.625553584794225181e-01,7.952226052546624846e-01,6.933819893052834971e-01,6.318052269471946536e-01,6.957530186181789533e-01,6.765946330861745128e-01,8.597568462474229900e-01,8.905167075863615889e-01,7.449567506994856370e-01,6.503480181142942129e-01,6.580683605503810929e-01,7.641957939832817459e-01,5.387683200768798031e-01,5.161145800634623360e-01,7.438414992324751118e-01,6.614722327255031509e-01,6.461406661580920696e-01,8.899499608747146739e-01,6.978419831782155525e-01,9.665639473314555641e-01,1.511940696920615057e-01,4.561111342178968964e-01,4.803437486812468515e-01,7.657048197154360247e-01,6.611031905057719316e-01,8.167908848379450415e-01,6.159904165020246847e-01,3.702156152711280068e-01,3.014432792384703630e-01,8.928324946063546097e-01,7.525132743974830563e-01,7.789853305673432038e-01,-8.219952582017853171e-02,6.461801583235733393e-01,9.786067697558102907e-01,6.234654190062524082e-01,8.843179104907882004e-02,8.756000221214166324e-01
