0.000000000000000000e+00,6.691269239100736677e-01,9.912964241556669887e-01,6.374582631837455438e-01,8.311040844279239392e-01,9.426591979148858380e-01,7.859664649074086240e-01,8.513242780710388313e-01,9.934570032466966127e-01,5.637643485805352572e-01,8.712681161476669711e-01,6.683795581038354250e-01,3.265442758849469440e-01,8.684313332732171986e-01,8.917792083966719074e-01,2.846506093145719229e-01,9.441829097060291387e-01,5.006585024559641051e-01,9.050037490672591112e-01,9.196017888173994015e-01,9.929382231624119814e-01,9.205930076879111912e-01,5.131216949778031333e-01,5.431001467564716689e-01,8.726970288999378322e-01,7.288590567270130105e-01,9.055302562874822936e-01,5.871898549632852404e-01,9.237549390589845644e-02,2.639836612877687894e-01,5.387953833140490811e-02,8.322437163186156006e-01,4.804488739539604647e-01,8.541018853068906846e-01,9.301777618588131791e-01,5.976543190209633316e-01,4.444816736685971437e-01,7.096097086002235432e-01,8.605778846664151605e-01,6.589472362970610897e-01,3.892195890549262627e-01,6.483800721126220523e-01,4.516616210849839774e-01,4.474419114704832889e-01,6.737621001758540284e-01,9.835940015182754737e-01,5.657671960251750010e-01,9.311717597345596786e-01,8.981343671046123633e-01,2.972496587040313054e-01,7.026173828123526421e-01,3.332809574770855265e-01,8.938194487064767824e-01,7.425568677829155195e-01,2.645147449635149028e-01,1.134480481004134789e-01,7.720233595097319990e-01,8.574984558562359638e-01,3.964509890066207909e-01,3.399060545030914149e-01,3.220291479583302641e-01,6.609672005785696136e-01,-1.301851039849614144e-01,8.003550848735243584e-01,9.829414209351230447e-01,9.170563843350494349e-01,8.626740057760753366e-01,2.530554693774849651e-01,5.330022726603140804e-01,6.810824673998352452e-01,6.943477789043573933e-01,9.245460045446816100e-01,8.094740300541958256e-01,7.081833666290532348e-01,5.454212236028302963e-01,6.402651923653318589e-01,9.641311316391220076e-01,3.567290495516980964e-01,1.323805860815426561e-01,5.549150134275171453e-02,8.812711569481470608e-01,9.086747216736966726e-01,5.684038867735424772e-01,4.956161251825602077e-01,9.625865718381305669e-01
6.691269239100736677e-01,0.000000000000000000e+00,9.738766313524985785e-01,6.897168608607683327e-01,7.818673428175817453e-01,6.344027525006338264e-01,2.143288572688386573e-01,6.197137953433325963e-01,3.120618429035324493e-01,8.297028377951963796e-01,9.481374753897481300e-01,6.591099036199865591e-01,9.550279345211621917e-01,6.630864352692148467e-01,6.165242409075774033e-01,7.017192167066438335e-01,6.420465225464915271e-01,6.224637282155131013e-01,9.505317208071031310e-01,7.916088998801791565e-02,6.633533995510234593e-01,6.316570757596364771e-01,6.788075971452451896e-01,8.316746627556382832e-01,2.065089818428274826e-01,7.824634956408894615e-01,8.204077881315138265e-01,7.090766265254261347e-01,6.211290187986391320e-01,4.520935801127800024e-01,8.651435389758464767e-02,7.912699494909745113e-01,8.680710627912453514e-01,9.450674335360732536e-01,2.289823839379446779e-01,9.461216913984806798e-01,7.026422760131141310e-01,6.288743833236236647e-01,7.861393385418018465e-01,2.352713163653544493e-01,6.004646245049947151e-01,9.807576081263135181e-01,6.014554018091334830e-01,8.541468970548931061e-01,6.812970622924471309e-01,8.600550314668136132e-01,6.105613127932568718e-01,7.933668819433583597e-01,7.157060442072675777e-01,6.687227485001911997e-01,5.643669773772672649e-01,5.699011434108518515e-01,9.116026504937478903e-01,7.757575319023231053e-01,8.925118312224022965e-01,5.512859482602302519e-01,7.404720763170206110e-01,4.764892834932511478e-01,9.175744271709589395e-01,2.371816740302280790e-01,4.145199592995273408e-01,5.378991168258873135e-01,4.153914104143575647e-01,7.830755848724698653e-01,9.068897137049234392e-01,7.129436421568100535e-01,9.566691772357415191e-01,1.305971156283072289e-02,3.200657834663940271e-01,7.642568033111021286e-01,9.781514973720510930e-01,6.228771031571697092e-01,7.445733697831699027e-01,6.694137769705993390e-01,3.801121309359918321e-01,4.334091449115839989e-01,7.408966998663154557e-01,7.447968297132432358e-01,2.243483917872905464e-01,4.215745222773784051e-01,7.125812539669597045e-01,9.618658081770342649e-01,9.246328456713051036e-01,4.253263268456352053e-01,2.954579905219234526e-01
9.912964241556669887e-01,9.738766313524985785e-01,0.000000000000000000e+00,6.195881772135405363e-01,9.040630244077813016e-01,9.338486966808378087e-01,9.165527458816641326e-01,9.460056390235320745e-01,2.802213124007866818e-01,8.286619097208591800e-01,6.822939844184569003e-01,8.539731948996293065e-01,7.813304357148651569e-01,6.465382613030382641e-01,9.774519919026176673e-01,5.123023550122088876e-01,7.983641928518723230e-01,3.013197532746400564e-01,6.607567403619238888e-01,5.129222494673296717e-01,6.441650748559739625e-01,9.302504046721049580e-01,2.327595636697953885e-01,8.452299946987995583e-01,7.499527584395617730e-01,6.087186751078758062e-01,5.532218124151295768e-01,8.903556591527745923e-01,5.182770687489199890e-01,4.317759490129928213e-01,4.674890503996355084e-01,9.173644234165422295e-01,9.254653160286442359e-01,9.350760092517540478e-01,7.371044116615682595e-01,3.116848754964456347e-01,4.186359010822782167e-01,8.453257684253395743e-01,9.763552613886740117e-01,6.431762726551124576e-01,3.795831503954368857e-01,6.785690762857325975e-01,8.008075316314415826e-01,8.258421277956905504e-01,8.713906217338613924e-01,9.497255732356513214e-01,6.653747787649155754e-01,8.287570849486191049e-01,7.976200937772863764e-01,8.321294189101000605e-01,8.122475670550528548e-01,9.961257095571888209e-01,2.271101257186194378e-01,9.601035206444653580e-01,9.846637104701759791e-01,8.662945099726039322e-01,9.891286571579493980e-01,9.124184727042523591e-01,9.715279893193633498e-01,7.922722061169069629e-01,2.629971452332484638e-01,4.008606019878050430e-01,1.436148123173313640e-01,3.569570034837551420e-01,9.550313092671991466e-01,8.796508666428949352e-01,9.499451750552512230e-01,7.119090799050861174e-01,9.183345591717689826e-01,9.106229366905512768e-01,8.127039214592152172e-01,6.647243500197567156e-01,4.446915781150101443e-01,6.236554599231973750e-01,7.512806535061627988e-01,8.649299337848006530e-01,9.665670523769757105e-01,6.894271855359963563e-01,5.533861599878686643e-01,8.355760354436657378e-02,9.895396405201384304e-01,8.007443258976422173e-01,9.396964626747212890e-01,8.960009349371154119e-01,8.896741036498417854e-01
6.374582631837455438e-01,6.897168608607683327e-01,6.195881772135405363e-01,0.000000000000000000e+00,9.947181465156971214e-01,6.369160153769641841e-01,6.238682110604835129e-01,4.129897869784658893e-01,6.495904830512366779e-01,7.882635572545048097e-01,9.255457777296002275e-01,3.644594272851391370e-01,9.837606008039955219e-01,7.471184140005666663e-01,7.414309417231659260e-01,6.243825791870698527e-01,9.234282434488606528e-01,3.905078556162104864e-01,5.185447090914931945e-01,9.422940206364414095e-01,6.373724787904896383e-01,7.560796476330833293e-01,6.933213654491220401e-01,8.789259675683671613e-01,6.455747336986521479e-01,9.976334756460776276e-01,9.512319122085830525e-01,5.043365646113413536e-01,4.545464947930156763e-01,2.909179712245083538e-01,3.397218358222460211e-01,4.583261287894659364e-01,2.488510237435397898e-01,4.808173770336630071e-01,4.485037272131295882e-01,3.060819649555616140e-01,-1.487200424863789061e-01,3.566189820922043285e-01,9.858894532710633651e-01,9.295663904952007339e-01,6.634185872690177010e-01,8.510407450884316383e-01,1.365660047347284356e-01,6.956600996586188579e-01,8.886522427109834199e-01,5.290777934538541949e-01,4.302078881928746990e-01,8.273384860108422556e-01,6.236323985363573241e-01,2.595188601707479892e-01,8.891207124728089939e-01,8.192580918228888898e-01,8.433599616508078434e-01,9.450478414678576966e-01,8.017731904553632161e-01,5.037507332636970148e-01,2.085910980887966115e-01,5.026391310585668348e-01,6.834262629938436806e-01,5.173965769292000472e-01,6.923162323543834429e-01,4.087005029568742120e-01,9.390582340520622351e-01,9.372715900610635309e-01,4.200644848401825504e-01,6.228067683804814347e-01,6.451665512385575951e-01,3.864761067069985012e-01,4.819706421845166844e-01,6.525112203843668190e-01,7.591925405458981313e-01,7.684901717563283885e-01,5.159649291944289340e-01,6.727922722439212411e-01,5.278550385614464435e-01,7.376974339086903587e-01,9.792015655153767373e-01,9.323692069115869785e-01,4.282171578903462561e-01,7.612534840347375820e-01,5.352810918022816722e-01,9.242351804827633188e-01,6.561280334325354513e-01,7.149114588091601830e-01,8.275536087795174467e-01
8.311040844279239392e-01,7.818673428175817453e-01,9.040630244077813016e-01,9.947181465156971214e-01,0.000000000000000000e+00,7.682980286683886995e-01,6.196598769998292733e-01,6.657268086323583356e-01,6.566177329985137812e-01,7.123115087139394452e-01,4.984358955227757848e-01,6.406854247590503260e-01,8.981853045974602656e-01,6.005384975883285570e-01,8.837338701157732013e-01,4.122571214558351516e-01,5.750169902529805865e-01,6.466679122658522960e-01,4.748301773605432263e-01,9.885569956747666254e-01,6.893884394674659744e-01,7.812548716990955766e-01,6.320753303938152490e-01,4.667305638718124983e-01,7.902468556320977333e-01,3.480509089406997880e-01,7.290743827354762008e-01,8.996780830754674829e-01,7.428022874221132943e-01,-9.320585094357181077e-02,6.551817970784206135e-01,5.612594043931001808e-01,4.862492225434147941e-01,8.452424889507414996e-01,4.556023039049107992e-01,6.804923607250520368e-01,6.353294568258710528e-01,9.022539751892196813e-01,6.564896318486173055e-01,7.625679837300757269e-01,4.040262930637666394e-01,9.914032941487527228e-01,9.515839038057659627e-01,9.464967174535144911e-01,8.228240112770500714e-01,4.141555780096337624e-01,6.271139845595301576e-01,6.795933370612127211e-01,5.186116134667964062e-01,4.511929477109496434e-01,7.676507710797539907e-01,8.924491583176537013e-01,9.463443987482030861e-01,7.435490004982858725e-01,8.519993471037252686e-01,4.551377618138371939e-01,9.572082602649395477e-01,9.230147656371573417e-01,9.211001332412018794e-01,1.136323278762613187e-01,2.778979428024833664e-01,7.937373276743735495e-01,9.339672700732956079e-01,5.661556898735411458e-01,8.217264267577942816e-01,7.010314701570357077e-01,2.038217444129775680e-01,9.694886453690965133e-01,3.154473036357758331e-01,4.552413948588314718e-01,9.493379312361971412e-01,7.057508445348374959e-01,7.735132388258081360e-01,6.463955821312611372e-01,9.888177733438465733e-01,6.085062530286127203e-01,8.718590560818846313e-01,6.130997498210860597e-01,1.285350700669211088e-01,3.112684542224321560e-01,7.265270538549084556e-01,6.314457346592440290e-01,8.880433444313965419e-01,7.649934446635076046e-01,7.321834955685581070e-01
9.426591979148858380e-01,6.344027525006338264e-01,9.338486966808378087e-01,6.369160153769641841e-01,7.682980286683886995e-01,0.000000000000000000e+00,9.407697973844932893e-01,7.508293142603831294e-01,7.751298284428342900e-01,6.734254836187283377e-01,6.309228594555287284e-01,9.242099853992788994e-01,6.465986695875881596e-01,8.039958088766123723e-01,7.983914841412168562e-01,9.067874056277465122e-01,9.111820029024786383e-01,7.031002288896947006e-01,2.626939646869711487e-01,6.512188601651272002e-01,6.924141533320471442e-01,7.269360482010263080e-01,7.134861802842205059e-01,8.426164443564488904e-01,9.770965129655219128e-01,6.267617652557715413e-01,9.719272081725071066e-01,8.995038230811354119e-01,6.108310242272165791e-01,1.045321923373763173e-01,5.139971732821381201e-01,8.905534709357588730e-01,4.322308434021459034e-01,9.348057520064493309e-01,8.426160210715571974e-01,1.498782206930601990e-01,7.454974507595095723e-01,5.788846742764518494e-01,7.058604064953100110e-01,9.529627996672996870e-01,4.371434457674305274e-01,8.502631986684343612e-01,8.336640454284329760e-01,5.204701698285930656e-01,7.790768914379229138e-01,7.059942347419353448e-01,8.914280842153385898e-01,5.363407598259044978e-02,6.293417317014399215e-01,9.702938656786497251e-01,6.602487875772453663e-01,6.357999041765701742e-01,8.920479962602084756e-01,1.180402287592873106e-01,7.272622229534900784e-01,9.330424161082733203e-01,6.473920564577442249e-01,9.191185273306613501e-01,9.634250132217415663e-01,2.657935958156502076e-01,6.168880199444329859e-01,8.595410572637831592e-01,8.679638542115648558e-01,6.512316339424588651e-01,8.451929836052958223e-01,5.269136433282815002e-01,6.850358383527099804e-03,7.303272462849842439e-01,5.517452912565998790e-01,7.729323314990088623e-01,7.535329253087378332e-01,8.287478085773496428e-01,5.423493701046527837e-01,5.530793418230592895e-01,6.496709707763475006e-01,8.764043072880652874e-01,9.627029826724677886e-01,6.639712070387016052e-01,1.471675092503208632e-02,1.660007186180890715e-01,5.999211153166308375e-01,7.387748014871955426e-01,7.252214955514920680e-01,6.414165090777483591e-02,7.649073263580798976e-01
7.859664649074086240e-01,2.143288572688386573e-01,9.165527458816641326e-01,6.238682110604835129e-01,6.196598769998292733e-01,9.407697973844932893e-01,0.000000000000000000e+00,-1.021908529709625313e-03,7.827470423615148221e-01,6.889222610696775773e-01,3.962896703056365544e-01,6.968460823811177818e-01,3.973215298294168613e-02,7.249856989601757284e-01,5.534364978391338452e-01,8.091017175945621753e-01,6.398341421737013812e-01,6.648330565853446394e-01,7.378957087159672135e-01,7.413756883573194845e-01,7.826551657783906712e-01,7.078449424401427326e-01,5.835773395057732849e-01,6.347902260667561691e-01,4.243832621135318339e-01,4.598818155619559533e-01,6.587827018310122851e-01,2.534703147746065199e-01,4.114615488014197742e-01,1.116023834706001971e-01,3.706459584521091255e-01,7.004203748835078347e-01,4.582244993004565559e-01,8.053216121474829903e-01,5.288136342418396918e-01,5.099123545931000256e-01,6.028792840510304174e-01,6.491851879730315966e-01,9.436824911850804076e-01,6.851972932967249630e-01,2.549414863830559153e-01,6.806006781715319143e-01,8.485697884672002145e-01,2.896416479691273915e-01,8.308024826782436367e-01,3.621536611806346340e-01,6.148150629660589228e-01,7.253495349410410409e-01,3.038584560136489698e-01,7.491091639989793105e-01,5.594975861539450701e-01,3.258084551203374035e-01,9.260120019557138704e-01,4.411469463833952442e-01,6.911058009699202476e-01,6.906576467496874372e-01,7.364711123370184520e-01,3.339110504993491046e-01,7.690188674531135415e-01,3.359899721785359894e-01,3.742218562305005269e-01,2.215125684325395250e-01,5.382244712708730283e-01,6.784288219866544400e-01,9.072938064377382705e-01,3.956641521194916855e-01,6.789461862268355574e-01,8.779863774019713851e-01,4.282263219702775632e-03,6.095644752088827945e-01,8.601349431189521111e-01,6.675017812367577408e-01,4.808332997837221345e-01,4.398465715042069735e-01,3.732578433068739487e-01,5.828422925888421258e-01,6.937245538125700328e-01,3.687513764099863423e-01,1.171713796790033180e-01,6.646520903840005268e-01,7.177430743665950130e-01,8.518615691880349061e-01,5.412911981798754768e-01,-1.429653689763102642e-01,7.961185678608773131e-01
8.513242780710388313e-01,6.197137953433325963e-01,9.460056390235320745e-01,4.129897869784658893e-01,6.657268086323583356e-01,7.508293142603831294e-01,-1.021908529709625313e-03,0.000000000000000000e+00,6.854903150542729362e-01,3.038415401080333256e-01,5.068521607235983994e-01,5.940411320454452859e-01,8.060019037050365487e-01,5.162126096720167645e-01,7.476202069686649354e-01,6.370308290336688106e-01,4.834445589993257575e-01,7.611600405711215211e-01,5.743300600251443067e-01,7.177560173745751726e-01,6.861188025508395683e-01,8.556449450744266771e-01,9.062129936989647971e-01,8.859091035076667175e-01,7.407264835195349617e-01,4.827656480634322511e-01,6.620961729733112477e-01,2.595403998626360509e-01,7.975594869522334429e-02,6.715090888553190140e-01,1.537207661765983557e-01,6.522252038873868063e-01,2.607631684868811917e-01,5.257442853104629110e-01,8.963440432894481669e-01,7.780088823593688252e-01,5.688085977333161569e-01,2.471472239279795258e-01,8.532924793764630200e-01,6.960971053915724349e-01,4.030311133948062396e-01,4.668255251942552975e-01,6.101087619015647112e-01,7.677265219375473126e-01,8.864973515723645336e-01,7.365619210466438638e-01,9.172250227173505133e-01,9.267238955990317884e-01,5.465221043068193563e-01,2.209095520184527484e-01,4.640677428701507345e-01,7.045934427430509128e-01,3.008127165851874896e-01,5.944954227397976076e-01,7.331649913138618135e-01,4.926351672650730595e-01,4.644406396416146943e-01,5.773802766208482318e-01,9.673852694064215552e-01,9.512622964812199600e-01,1.485028135307203678e-01,1.846156272369760543e-01,1.306905372034089241e-01,8.107387620395823946e-01,8.541300774294364739e-01,6.372102651346404079e-01,4.710905999858023829e-01,9.088330425540066537e-01,4.001511516187682416e-01,4.754114156674875136e-01,8.471270405450299634e-01,7.150370864787305436e-01,2.768773719297785152e-01,5.948074520423691780e-01,5.829478123478504248e-01,9.392432002010607794e-01,7.043812789498244964e-01,5.435894839469663786e-01,5.205399215003541080e-01,4.012411189266547051e-01,5.498525578451266549e-01,7.270557709065552654e-01,6.122916274430454386e-01,1.213981716991750642e-01,8.279086419538557173e-01
9.934570032466966127e-01,3.120618429035324493e-01,2.802213124007866818e-01,6.495904830512366779e-01,6.566177329985137812e-01,7.751298284428342900e-01,7.827470423615148221e-01,6.854903150542729362e-01,0.000000000000000000e+00,6.522588175163522850e-01,5.011432295406428317e-01,7.985093242147296433e-01,6.314467787217246109e-01,7.476704549456862914e-01,6.103758977361453120e-01,1.198435766504199196e-01,6.622663616132236086e-01,3.870782984663747595e-01,6.447501512027048465e-01,5.635186874954738467e-01,7.120482780748601526e-01,9.780386561680163293e-01,6.087996177586715296e-01,4.463090264715357525e-01,2.534520683470276037e-01,9.995664626893869809e-01,8.501590914975334368e-01,8.066408028361050642e-01,6.072860729161514426e-01,3.081145875152824318e-03,6.042944158557156387e-01,6.916685056029094891e-01,5.548747764184669418e-01,6.975828614430849006e-01,3.456708743813718954e-01,-3.501437628520465140e-01,3.724251632333853701e-01,8.508245696713707673e-01,7.812455158992921422e-01,8.758602031499287399e-01,5.414873684020076183e-01,8.134453647306968405e-01,9.719190005672676547e-01,4.166423050094035796e-01,9.725938938190387129e-01,9.992031032828756487e-01,9.638754810188215894e-01,7.529720051706204620e-01,9.797062964085428982e-01,9.508470161627683437e-01,6.840085077100634958e-01,6.837139108516466779e-01,7.567811188928367239e-01,5.803967934118606786e-01,8.530948905432236273e-01,9.740302324534230172e-01,2.133592009647521937e-01,2.657007549520227219e-01,9.221323224642081762e-01,5.878972169724223651e-01,3.309877052259341257e-01,6.919179784581012127e-01,5.462797963578777116e-01,5.689264101641314797e-01,2.613494753303049478e-01,4.420568325401801335e-01,5.726252277793923984e-01,8.945667057080951556e-01,3.448371847512454735e-02,4.519120004851278627e-01,7.415144267874980155e-01,5.331264310524308492e-01,8.633482523159672350e-01,7.035791649719023155e-01,7.871580657825034688e-01,9.601947565431695475e-01,6.406547373249381616e-01,4.854859126798177216e-01,7.296157825953529796e-01,2.140729924056543887e-01,8.322368913300587367e-01,6.574956576566344246e-01,7.520534993785218392e-01,5.631961944727148506e-01,5.807456513257435171e-01
5.637643485805352572e-01,8.297028377951963796e-01,8.286619097208591800e-01,7.882635572545048097e-01,7.123115087139394452e-01,6.734254836187283377e-01,6.889222610696775773e-01,3.038415401080333256e-01,6.522588175163522850e-01,0.000000000000000000e+00,6.761387794925604044e-01,6.187733732006073240e-01,6.743818133103811618e-01,4.136349104521964692e-01,8.370997052109138137e-01,1.067831844625377613e-01,8.742652508415906798e-01,5.982280240460130516e-01,8.386807084862478723e-01,9.905400868605007680e-01,8.839078897942387325e-01,7.943588696821147765e-01,7.755671967167643288e-01,4.948168983346691308e-01,4.458826024204122218e-01,6.108892592947287037e-01,9.819756265768766479e-01,7.784889197513171766e-01,4.005971610382078052e-01,6.533077331418786216e-01,5.488532529789332814e-01,4.590666638416509016e-01,4.518551122606583870e-01,9.495834159939118280e-01,4.979255649883023160e-01,6.070943720413286560e-01,1.238798463900592922e-01,9.064202660342624007e-01,9.895312337320949503e-01,8.551935330741846641e-01,6.170665938107428028e-01,5.665685793764052569e-01,4.680778510865091224e-01,9.027916191280304092e-01,9.336305670103710597e-01,6.687468737799624474e-01,8.191236483171195903e-01,8.189158996406528113e-01,6.115616415003204409e-01,7.670314361290332394e-01,2.049250108832190442e-01,7.779489372411244608e-01,6.153472382697779963e-01,3.374650244661855925e-01,7.815764960343319911e-01,7.888275824040162920e-01,5.762146369232357124e-01,7.554482461011403638e-01,9.448906091178130850e-01,1.680590853806326890e-01,4.227208011874048488e-01,2.760380870832312983e-01,4.821147735447964267e-01,9.744352357680864385e-01,9.153311089613855867e-01,7.302755902608405458e-01,7.335680108527465881e-01,9.536286884960272214e-01,5.875665886562686513e-01,8.646156739584722750e-01,8.089888018079369747e-01,6.580298885226572025e-01,2.149518917988896827e-01,5.964533431031003863e-01,5.427184494487788946e-01,8.843210524956591767e-01,7.656162422085404096e-01,6.403681259559632633e-01,-3.651353681224062120e-02,1.891495901561184301e-01,8.255359389396823566e-01,7.442274764108730567e-01,5.893308661939960363e-02,2.475325493644795205e-01,9.318015393063074914e-01
8.712681161476669711e-01,9.481374753897481300e-01,6.822939844184569003e-01,9.255457777296002275e-01,4.984358955227757848e-01,6.309228594555287284e-01,3.962896703056365544e-01,5.068521607235983994e-01,5.011432295406428317e-01,6.761387794925604044e-01,0.000000000000000000e+00,6.388166073519979671e-01,7.136602014400992289e-01,5.303078996948218382e-01,8.255931981873960712e-01,9.137256457917188879e-01,9.508637599835231269e-01,6.814548243092479751e-01,4.959479245123146196e-01,9.066836458249760700e-01,5.860917008855093258e-01,2.021779816850192701e-01,6.952947836112183255e-01,7.987619598280103483e-01,7.867891323090675515e-01,7.782982812588540300e-01,9.672632305390398422e-01,7.649844185934114860e-01,9.827799131950860634e-01,7.199556272907613463e-01,1.013599805898190570e-01,7.473675952592814253e-01,8.200915226798174418e-01,7.116392956526489399e-01,3.127560360657863914e-01,7.848347793869197009e-01,7.036060507254863206e-01,4.870873616590554733e-01,6.048410986700714087e-01,5.934387857194280969e-01,2.649779868584571929e-01,7.583644512808191962e-01,6.444570749601697957e-01,2.617598357649065233e-01,2.868422897221576395e-01,9.921902918024033680e-01,7.996291514179074689e-01,4.205000495012959361e-01,9.213353323265704997e-01,6.497461249022529195e-01,9.189524751316819895e-01,8.432327460582403900e-01,6.196058386831951870e-01,6.522324790920517312e-01,7.977212067969237097e-01,7.600013698002693330e-01,7.282566080429115907e-01,5.970822652832427080e-01,5.200355404385742508e-01,6.338657100998916771e-01,4.450639587560492605e-01,4.478764898453281296e-01,9.358941813840220281e-01,9.448950089691805498e-01,9.029985310542189003e-01,3.495195910457064015e-01,6.692828607103474825e-01,8.035027201526236951e-01,6.982286812941851384e-01,4.824903004878849933e-01,7.368638850564295240e-01,2.846861251030785578e-01,4.883825883790755551e-01,4.226223472120368974e-01,8.172246879436446676e-01,5.605772238975673671e-01,4.469666136282791635e-01,8.623471802523930974e-01,3.378188438131415339e-01,2.173912367433630533e-01,7.585710608960114509e-01,9.992884949480413947e-01,7.113449050731566192e-01,2.242505799513880294e-01,4.789951993320786805e-01
6.683795581038354250e-01,6.591099036199865591e-01,8.539731948996293065e-01,3.644594272851391370e-01,6.406854247590503260e-01,9.242099853992788994e-01,6.968460823811177818e-01,5.940411320454452859e-01,7.985093242147296433e-01,6.187733732006073240e-01,6.388166073519979671e-01,0.000000000000000000e+00,8.932249371057996434e-01,7.258748579822246194e-01,8.737851491450098207e-01,7.754323291667861717e-01,7.520963398976527881e-01,9.301416012166517922e-01,6.439306427846108738e-01,6.589327869228838175e-01,6.874424448173725999e-01,6.721721016020603123e-01,4.195328973869988376e-01,5.660393979538491660e-01,5.822807189499010772e-01,7.727887222930547306e-01,9.996184566160724039e-01,5.250240192259363337e-01,4.476282381066647442e-01,2.935244765763583841e-01,5.671000251551693294e-01,6.685324390447623388e-01,6.909392848119545461e-01,7.098178528405367782e-01,8.414267821235763556e-01,6.714180756672963879e-01,5.448140059746231501e-01,2.014989983020666897e-01,3.871965032573225773e-01,9.563811292122598173e-01,8.181856562346692119e-01,8.990229657232098326e-01,4.675663505512827611e-01,7.775038049074856072e-01,6.230470930496201376e-01,6.623593153627255203e-01,7.183897138251507108e-01,7.104649634403176206e-01,3.867552056222340884e-01,8.810382054415120123e-01,7.309572083104582951e-01,6.243325093375015067e-01,7.131428285600025507e-01,5.853227125086216676e-01,8.976111585905738322e-01,9.811434544577454231e-01,6.970426690244714285e-01,5.318531769757099958e-01,4.291791446562348566e-01,3.672936984772588453e-01,2.946844229465747644e-01,6.186956368666433059e-01,7.856758069332802075e-01,8.528160232565427101e-01,8.777322968100267353e-01,7.278165574735003807e-01,7.674612968153313730e-01,3.241306220675229666e-01,5.933368832839756024e-01,6.630602776312310986e-01,8.383910918128594236e-01,4.620828489393399297e-01,3.617151457569129924e-01,2.028404004911347758e-01,2.039370460849839750e-01,4.422808318704701813e-01,9.847012702700244091e-01,8.967790688253778342e-01,2.603735292860280826e-01,3.537508992630492011e-01,7.094976191139645838e-01,8.228040233465035991e-01,7.419483048524720958e-01,6.213892147195330118e-01,8.890922505872873582e-01
3.265442758849469440e-01,9.550279345211621917e-01,7.813304357148651569e-01,9.837606008039955219e-01,8.981853045974602656e-01,6.465986695875881596e-01,3.973215298294168613e-02,8.060019037050365487e-01,6.314467787217246109e-01,6.743818133103811618e-01,7.136602014400992289e-01,8.932249371057996434e-01,0.000000000000000000e+00,1.208668835385460077e-01,7.899231400450571483e-01,6.144159242718153502e-01,5.614528029951136867e-01,4.616948825272350065e-01,6.044801349070683116e-01,9.683036131369224808e-01,6.324238818471676904e-01,8.477464195174948536e-01,7.072232642639137978e-01,6.274836836410635499e-01,5.634757368280841616e-01,5.737056037293635224e-01,5.150831380427273176e-01,5.756654638264816493e-01,9.171751912249853644e-01,6.152739405778350212e-01,4.023708796429698031e-01,6.300581900122260715e-01,6.444948683503168851e-01,6.647619473772919951e-01,7.198303202150491131e-01,4.041610812646314055e-01,7.195028916026635635e-03,8.710791450391756063e-01,9.597843482445121976e-01,7.426332774838443340e-01,5.631371775025934001e-01,7.762990570853076644e-01,8.420440895145941962e-01,8.903695417491586106e-01,7.016892223514585858e-01,3.669087464875788740e-01,7.727916412535538182e-01,7.321233206949429029e-01,8.255694064993982506e-01,8.943694848073000525e-01,9.280729561473590739e-01,3.627439721382602622e-01,6.599102940668499784e-01,6.204865519065804191e-01,9.054130061922249784e-01,8.288367922375732277e-01,7.491363571870723881e-01,6.088214094719389680e-01,6.262279362666146598e-01,6.237477070289916270e-01,4.623264649684896699e-01,7.531198578238978980e-01,9.763573033315693372e-01,6.428990515641741510e-01,9.905194439066550283e-01,8.158486591628996143e-01,5.052736341809800358e-01,8.113976730449772301e-01,7.567201172195138215e-01,8.482917613676673740e-01,7.914192052089948914e-01,9.021313753423298998e-01,2.418180580017530168e-01,4.802149735293138599e-01,4.808948042427190206e-01,3.827493918087804814e-01,4.257975790500381774e-01,7.885360138310695266e-01,6.377742442854374971e-01,5.059491043898796114e-01,9.688955533629040051e-01,8.417685035995039478e-01,8.373547274126671436e-01,6.188477346790299816e-01,6.381505472104640475e-01
8.684313332732171986e-01,6.630864352692148467e-01,6.465382613030382641e-01,7.471184140005666663e-01,6.005384975883285570e-01,8.039958088766123723e-01,7.249856989601757284e-01,5.162126096720167645e-01,7.476704549456862914e-01,4.136349104521964692e-01,5.303078996948218382e-01,7.258748579822246194e-01,1.208668835385460077e-01,0.000000000000000000e+00,4.423359758076504944e-01,8.192207306714996973e-01,9.008766226902797936e-01,5.362064281948369926e-01,1.308952267770435718e-01,5.862638773180390839e-01,9.957211279154394301e-01,6.308296988483045320e-01,8.098831839666398302e-01,8.625968571882689506e-01,9.432732558530478872e-01,5.929162136350294432e-01,7.719959865466461402e-01,4.505635820409455983e-01,6.372547658701290807e-01,5.368380802125066048e-02,-2.586350682209026530e-03,3.025148706084158645e-01,7.708909088952369260e-01,6.854543754609312423e-01,3.728953859323004827e-01,2.811238489099294746e-01,3.138977607950157456e-01,4.286456939681246303e-01,8.390784873489691709e-01,4.196993391578548449e-01,4.020366858545387778e-01,8.640089492759220891e-01,9.426796886697006439e-01,8.502710933697786855e-01,9.211288637253401967e-01,9.875556952998172378e-01,5.269846292324690262e-01,2.403993159506874755e-01,7.094887527649750281e-01,9.754302547680260282e-01,9.801582466181995024e-01,8.753170430331397300e-01,1.138198441944255485e-01,7.073598806529736160e-01,6.394907727855476676e-01,8.093408282823520983e-01,5.768704051423484414e-01,6.238204070097350673e-01,8.487098048505250514e-01,7.951954853861944450e-01,4.847814929494249636e-01,5.200783142283411653e-01,7.165001948968117151e-01,9.105780355854444785e-01,6.888891515330994864e-01,9.202080458511555650e-01,5.767817737144007584e-01,5.773313537040829502e-01,7.892490040150604291e-02,5.869155688273673954e-01,7.779744240072499206e-01,7.604749403958005471e-01,4.557510464680882278e-01,6.433760957576687423e-01,6.028106808480450107e-01,7.404455749267557785e-01,5.636484134922002953e-01,2.603890102681816199e-01,6.866411387386859300e-01,4.604085070387894940e-01,8.740673466252583124e-01,5.065800159098178268e-01,7.793900839375030865e-01,4.968443643684550270e-02,9.749223848829021710e-01
8.917792083966719074e-01,6.165242409075774033e-01,9.774519919026176673e-01,7.414309417231659260e-01,8.837338701157732013e-01,7.983914841412168562e-01,5.534364978391338452e-01,7.476202069686649354e-01,6.103758977361453120e-01,8.370997052109138137e-01,8.255931981873960712e-01,8.737851491450098207e-01,7.899231400450571483e-01,4.423359758076504944e-01,0.000000000000000000e+00,7.064635427487591102e-01,8.988757078010104484e-01,7.516390147543499101e-01,8.011764144265410836e-01,6.304219123233320010e-01,9.193426302782143900e-01,8.382350115937559076e-01,9.673346717047670573e-01,2.899306841940780255e-01,7.253398867567533159e-01,7.739623404411262175e-01,6.807327821613777807e-01,7.247151333254436834e-01,2.304492894520365209e-01,5.062064612392398466e-01,3.676949087404893790e-01,7.790416407074719496e-01,1.252548150251415471e-01,9.235632023661293211e-01,8.999757964411916333e-01,8.519370912015529207e-01,2.195214692891614416e-01,4.203232309391845556e-01,4.789426965242970513e-01,9.446438251366113814e-01,3.272309426586302306e-01,6.114477315286613868e-01,8.514200909835191178e-01,7.396294958315933199e-01,8.029208539370814579e-01,9.259724834901639223e-01,9.227600070227620632e-01,6.047618736637407899e-01,6.946759738485531743e-01,7.907577381733037480e-01,9.763892856547634613e-01,8.839690138632492200e-01,8.643775874435427609e-01,6.500620080441548154e-01,2.373571677480277031e-01,9.400959919041633750e-01,5.159889612756820565e-01,4.858320691737781361e-01,9.849709199799995263e-01,6.624009650833747598e-01,1.048930165585700430e-01,8.074906018513254846e-01,4.532105567046429972e-01,4.968080818671541943e-01,9.476177485011993973e-01,7.221272390822368603e-01,7.234670519638164432e-01,4.191634839963286896e-01,6.418557556131522235e-01,4.556325004043422777e-01,9.862059064330064295e-01,5.008089215490360013e-01,2.209043718677241586e-01,6.619387267403296082e-01,6.526379683245315810e-01,4.522447383381995589e-01,6.890277535684125043e-01,9.816462924544202551e-01,2.973203139090383473e-01,2.180766230973935627e-01,6.445689859839869029e-02,6.783304001535498395e-01,9.025364379550100402e-01,7.406355333280406628e-01,5.050976957857871152e-01
2.846506093145719229e-01,7.017192167066438335e-01,5.123023550122088876e-01,6.243825791870698527e-01,4.122571214558351516e-01,9.067874056277465122e-01,8.091017175945621753e-01,6.370308290336688106e-01,1.198435766504199196e-01,1.067831844625377613e-01,9.137256457917188879e-01,7.754323291667861717e-01,6.144159242718153502e-01,8.192207306714996973e-01,7.064635427487591102e-01,0.000000000000000000e+00,7.930787413975376454e-02,9.757056135550169484e-01,9.841436730056436488e-01,4.217919637807858724e-01,9.190938044568848220e-01,3.674769504973319778e-01,3.804448750252228395e-01,9.127476475255774657e-01,9.888799611674747858e-01,1.553960502934546017e-01,7.894177991510115122e-01,7.988665073891648705e-01,5.073764169926204826e-01,2.538598099683226361e-01,5.405585278048226083e-01,9.014603782080478078e-01,2.970288922243549679e-01,8.905227196086510366e-01,9.938418348400099855e-01,1.910151344102017923e-01,2.811114364077479388e-01,5.690029400850965535e-01,9.976678307459190265e-01,6.420015319608696203e-01,2.226269080540982104e-01,2.894794490329088976e-01,9.460582016087049073e-01,8.110815177076798888e-01,6.971242165929352197e-01,8.084262651991642734e-01,7.053374571811114047e-01,5.549885185435812218e-01,4.632285018505792884e-01,6.371359598468988583e-01,8.209367436481543878e-01,8.538083286536441996e-01,6.826209246953199861e-01,4.399354838184273420e-01,4.483612902993483473e-01,8.432639683174594225e-01,8.233819162982550788e-01,4.594017234167318553e-01,3.677757933427481807e-01,7.526099302354917198e-01,-7.669203457589424122e-03,6.169253137246694108e-01,5.769612392746582552e-01,8.441883370066007863e-01,8.381033159825134193e-01,6.402430118608309906e-01,2.561259751338803570e-01,6.975439483721613820e-01,1.311978257485512944e-01,6.479926117562833099e-01,8.346182345641612876e-01,5.492949065104060224e-01,4.978526257944970168e-01,5.790594173328692529e-01,1.083534393039439214e-01,2.286695001145084283e-01,6.883494591316355882e-01,1.908296220679421840e-01,6.070938814030322206e-01,4.290766916405174825e-01,8.426357525031644702e-01,6.909079765539524187e-01,9.331409571330987474e-01,6.701760103892593357e-01,4.771686235910075347e-01
9.441829097060291387e-01,6.420465225464915271e-01,7.983641928518723230e-01,9.234282434488606528e-01,5.750169902529805865e-01,9.111820029024786383e-01,6.398341421737013812e-01,4.834445589993257575e-01,6.622663616132236086e-01,8.742652508415906798e-01,9.508637599835231269e-01,7.520963398976527881e-01,5.614528029951136867e-01,9.008766226902797936e-01,8.988757078010104484e-01,7.930787413975376454e-02,0.000000000000000000e+00,4.799944214860066283e-01,6.607076712072761093e-02,9.115769274241874998e-01,8.591556277024647859e-01,9.264565366069599239e-01,7.877213292770688380e-01,9.397618954195470220e-01,6.954050331394624473e-01,4.679750555338048068e-01,7.543426720806460928e-01,5.929218924834624982e-01,4.525687311000499147e-01,4.791485780629983759e-01,2.086288236488309800e-01,8.566835904779872557e-01,9.248718107449265258e-01,8.857058292527784094e-01,8.691047329343473127e-01,6.786976447280531621e-01,8.539123426041711484e-01,7.532047931305769772e-01,6.349887127872813064e-01,9.735220361230950692e-01,9.883116001737619616e-01,6.750041909900816872e-01,7.929318922517910595e-01,7.980485071751690640e-01,8.831823088860795146e-01,7.568489807640301770e-01,6.127931657228324891e-01,8.067075075415748309e-01,8.879441477977779718e-01,8.363986016966069581e-01,7.998358302666402908e-01,9.520374415169023941e-01,7.352436489652808271e-01,7.381065830114041937e-01,8.595756664199216690e-01,7.762484904215574133e-01,8.464880958536746824e-01,7.990295049442674991e-01,9.719378054602743067e-01,5.065962892719256816e-01,5.191783517383413704e-01,8.545852189568330370e-01,7.790156863465702575e-01,6.447839828165825571e-01,7.060094451496820023e-01,9.150999484773839621e-01,6.200049267746470250e-01,9.176577788633317745e-01,6.588527634029370805e-01,7.897897303471413943e-01,4.170588515470226021e-01,9.659158829414904446e-01,7.452502567837403502e-01,5.339228172502006320e-01,7.964150306895021458e-01,8.648322845886893262e-01,7.711216665226626743e-01,9.284316128429702664e-01,2.752398146453201022e-01,4.034845283546415473e-01,9.602606315366621903e-01,7.890632361743700196e-01,7.094821447722455821e-01,5.575623913253904274e-01,6.693776346784719999e-01
5.006585024559641051e-01,6.224637282155131013e-01,3.013197532746400564e-01,3.905078556162104864e-01,6.466679122658522960e-01,7.031002288896947006e-01,6.648330565853446394e-01,7.611600405711215211e-01,3.870782984663747595e-01,5.982280240460130516e-01,6.814548243092479751e-01,9.301416012166517922e-01,4.616948825272350065e-01,5.362064281948369926e-01,7.516390147543499101e-01,9.757056135550169484e-01,4.799944214860066283e-01,0.000000000000000000e+00,6.249750764293922067e-01,9.335921115887461097e-01,8.341074261667332790e-01,5.977242258565735877e-01,9.899878933435524164e-01,7.770265776566223082e-01,7.408726173340762777e-01,7.171220954599443198e-01,7.050582570425703022e-01,2.594831159055815406e-01,-1.618958868513988292e-01,3.474441679374831171e-01,6.087902127818980436e-01,6.824636671011682365e-01,6.062052701331466231e-01,8.844573372299606717e-01,9.635790467066581710e-01,3.738944545820717114e-01,4.633485374605930684e-01,4.423304647587723570e-01,4.762943708012610800e-01,9.304211337567422913e-01,4.061746154261866026e-01,2.766192985566471446e-02,6.235981638979948283e-01,5.486422668627488619e-01,8.996233568263489744e-01,6.689516706405098656e-01,7.611957363208117222e-01,7.001625080910213184e-01,2.826118149818098169e-01,9.477282714803938468e-01,7.078709902484170424e-01,4.753905812112243501e-01,2.232239314138973196e-01,5.523844350474198528e-01,6.013357734045948755e-01,8.522402628184205797e-01,2.727557186278947166e-01,9.987761796654328617e-01,7.488197767207971367e-01,2.124588595825428194e-01,6.537735093740030257e-01,4.395377988471138586e-01,9.599196597507970719e-01,8.695297154031800257e-01,6.237584175956075727e-01,4.291723711194201929e-01,7.558906846526405321e-01,6.644116928667188615e-01,5.876260309964420614e-01,9.727593265153894331e-01,9.058799827229218060e-01,7.873722868905195238e-01,6.133493428763386879e-01,4.096272205811803402e-01,6.868751076325719795e-01,9.684740696630859125e-01,9.662891970486504611e-01,5.534870942140289740e-01,6.687379477548123230e-01,5.706342912262375444e-01,3.389485101873462858e-01,6.197905044171005962e-01,8.669518889307189502e-01,5.614471376035373718e-01,7.035932290845914316e-01
