0.000000000000000000e+00,7.419619354788412613e-01,9.918557913314007823e-01,9.044293780209241573e-01,9.767308377363694838e-01,7.895414075939748422e-01,8.349873195399951653e-01,8.491020363732275644e-01,7.282019246869902984e-01,4.729419397082110232e-01,6.895056470786524727e-01,9.805935296192245243e-01,4.903455147213341414e-01,8.371989716135459503e-01,4.658314357989540300e-01,5.102876552482715766e-01,9.472360171428241271e-01,8.553637751624141305e-01,9.832525990369904711e-01,7.583666549188845529e-01,9.630055221354549833e-01,5.311063893829971461e-01,8.892211873272735101e-01,6.149127824269234877e-01,8.019648341486776966e-01,6.714896932358858095e-01,8.483466116172240223e-01,6.626086220656033365e-01,2.663019624296783516e-01,4.501809399054110261e-01,4.814621149780702880e-01,8.305443711222959546e-01,9.611849841643665959e-01,9.977666269924858611e-01,6.108333303378539192e-01,5.687182671410150325e-01,2.537984659092986650e-01,8.566208719236424463e-01,3.189444123549379784e-01,9.740539655626221371e-01,7.308455009461175544e-01,9.480125957584080165e-01,5.289913953319937967e-01,8.833757121595601225e-01,8.643637319848402889e-01,5.757497620621625511e-01,5.238135871689150180e-01,7.359394613245257011e-01,6.179263498137099742e-01,8.324550690020409149e-01,5.526915089546334814e-01,8.230047403342903856e-01,9.375066819058767154e-01,7.620712762626817849e-01,8.545087087242138058e-01,7.436961142998610441e-01,8.476064953301709615e-01,4.283495842468870718e-01,8.074639559898187935e-01,7.069862176109992236e-01,5.405524762909246217e-01,3.393657581954962477e-01,8.474523048049836804e-01,2.875764022179041479e-01,5.980197155519899610e-01,9.398648147063263236e-01,6.588474435993099121e-01,7.845230988496069147e-01,8.763072599546746222e-01,8.759886303628754423e-01,8.202517553348618318e-01,8.585370027361040046e-01,1.646766644978955862e-01,7.644693623732323751e-01,8.360340525227686337e-01,3.229266081845629799e-01,4.854861527505970331e-01,2.898649072663425641e-01,8.916309641073890679e-01,-2.356665779748597644e-01,5.256476057800654189e-01,2.971512744748100454e-01,8.385004531310557008e-01,6.269795903540241466e-02,5.089547345257446898e-01
7.419619354788412613e-01,0.000000000000000000e+00,8.054116348130571090e-01,7.576261153764438649e-01,7.020872435211844564e-01,8.632906856077271485e-01,4.697310413724143929e-01,7.102861763461559841e-01,5.404281879367738295e-01,8.679962104393715849e-01,6.621764666051881409e-01,9.600238505701746972e-01,6.851894154212118115e-01,7.854839359579094404e-01,3.605632127896383210e-01,6.713904611350358653e-01,7.551722875783803968e-01,7.493374597823355687e-01,9.468477523184047895e-01,9.149484591212229123e-01,7.441077525498814849e-01,8.765798289696811185e-01,7.228121875396035234e-01,5.275030778943348153e-01,4.398150452724615689e-01,8.599076809785798359e-01,9.982054328896765583e-01,9.579943822140841725e-01,5.486849032319589536e-01,9.793167675057352917e-02,5.404874925397826907e-02,6.379289793428873923e-01,5.677176783810756744e-01,6.608099579643973431e-01,8.902297479941745362e-01,4.766132293236010620e-01,7.782335580809233155e-01,9.738363119553434810e-01,7.142368669592851216e-01,6.442896853939921176e-01,6.286321432139585497e-01,8.003254006745585958e-01,5.722435081757552000e-01,3.158771017858924557e-01,6.941112355906509102e-01,7.539466796453041519e-01,9.494045828551702648e-01,8.941208354334753139e-01,4.192848709233607529e-01,6.518635145937073938e-01,7.369491085979779088e-01,6.680732141555594250e-01,5.526621140448739755e-01,9.200474919845053057e-01,1.996721196123800723e-01,7.536040166395979734e-01,8.407185265927381579e-01,6.342304610931307485e-01,8.766137613816455953e-01,4.174290809914811828e-01,9.258645974098105302e-01,5.989206774157653790e-01,4.734664272127058204e-01,4.806478396063391667e-01,8.328628266174608052e-01,5.592648632732266645e-01,7.644393657035456480e-01,4.206192166761774098e-01,6.665517652255831260e-01,9.062188661936556588e-01,6.950116409129017958e-01,4.273226052637570382e-01,4.353168290297065313e-01,5.417966702174852323e-01,4.051147724152599494e-01,6.354565723509140174e-01,4.993230152759325913e-01,5.772526153355864720e-01,6.578557837750571569e-01,3.460950649062400908e-01,8.979558106064832179e-01,9.476777022311342336e-01,8.457557588324137177e-01,3.042963183098704727e-01,6.112162329188185472e-01
9.918557913314007823e-01,8.054116348130571090e-01,0.000000000000000000e+00,8.127282807954995247e-01,9.444248021474402899e-01,7.142141766157804605e-01,8.506173978479218967e-01,9.867787856685165115e-01,8.498015471170823343e-01,9.152145719287414494e-01,8.407254159095639556e-01,9.513487574894619048e-01,7.988942836772424672e-01,1.009998760392404188e-01,4.946370416293679462e-01,9.476853274312860842e-01,8.138674715445177732e-01,6.214456331489826013e-01,7.946238769863309681e-01,8.891882549922917045e-01,2.772714338913886412e-01,6.082811466102573394e-01,8.358391120156962728e-01,6.919327199118808780e-01,6.449249012265084735e-01,8.061132524876686301e-01,9.868957795829635948e-01,8.296975499914946983e-01,7.324115200013688876e-01,9.678156758900344769e-01,7.292843672112991893e-02,8.546543024539814404e-01,8.741893818235088043e-01,8.556776000948373984e-01,5.647912542795310298e-01,1.657711287314570514e-01,4.005423115275658086e-01,8.831647347422676431e-01,6.975351784288578161e-01,3.182386447646426419e-01,3.566177536361604394e-01,2.240843375228638024e-01,7.123864947950445670e-01,6.534472245183462480e-01,9.314132797418652743e-01,5.042758403685250190e-01,9.521755742213895424e-01,6.185684506370443536e-01,6.471441707170157986e-01,8.652014071796448880e-01,1.710129136604721933e-01,8.148485137183227867e-01,6.135099409007729321e-01,9.368618137003660307e-01,4.118396761709339216e-01,9.484325190815102724e-01,8.452251259640141123e-01,8.400497452114059627e-01,9.284195503110603820e-01,7.017975379571987915e-01,6.969340099873191363e-01,9.536026248907347735e-01,8.541201006244382166e-01,6.353118095103349461e-01,4.264159083415561824e-01,9.996597906407629353e-01,9.068037632390686387e-01,6.802108071221694141e-01,7.514048367240737658e-01,9.323221018014908879e-01,9.216975398025331057e-01,9.188030572032803711e-01,4.828346187641281428e-01,2.639724154470394213e-01,4.255836519475206248e-01,9.586262104062576173e-01,6.693044265127703341e-01,6.407249142100391870e-01,7.497267389384200120e-01,1.027750755644834951e-01,9.881280696431494759e-01,4.865312945866497318e-01,6.877364422002525401e-01,8.027927231238453087e-01,6.536635873176367406e-01
9.044293780209241573e-01,7.576261153764438649e-01,8.127282807954995247e-01,0.000000000000000000e+00,8.568122717777763020e-01,7.308741371582583302e-01,6.597645751616807441e-01,9.945946322984635657e-01,8.355651239425627708e-01,6.313574203560984310e-01,8.296520213686698897e-01,6.249532421388496184e-01,6.922510135866480896e-01,6.956759127702411005e-01,9.440232939156661951e-01,9.520739567750112764e-01,5.601756221835303418e-01,9.717896295983865507e-01,6.100327269876097969e-01,5.403666641173116014e-01,9.041003977597740215e-01,8.385471429200934690e-01,9.285849697526766811e-01,4.440844497528660395e-01,6.742413807217336741e-01,9.748004778058128039e-01,7.935033888396042512e-01,8.917647295128725560e-01,5.913737734873780738e-01,1.922728376131364880e-01,4.575555346691985159e-01,1.808590906410599830e-01,6.345161010994115891e-01,6.355335020160692849e-01,6.422757972825136052e-01,-2.530316120075304376e-02,6.570844918329152851e-01,3.111313369660144712e-01,7.257516720093992735e-01,6.773427586522132726e-01,6.269985197941313482e-01,1.049884572327383359e-01,8.229600746828565905e-01,8.735563845620850643e-01,9.030502398528215124e-01,7.606116693695762487e-01,8.759208330009864429e-01,8.328938523021059970e-01,4.922225186219445492e-01,3.849974134202165388e-01,9.974420658410605434e-01,1.947734313284023300e-01,6.641345974857810752e-01,9.880301847664938464e-01,7.518623851386078139e-01,6.341106310846922334e-01,9.801063387234134616e-01,8.746104137525858579e-01,9.579925910506180697e-01,5.956728048522520469e-01,7.978461093201700827e-01,7.733347641304284537e-01,8.826356915411811555e-01,6.544651356299727718e-01,7.937516510382920387e-01,8.820031745334818707e-01,8.068864969191531511e-01,7.500767581944981499e-01,3.404277291210964229e-01,4.446430350288778643e-01,4.972986711251811132e-01,9.915703080347825216e-01,6.185885778572898230e-01,4.506406019632471227e-01,4.658165719835266061e-01,4.701456962975151255e-01,6.374341995782500936e-01,3.321056856666017021e-01,3.477979161531519463e-03,3.906020104313551178e-01,3.213150934850910190e-01,7.491887237913060771e-01,8.701658136447014691e-01,6.717859666347740788e-01,8.094181416084771374e-01
9.767308377363694838e-01,7.020872435211844564e-01,9.444248021474402899e-01,8.568122717777763020e-01,0.000000000000000000e+00,6.184420243237371828e-01,6.481176950770431988e-01,7.734937694810665176e-01,6.057159724134152379e-01,7.581492208798329413e-01,9.506312137024496289e-01,5.296033185381431307e-01,7.874207539574216153e-01,7.260572285210677990e-01,4.787342132314562626e-01,5.890763421147753309e-01,6.906440215607400068e-01,4.515634616829036774e-01,9.908686403302476853e-01,2.269969300770039999e-01,4.942521776695965041e-01,4.859016036962963137e-01,6.974466932981936429e-01,6.956441252214923265e-01,3.445732792839478753e-01,6.927431702204553954e-01,8.006551601754898773e-01,9.812136742405153100e-01,-1.115265919754143131e-01,3.650155206870487890e-01,9.382629646629291054e-02,5.734815639605782556e-01,6.650042038244614595e-01,7.604582257049530281e-01,5.289121484827494779e-01,5.711475370705094701e-01,1.400083127763087354e-01,3.478230823574666175e-01,6.165885383875556736e-01,7.084470030620384495e-01,2.567943813961281463e-01,1.614754025983221597e-01,3.504901159780693387e-01,2.836541307986226723e-01,6.376589189040020589e-01,6.305011387769943187e-01,7.156532038396332673e-01,6.743537386925302357e-01,7.504161840848954101e-01,6.660256792089550570e-01,5.301103522685677305e-01,8.125254436699633764e-01,8.801164325527778276e-01,7.115079831752695316e-01,9.952410244783531645e-01,8.862939393181168413e-01,7.409403114142756319e-01,8.605456705643195203e-01,6.192259793975160020e-01,5.220166288774412688e-01,9.537415060359571983e-02,9.046379740931029811e-01,6.771459604719995973e-01,9.010233282648716369e-01,9.311565580539671316e-01,5.643620259045172283e-01,8.590248994448581588e-01,5.410114571769770730e-01,6.425982088250441482e-01,6.110156110569220367e-01,7.874927092817135543e-01,5.740220092725363266e-01,7.644091502586701781e-01,5.699155436782178397e-01,9.031257207744537441e-01,6.341139862636745450e-01,7.268503430576876978e-01,6.309296597226062842e-01,6.424658957552523697e-01,2.684347132733839736e-01,7.640488276306266480e-01,6.101323743673194855e-01,9.207841608520094256e-01,-1.660228059347389762e-01,8.661522306530757831e-01
7.895414075939748422e-01,8.632906856077271485e-01,7.142141766157804605e-01,7.308741371582583302e-01,6.184420243237371828e-01,0.000000000000000000e+00,2.851919526363223545e-01,8.876507010491645477e-01,9.974359661465794780e-01,3.525866889675544069e-01,9.019170131705687155e-01,7.770981187703493998e-01,9.942984716745584262e-01,7.893613443682407915e-01,4.716201884450393900e-01,6.080728014449222618e-01,9.086143242579931556e-01,6.188956691908563679e-01,8.957724216848317322e-01,9.824138108139071068e-01,8.541714933150997835e-01,9.925469087189069395e-01,7.491685533967619159e-01,7.658280334761597974e-01,5.370000909552251622e-01,7.697736787350130117e-01,9.736883231034598740e-01,8.494313145873543247e-01,4.641184091203920947e-01,4.903780744384992341e-01,4.342056529212677263e-01,5.462857455633352011e-01,4.770387658486066607e-02,9.334216705758683341e-01,9.452828286392109813e-01,3.983624584844422944e-01,-3.774463554127427400e-02,5.272290257787892731e-01,6.390039660673741961e-01,8.867496945696974331e-01,5.788071745153979819e-01,9.384501738353763223e-01,6.714488497488834140e-01,6.014752515248887876e-01,3.816306460476273088e-01,6.837613503886401656e-01,9.385963881374660422e-01,8.340807265046120689e-01,6.942125420242416522e-01,6.197737356393097086e-01,6.480407165371510070e-01,6.534598500290369483e-01,8.128979805292716465e-01,7.981450879534538467e-01,6.558575261736181439e-01,9.668695341900944706e-01,7.375449606906681055e-01,9.062847246881294838e-01,7.288672873727241042e-01,2.271742960371714581e-01,7.255789525630201853e-01,2.965378352992278366e-01,9.394858403893902032e-01,9.326385385040463216e-01,7.350493368879326139e-01,4.098508135549435716e-01,6.314777481837837714e-01,8.896144698334308432e-01,5.814923268575817872e-01,1.391997947382792034e-01,8.347149650718228564e-01,9.169543124648895649e-01,3.008177324053209478e-01,2.593424917804647567e-01,5.356602985484946178e-01,5.862577226698331145e-01,2.095252433954887250e-01,5.390920020254660328e-01,7.710640604357736905e-01,4.378251855201721332e-01,5.094002426876433898e-01,6.915605056078334423e-01,6.910142574874843513e-01,3.538795346041001544e-01,7.687900906388909217e-01
8.349873195399951653e-01,4.697310413724143929e-01,8.506173978479218967e-01,6.597645751616807441e-01,6.481176950770431988e-01,2.851919526363223545e-01,0.000000000000000000e+00,3.185059620585778961e-01,4.493095430779889266e-01,5.026444295307621601e-01,6.955451078704738554e-01,6.657964621465353172e-01,4.544260260952784347e-01,7.367166834200129522e-01,4.816743595907785336e-01,7.386886344853380582e-01,5.660188755767692204e-02,2.649198600460342945e-01,3.135723987582685890e-01,7.989354325579813842e-01,3.283590550916467565e-01,5.146007941312239486e-01,2.441492089206674376e-01,7.990487058531567932e-01,9.067348097085482506e-01,4.414936784737629183e-01,3.851720545870811474e-01,8.254381719173032872e-01,5.819550082353694975e-01,6.335010358207426862e-01,7.935795559698621826e-01,6.128469360978078262e-01,7.355448786915917969e-01,6.131450084730472039e-01,3.846754756338442438e-01,4.926018963884308821e-01,7.693496082496289468e-01,2.721249562509037156e-01,5.981256559773080461e-01,5.677138825751887330e-01,4.329267320559535004e-01,7.895950042958399528e-01,9.164498591695505736e-01,6.526602237458216660e-01,4.604262332842835592e-01,6.898331671031134871e-01,6.105028666635602397e-01,2.564197532647251587e-01,4.398037316817012266e-01,2.039168411411254600e-01,2.433592356419114408e-02,5.144661689897478407e-01,4.960259491841550461e-01,8.348683132096736959e-01,2.812996817495769797e-01,5.005200450985539673e-01,9.463939011606277152e-01,8.927561667616252805e-01,8.788991758987417802e-01,4.178431515278232533e-01,7.319693041124510913e-01,1.978323635151084392e-01,2.524449575536199530e-01,9.603003176143272146e-01,9.992260883207074729e-01,7.429769485687769404e-01,6.244221252743569206e-01,2.346444185734494758e-01,6.201817594626286567e-01,6.690313586592396833e-01,6.203360406384483827e-01,4.654007104837726283e-01,6.102087840330538970e-01,4.509302114528899175e-01,6.791065367056294821e-01,5.349113270233456507e-01,5.572809032336570878e-01,4.692710106180232321e-01,-4.361339687920481878e-02,7.630729326994389883e-01,5.678006038272641609e-01,8.691403764743177440e-01,4.856403895265797299e-01,5.470409326343661505e-01,4.376562265307247790e-01
8.491020363732275644e-01,7.102861763461559841e-01,9.867787856685165115e-01,9.945946322984635657e-01,7.734937694810665176e-01,8.876507010491645477e-01,3.185059620585778961e-01,0.000000000000000000e+00,3.519770746350751045e-01,3.065309430826589354e-01,6.576803563375430706e-01,5.262944921641586893e-01,4.971147335204932904e-01,4.666426554790304992e-01,4.587092623716843010e-01,-3.205896861729617964e-04,3.556737943741530295e-01,6.208220776099725446e-01,8.499357298734494526e-01,5.562264880435757730e-01,5.382179317250141981e-01,6.083600309544511253e-01,4.766986604519050097e-01,2.164865725466279256e-01,4.646967793718201345e-01,8.508838576289776690e-01,6.215953609714436334e-01,7.436250436426924404e-01,5.909669729273805405e-01,3.764189374646422781e-01,2.103116110184575505e-01,4.061677842226850688e-01,5.583805383678696055e-01,8.132271161326209974e-01,4.480712532949416294e-01,5.784734046883300840e-01,6.716634645582033603e-01,7.091167934229775094e-01,8.776940669453832111e-01,4.318358136624309007e-01,4.221533267147272173e-01,2.053425866125480892e-01,6.521349363108873698e-01,5.276159569652496550e-01,9.239616679309881064e-01,7.608089414175632781e-01,6.910486142874966431e-01,6.852549543825142697e-01,4.658204457589414926e-01,7.657179946128869208e-01,1.370142877206269316e-01,2.690421756777528484e-01,2.707839495307203803e-01,4.188313136197853170e-01,7.304324636199093224e-01,7.815219711857583906e-01,4.481449570662952020e-01,6.606699103937797579e-01,8.347962768056260696e-01,3.140540448982596100e-01,7.276232435838503321e-02,9.369084724012209930e-01,6.820305319062746063e-01,7.033334437302410924e-01,9.041530994768884888e-01,9.825406447896964934e-01,6.907623546257251057e-01,8.263656205060674331e-01,8.936439329816358024e-01,5.583441875651452557e-01,8.953351548161616602e-01,8.730792044341726399e-01,5.511125126670229912e-01,4.160016682834513091e-01,6.967741170059696953e-01,7.946824618843999488e-01,5.194045967213447579e-01,8.877332998771561012e-01,3.366013793797780762e-01,1.326785900969139620e-01,4.605589842873082373e-01,7.742473096270362509e-01,6.473976578016394923e-01,7.265536667817700245e-01,6.458209913025423354e-01
7.282019246869902984e-01,5.404281879367738295e-01,8.498015471170823343e-01,8.355651239425627708e-01,6.057159724134152379e-01,9.974359661465794780e-01,4.493095430779889266e-01,3.519770746350751045e-01,0.000000000000000000e+00,9.435457990784464899e-01,8.323796336458489931e-01,6.848278737839488262e-01,6.645017933423023049e-01,5.363034822336217866e-01,4.375869918272335957e-01,7.369343133072775442e-01,9.307361650001655384e-01,8.792793765019975005e-01,4.309265398381558754e-01,7.024569056622695928e-01,7.809079258920940125e-01,6.832569677279349829e-01,6.608142871681095265e-01,8.232564005255794681e-01,4.791222784137282309e-01,8.067009358581883616e-01,7.336817144864740126e-01,2.579328423137469128e-01,-5.026955491373882867e-02,3.193558202890789399e-01,7.998371368209700183e-01,4.821087368580689314e-01,9.034042330735677639e-01,5.559286491175677858e-01,5.057195625253110283e-01,7.374045073014328100e-01,7.043339401271851985e-01,6.783161471586619529e-01,9.903475840554443882e-03,7.007076241923246851e-01,4.175786113146077727e-01,6.122906856440467616e-01,7.531756935963140887e-01,7.925058413620327258e-01,8.057095722189773213e-01,6.048775118140227169e-01,3.612617347392325096e-01,3.704595966319171318e-01,6.023443803321908430e-01,6.172119311450769974e-01,2.865125961302340540e-01,5.785512855443251112e-01,5.376227619393547652e-01,8.433862845483712789e-01,7.660509410450733192e-01,2.526585435224977250e-01,5.848583356878316319e-01,3.833533667165084369e-01,6.269173194728399068e-01,4.531757387574321672e-01,5.099526779146834610e-01,4.064430652981960712e-01,2.237970795764790133e-01,8.451010177420127389e-01,5.942785201498470560e-01,7.796088151096068897e-01,3.341540621397938171e-01,8.444994230436542182e-01,8.627269062234462771e-01,4.340030495424171408e-01,8.133594762373288489e-01,4.299055437196125928e-01,4.161550578680789925e-01,3.759985460250426792e-01,6.061245943157167471e-01,7.302298886810620893e-01,9.073567723722846257e-01,5.670440124221979294e-01,4.252762719210106956e-01,3.350656390952473362e-01,8.602505769556165749e-01,7.051250754823795708e-01,9.184200770687923621e-01,6.678322019387051833e-01,-1.835321118820440467e-01
4.729419397082110232e-01,8.679962104393715849e-01,9.152145719287414494e-01,6.313574203560984310e-01,7.581492208798329413e-01,3.525866889675544069e-01,5.026444295307621601e-01,3.065309430826589354e-01,9.435457990784464899e-01,0.000000000000000000e+00,3.818911282349058967e-01,6.708104261150252823e-01,9.215454298534937472e-01,7.888784603152390051e-01,6.158667727389208757e-01,3.881499999529132439e-02,6.857397863205384470e-01,7.320880591061880160e-01,9.697638016903382674e-01,6.051565265682474770e-01,9.189431170982569341e-01,5.006382288805083514e-01,6.043574581914029631e-01,4.998694725325080190e-01,9.046412091794585608e-01,7.549564061317577401e-01,4.868448427654080146e-01,6.430957765820314309e-01,3.549322438538040497e-02,4.710233894758377726e-01,7.885218459097358412e-01,6.808442824078774214e-01,9.548565294480865218e-01,8.395330062153059103e-01,9.877214133906668803e-01,2.702705451626823407e-01,7.536129595909907275e-02,6.929243240964476358e-02,7.367623833249432597e-01,9.635010787684078482e-01,2.167226252957056565e-01,5.164719535176470755e-01,9.063668626459133737e-01,1.092022234822603854e-01,8.071667187949298494e-01,9.310129920771030854e-01,7.397130232097334224e-01,8.147038575717611142e-01,5.844529592760744352e-01,5.513479821549760462e-02,4.610126378393935020e-01,5.093541923512795444e-01,6.847419255694576767e-01,7.389364539515076435e-01,9.232460521356387062e-01,4.162588721255269242e-01,9.047435039036915150e-01,9.049733189291169211e-01,6.937762724141234294e-01,5.908825497468184196e-01,4.524479987027414940e-01,4.040731352342349925e-01,7.707339006778135548e-01,5.144643909711639207e-01,6.063276570614695160e-01,8.250865284701381919e-01,9.086157198838946680e-01,9.081552766617649874e-01,9.750414872285577683e-01,8.509723926396445259e-01,8.311448425230244519e-01,8.389961245825089398e-01,5.681922515222507242e-01,4.077534209214588867e-01,3.215110216071421223e-01,5.157475265647778473e-01,5.650313366477439647e-01,7.580180324870936515e-01,3.286236216605264993e-01,7.006331191018737581e-01,4.907947830901908670e-01,9.012878972505414810e-01,9.843704785494180598e-01,3.111198362575580689e-01,6.097998604789053312e-01
6.895056470786524727e-01,6.621764666051881409e-01,8.407254159095639556e-01,8.296520213686698897e-01,9.506312137024496289e-01,9.019170131705687155e-01,6.955451078704738554e-01,6.576803563375430706e-01,8.323796336458489931e-01,3.818911282349058967e-01,0.000000000000000000e+00,7.181700649940979675e-01,7.508918951350239679e-01,7.810767768357200769e-01,6.560081128607864187e-01,4.315694734554730294e-01,1.639765096523179144e-01,8.758881747788593852e-01,1.499054329757459614e-01,4.476689642530642943e-01,8.408949637577201042e-01,4.339038192947067829e-01,9.528685653536878020e-01,7.321165578536048546e-01,3.515648313596997365e-01,7.119182462815750734e-01,9.308614471846043958e-01,7.306345018623408016e-01,4.289614754949919173e-01,6.850507920810972040e-01,2.008508523938967727e-02,6.840377665216315073e-01,7.611500671400612816e-01,9.498790122933905566e-01,7.055750898252799441e-01,5.064706352895557151e-01,2.024832882303221060e-01,8.049182953411523345e-01,6.273111387405232442e-01,9.521271080437904155e-01,1.179134802435743978e-02,7.269911217996104513e-01,8.790329224050443813e-01,5.799102358616103903e-01,5.065494864983324241e-01,9.432472228632839961e-01,7.671818057508232869e-01,8.951223788329837339e-01,6.278021111371771823e-02,8.504240465219052858e-01,5.521303878294733236e-01,7.173979597980603140e-01,8.462962164886267402e-01,7.930632110311213179e-01,8.377224570795474001e-01,6.290148985227314027e-01,4.141345523843917853e-01,8.945215281147904651e-01,8.469320465233833861e-01,7.880144851062482747e-01,8.759636793007470335e-01,3.994530259294720720e-01,9.160500770907601398e-01,6.763895530345780394e-01,6.285491313419421244e-01,6.047008591962131918e-01,6.929418450211968228e-01,9.804166802360089195e-01,5.945049209433836968e-01,4.385973412804804461e-01,7.286045482708234378e-01,5.677994290719399206e-01,7.913268300267886080e-01,5.967772613842248393e-03,5.174810241430592983e-01,4.672554985139900641e-01,3.494348704012343321e-01,4.990675447173693602e-01,1.419694327255703881e-01,5.305256435810298266e-01,7.658763771656528219e-01,5.557224469037166381e-01,9.937641200192873780e-01,3.911938399341724493e-01,8.260199624972962562e-01
9.805935296192245243e-01,9.600238505701746972e-01,9.513487574894619048e-01,6.249532421388496184e-01,5.296033185381431307e-01,7.770981187703493998e-01,6.657964621465353172e-01,5.262944921641586893e-01,6.848278737839488262e-01,6.708104261150252823e-01,7.181700649940979675e-01,0.000000000000000000e+00,3.628863148451679788e-01,7.085908123020892013e-01,9.471122657050636828e-01,4.144079014508373904e-01,9.479194949614693222e-01,9.556050328008087735e-01,6.134217758471155468e-01,8.266759386168271995e-01,9.288717214712395309e-01,8.137351285402796286e-01,3.124305771425530676e-01,6.729148332215203476e-01,4.134817359478513699e-01,9.365878647117281686e-01,6.847356497383261242e-01,6.249254200499901879e-01,6.043496281557896727e-02,3.624602418828324346e-01,3.555106414409779925e-01,2.136455658842912331e-01,9.349420163083903557e-01,9.041937807214590617e-01,2.947767085518116503e-01,5.884698780224646431e-01,-5.580232697547884979e-02,2.635654433355851811e-01,9.024226124019332218e-01,7.507305641722593625e-01,4.397993103636437251e-01,6.132621713182355716e-01,7.519322763200494419e-01,8.410967037148046055e-01,6.387548803261751118e-01,9.598051676784711272e-01,6.382909235266303050e-01,8.887029171008911654e-02,6.747618460155703213e-01,7.047599937020631033e-01,2.170962845354604265e-01,7.603830079651288099e-01,3.688242092363410718e-01,6.339519764337053775e-01,9.536398537479873205e-01,3.659413141417025006e-01,5.111013585357269129e-01,8.979876664172981027e-01,8.668585762908426195e-01,6.039842170231097818e-01,5.087752528106984640e-01,1.559538498929978201e-01,8.192586009807928393e-01,8.523645826032159034e-01,9.519908816465150192e-01,6.090936364678302128e-01,5.051812677508509264e-01,6.552174658961836817e-01,3.611575334078364063e-01,6.042595512797529489e-01,9.692073355040836669e-01,7.160037516575914474e-01,7.758202261385597209e-01,4.483708034435584522e-01,4.615617407936372651e-01,6.866202566619939995e-01,6.995503582986312141e-01,4.786058008941561637e-01,6.832176291196534468e-01,6.325618325107162931e-01,4.952464275421069595e-01,7.718799351357721328e-01,8.499479339021465130e-01,2.470524491845447757e-01,6.907566501203812326e-01
4.903455147213341414e-01,6.851894154212118115e-01,7.988942836772424672e-01,6.922510135866480896e-01,7.874207539574216153e-01,9.942984716745584262e-01,4.544260260952784347e-01,4.971147335204932904e-01,6.645017933423023049e-01,9.215454298534937472e-01,7.508918951350239679e-01,3.628863148451679788e-01,0.000000000000000000e+00,6.494872040757807552e-01,4.307182163005523479e-01,4.558594671276594568e-01,9.820163877320297052e-01,4.558960239854442098e-01,6.278802633980747894e-01,8.898472313398492206e-01,6.761270609112954855e-01,8.463880691595511152e-01,5.505777963833227151e-01,8.865726167942014069e-01,6.775918987965390272e-01,7.489771305185853878e-01,9.668853425631117604e-01,8.680678984899563577e-01,5.058158464353900152e-01,6.249656065141079297e-01,2.807520958238717279e-01,6.589607435410020919e-01,9.518622074898128727e-01,8.386563456787348159e-01,7.108681159984355791e-01,3.241210244210283586e-01,-3.603070425441934344e-02,5.510973065492337231e-01,7.513749705746567420e-01,8.990197366819155933e-01,7.721446265905618223e-01,2.925565051477698186e-01,6.034686111703739808e-01,5.257236189462386466e-01,6.048457537513453053e-01,6.825406285437453091e-01,7.663494728804456368e-01,6.749227616593310719e-01,5.770815449829173049e-01,9.212487986649098293e-01,7.203606585441693078e-01,9.528400528799253477e-01,7.781306584197849041e-01,8.950387635950621812e-01,6.649983757428726827e-01,8.342000577763866165e-01,8.480096346430691101e-01,4.542333099052243139e-01,6.872226820859345109e-01,5.701354423463018684e-01,3.852598326648134508e-01,7.899845695546612312e-01,9.514914290289357979e-01,9.088155505016380920e-01,7.615938503231823864e-01,6.702649245906491249e-01,6.594267225743379868e-01,7.212423367497973192e-01,6.452951762652391343e-01,9.376415560989774800e-01,8.679120850053435587e-01,7.022356659991069172e-01,5.196140568820104555e-01,2.295200421508768462e-01,3.730725795727698468e-01,7.735661427707659632e-01,9.148400763851904927e-01,9.404310739085742776e-01,5.536867205853794882e-01,5.927841473507232672e-01,4.121376164895842464e-01,9.938596688740022334e-01,7.415064865466161059e-01,7.797475951827470553e-01,8.538701684391576396e-01
8.371989716135459503e-01,7.854839359579094404e-01,1.009998760392404188e-01,6.956759127702411005e-01,7.260572285210677990e-01,7.893613443682407915e-01,7.367166834200129522e-01,4.666426554790304992e-01,5.363034822336217866e-01,7.888784603152390051e-01,7.810767768357200769e-01,7.085908123020892013e-01,6.494872040757807552e-01,0.000000000000000000e+00,7.310033363163952469e-01,4.802926764490961786e-01,9.894187147354402967e-01,4.967094700177884237e-01,4.071112076218154074e-01,9.049886082663738396e-01,6.438504377411450319e-01,3.396499327069582019e-01,9.151984429323014592e-01,7.928046393587663276e-01,7.405507769033401466e-01,9.532981502544471963e-01,7.572973102272790857e-01,9.071316108030650360e-01,6.098187615898909009e-01,4.508900942955821889e-01,2.326508897493916872e-01,7.139175513185713751e-01,5.991564193916383285e-01,4.170091298133120072e-01,9.357469081321198034e-01,6.798466147308177554e-01,3.262682019679229994e-01,9.389333883484143328e-01,9.468336475925492879e-01,4.765883983258309420e-01,5.441715068540753375e-01,7.914470576991471384e-01,9.636015079956515850e-01,7.022766052122256797e-01,2.207979963611600982e-01,8.641524369403172923e-01,5.250744084863020467e-01,9.486763243004112667e-01,7.985722286677887638e-01,6.319329718256735395e-01,2.678464604168221408e-01,8.940121426033145191e-01,9.198639048127883466e-01,9.338884436834369307e-01,7.985086825793411558e-01,7.557502691390448613e-01,6.817174081550831932e-01,7.618971743489095783e-01,2.583844456731795858e-01,5.821798640596904661e-01,4.770857536091596129e-01,3.581005597135979990e-01,9.499281123675014094e-01,8.782077924455465867e-01,4.168518997822058259e-01,5.359243822479389241e-01,7.003668820829886954e-01,6.598754204795387324e-01,7.476341820356594559e-01,7.806429238265083503e-01,8.350910420686568081e-01,7.134897378986830851e-01,8.034964589762447762e-01,5.099212512490221005e-01,5.551087894499927566e-01,6.385363276913670338e-01,5.173950132819351566e-01,9.128968856926652498e-01,2.321035938878836524e-01,1.134408917151254470e-01,5.319777154527274288e-01,9.975558000341485654e-01,6.304910156844146796e-01,4.832702494830095619e-01,8.387904200381617326e-01
4.658314357989540300e-01,3.605632127896383210e-01,4.946370416293679462e-01,9.440232939156661951e-01,4.787342132314562626e-01,4.716201884450393900e-01,4.816743595907785336e-01,4.587092623716843010e-01,4.375869918272335957e-01,6.158667727389208757e-01,6.560081128607864187e-01,9.471122657050636828e-01,4.307182163005523479e-01,7.310033363163952469e-01,0.000000000000000000e+00,6.635046180201666921e-01,4.144047435785742639e-01,4.229707245348109379e-01,7.555080034528186550e-01,5.107245223960547031e-01,9.419237730242733253e-01,6.169838456423033524e-01,5.787725998199666488e-01,3.237613729426832010e-01,2.211406955749227743e-01,6.025801948700482136e-01,4.819820544379965765e-01,6.941224226272155740e-01,4.202827184314604780e-01,5.056557433420724168e-01,2.457570186751236452e-01,9.878860373956178664e-01,9.629208829610873543e-01,2.120430281426839980e-01,9.795250135515995993e-01,8.345997801504743130e-01,4.348004008828201261e-01,5.068683667661062486e-01,8.047114231636804949e-01,6.591593833054569807e-01,9.033492955201850583e-01,8.136841827425187468e-01,6.204777435304538180e-01,4.624207476144778783e-01,8.795092874009329265e-01,9.114548874223608044e-01,5.590681284442097221e-01,4.895149375604104791e-01,8.628734350073063997e-01,7.782616387579022188e-01,6.715491157977956371e-01,4.029941384722814379e-01,4.613226556793449395e-01,4.944102668384659505e-01,8.577935171978390283e-01,-1.160540694231136233e-01,9.376335847890733266e-01,8.985526461718204017e-01,8.938003857306254796e-01,6.800254544683586033e-01,7.247061825209961672e-01,4.597407795754524518e-01,7.380496516745278512e-01,4.003634078452064093e-01,5.477230191299542472e-01,4.065223310670529333e-01,4.843100056627014371e-01,7.784951245984145229e-01,8.320610215064039306e-01,8.752116301307719670e-01,8.950792565990713934e-01,3.351325448931811168e-01,4.069488312185243206e-01,5.686489999953461272e-01,4.496374731475462627e-01,5.317221446827318232e-01,6.947835264661818000e-01,6.376282076258936726e-01,1.877742915228607368e-01,4.284064923921565016e-01,6.037465315217241946e-01,9.518474264807665897e-01,7.173130295009955137e-02,5.923409356843720719e-01,7.763696169033733607e-01
5.102876552482715766e-01,6.713904611350358653e-01,9.476853274312860842e-01,9.520739567750112764e-01,5.890763421147753309e-01,6.080728014449222618e-01,7.386886344853380582e-01,-3.205896861729617964e-04,7.369343133072775442e-01,3.881499999529132439e-02,4.315694734554730294e-01,4.144079014508373904e-01,4.558594671276594568e-01,4.802926764490961786e-01,6.635046180201666921e-01,0.000000000000000000e+00,6.065687743584549096e-01,4.386009945535126464e-01,7.552849554334765125e-01,7.434768397292356168e-01,9.408043018308995808e-01,6.247493140478058704e-01,4.963128075379332760e-01,8.630234336330686595e-01,6.478035023992944064e-01,3.032364148798050163e-01,6.374732198415915541e-01,9.971389464127813351e-01,4.248597844934124401e-01,6.833041504660833931e-01,7.687121229583795401e-01,9.939265118369648988e-01,8.860287458623369305e-01,7.139917802835804572e-01,2.315215967580693257e-01,6.139113817044745680e-01,6.157537847799621211e-01,4.608635400182015118e-01,9.536804859479635077e-01,9.889146910003843161e-01,4.438708027934748501e-01,8.852262600790425928e-01,8.823005585276582075e-01,8.326433977568042932e-01,9.673303064439124910e-01,9.668892617055372396e-01,9.081745388450045420e-01,7.219824922648356846e-01,2.799779806504897883e-01,5.826600995778006276e-01,4.940662706666413273e-01,9.381632430111038756e-01,6.762044928470813954e-01,8.791943699083144548e-01,9.199504727921936631e-01,8.216447435808645894e-01,8.124238285183101871e-01,9.304371506232942401e-01,6.753669833449210680e-01,5.847479965168022042e-01,9.660310407792369602e-01,4.158487184460394892e-01,8.402271935115855905e-01,6.867074374176763696e-01,8.753849487112310701e-01,8.996433757114307150e-01,6.487840124226171845e-01,7.093494886142630573e-01,5.248615458615724094e-01,8.406629553924956921e-01,6.027038279201786253e-01,4.700505215110296064e-01,7.180875679959815017e-01,3.484950530852009010e-01,6.943792754368953712e-01,4.447368525266356953e-01,5.434536119521272690e-01,2.395370289054520319e-01,7.916807702573269712e-01,3.412339306961501562e-01,3.213100263779903321e-01,4.566059795304358015e-01,9.178867097431455679e-01,7.934598306406945856e-01,6.397236218200977875e-01
9.472360171428241271e-01,7.551722875783803968e-01,8.138674715445177732e-01,5.601756221835303418e-01,6.906440215607400068e-01,9.086143242579931556e-01,5.660188755767692204e-02,3.556737943741530295e-01,9.307361650001655384e-01,6.857397863205384470e-01,1.639765096523179144e-01,9.479194949614693222e-01,9.820163877320297052e-01,9.894187147354402967e-01,4.144047435785742639e-01,6.065687743584549096e-01,0.000000000000000000e+00,8.558140779431495648e-01,8.846767329085387654e-01,9.536056263681971235e-01,6.481153999972537605e-01,5.360413240120632805e-01,-1.689171360475363315e-01,9.676087666023337475e-01,9.945138623826770274e-01,9.082167716874159913e-01,8.715460651547233262e-01,7.133880229686939689e-01,4.794123978892185778e-01,3.998873839402563579e-01,1.797323147901798424e-01,9.158642269102742484e-01,4.376582890049659502e-01,6.069081550306447692e-01,6.176993043671433758e-01,3.325291338047323686e-01,4.786850133776902050e-01,8.352471798304210715e-01,8.329912538260862975e-01,9.509125532823898830e-01,4.389103338625477968e-01,8.557816068798757003e-01,5.125256252484149400e-01,8.870400846765088554e-01,9.994540247107199793e-01,8.069899113511430633e-01,5.675892810594327376e-01,7.306633488380926966e-01,6.584468049960796598e-01,1.504921505061470322e-01,8.387258224401160644e-01,9.142811446858670754e-01,8.542381535395642267e-01,5.265737812569919463e-01,5.276884034703548387e-01,7.728268357467162897e-01,9.487824160389546346e-01,6.954550274666151388e-01,7.423233463779662644e-01,5.961114334057505681e-01,-9.675971423886998990e-02,8.429835280813910980e-01,6.971843824513523913e-01,8.995343758253255828e-01,7.356340951187383403e-01,7.222033826771168119e-01,7.804213865220697155e-01,9.940154687384747945e-01,6.360193345521978348e-01,9.755981405596678702e-01,9.797305936947019456e-01,5.851307505443237300e-01,4.287956919613696849e-01,1.535261129540258507e-01,9.171357155882177148e-01,8.232750544975773188e-01,6.256256066118022208e-01,7.100058085153040377e-01,1.103279766068608059e-01,2.770380434962138594e-02,5.209750384959321856e-01,8.776560968354560899e-01,9.689742407703136884e-01,3.433842845255630216e-01,5.856929435409657936e-01
8.553637751624141305e-01,7.493374597823355687e-01,6.214456331489826013e-01,9.717896295983865507e-01,4.515634616829036774e-01,6.188956691908563679e-01,2.649198600460342945e-01,6.208220776099725446e-01,8.792793765019975005e-01,7.320880591061880160e-01,8.758881747788593852e-01,9.556050328008087735e-01,4.558960239854442098e-01,4.967094700177884237e-01,4.229707245348109379e-01,4.386009945535126464e-01,8.558140779431495648e-01,0.000000000000000000e+00,6.893017022620054890e-01,4.791522403374731676e-01,8.054634476153665901e-01,9.049536882368507396e-01,9.225932972251091879e-01,5.705766139406917015e-01,5.083373507415623882e-01,6.934398788537429192e-01,8.731911185693130850e-01,9.632882090962620047e-01,7.447590934669205964e-01,7.669450847716523523e-01,4.115416397315682095e-01,5.479013869312019391e-01,6.792524017636404343e-01,8.754666236859325323e-01,6.211198751359869874e-01,7.829291310726833597e-01,6.006167172464752513e-01,9.337881871685884683e-01,8.712069439285046180e-01,7.808265561846990943e-01,1.496718473573015531e-02,3.149760043987145375e-01,8.611377301685365637e-01,9.988705808318012469e-01,2.277886807991248153e-01,9.356895472983188800e-01,7.048645206182531098e-01,9.267229467058206716e-01,7.236172011373583901e-01,7.030510474583935299e-01,6.205466167127584587e-01,6.562045581750497458e-01,8.906116332880915643e-01,5.078544974535179612e-01,4.401852485832238315e-01,8.291964038904154899e-01,5.295668090953888907e-01,6.294441948225940608e-01,8.700162611529913548e-01,3.452461017985085090e-01,7.394062155755158905e-01,6.440185068768378152e-01,6.490404498801660704e-01,9.759894109904556636e-01,6.406487039380165394e-01,4.810563078111387281e-01,9.368732741836949263e-01,7.659442831024723120e-01,9.146471215261109053e-03,7.619477203342804872e-01,2.476675557519472382e-01,8.480145020869477301e-01,7.424322187279731589e-01,7.831465828517720773e-01,7.939637746432818277e-01,9.808677388191533453e-01,4.193798110135733004e-01,9.322273969880097155e-01,4.502699461146955628e-01,5.669812005287070411e-01,3.629272010751598554e-01,6.924531238791390431e-01,7.671018539104375034e-01,7.801373977023025041e-01,7.264744171163097786e-01
