0.000000000000000000e+00,7.672130525228986198e-01,8.589796706589850617e-01,5.799370196625855955e-01,6.405615845955836551e-01,5.736773021769593361e-01,9.011975149155438958e-01,9.405052014096423330e-01,8.414404836986386638e-01,8.980787141031358889e-01,8.884482277812489892e-01,6.464008299682070247e-01,5.960964699613142681e-01,9.086760569728935533e-01,9.543071165399852340e-01,8.582998174515023004e-01,7.127521069955692345e-01,6.373667361520292118e-01,9.991454819967997558e-01,8.417957608672366199e-01,8.656623802304785897e-01,6.616733967281904771e-01,8.062256872906883309e-01,4.502938335186227325e-01,8.550140501283118866e-01,8.630223546629148812e-01,6.390620329418158496e-01,8.721808742195062969e-01,4.287135796778669961e-01,5.231488514660973532e-01,4.972383563509264470e-01,7.920362078866181044e-01,7.775897506218132360e-01,8.412538096885271433e-01,6.075095717348919511e-01,3.376265222851073666e-01,5.170628925289743050e-01,8.512846616972463698e-01,2.250398012193853270e-01,6.640124435072798370e-01,5.342433432095679002e-01,-8.966135445602589626e-02,6.157283139182072595e-01,9.528794729997959179e-01,5.397581901497341406e-01,9.634126365424061644e-01,4.212498724132128780e-01,8.832386611859989189e-01,9.447685463809027961e-01,8.176177348978721504e-01,9.651078768808128983e-01,9.736938619235796510e-01,4.715801673040925096e-02,8.963756617669442761e-01,6.298497676979528670e-01,5.125631692912627768e-01,6.887444292555023884e-01,4.567389803771801371e-01,2.681384872780857576e-01,4.179587740857670930e-01,5.784418511990596645e-02,6.062242934570802877e-01,9.546366667060544042e-01,3.725696214655087601e-01,8.037765899133356706e-01,9.873270599506258627e-01,8.450519271727273685e-01,5.190581670097286215e-01,7.114331791516912418e-01,6.234942828562675121e-01,8.295054814156322953e-01,6.908076991765100816e-01,2.752632895280769931e-01,5.599851226703946860e-01,5.414813141576881872e-01,7.235384019861128557e-01,9.867532060474897282e-01,6.048358335282163489e-01,6.873344662256839488e-01,2.121567501599798400e-01,6.607618314413771232e-01,2.099570466137472835e-01,9.910537382369331016e-01,6.505905125440826220e-01,5.516517087141313835e-01
7.672130525228986198e-01,0.000000000000000000e+00,8.088539802807223067e-01,6.156057026480549199e-01,3.254934491140616393e-01,6.417496153893644806e-01,-1.124045964879103604e-01,2.112695185492473038e-01,5.799790423206814260e-01,6.698753072958215649e-01,5.878099559872573820e-01,8.234363920953763349e-01,6.397696398061921697e-01,6.368319437121728877e-01,4.343790365143347376e-01,6.181305245158130734e-01,9.233840340881719344e-01,5.793582411265720822e-01,8.858903384551038984e-01,6.293729505708771654e-01,8.248556556493510383e-01,1.852754998106791520e-02,6.547110532527873339e-01,8.617631563799765804e-01,6.007629617103920072e-01,5.234211196667100108e-01,7.499339624840014595e-01,7.055009948658953478e-01,4.260966025822082726e-01,3.853932688349950286e-01,4.309582472175846890e-01,9.188686527328950859e-01,7.852943872248532298e-01,8.014199292440611633e-02,6.971573547593769016e-01,4.058858624054108022e-01,6.193800769792864314e-01,2.939295343399775384e-01,9.425318062710961176e-01,7.495524656369801919e-01,3.044815055270765902e-01,7.321776345667367902e-01,6.825186375055829480e-01,8.330800859957132598e-01,8.918480105701619420e-01,8.235567952966694749e-01,4.434327858718544180e-01,7.811215461528168147e-01,7.460813310613505500e-01,6.532478132543002580e-01,9.426714468885241116e-01,5.231233328231861268e-01,8.025527295670447092e-01,4.558308524225873071e-01,9.267123637411760484e-01,6.082687881126352947e-01,5.557973605594814792e-01,7.553766091781433101e-01,7.132835555348121526e-01,1.451795181227338860e-01,7.541579817019496979e-01,6.250016532990965157e-01,6.941635236138178344e-01,7.042895011358099033e-01,9.168112063815222479e-01,6.846368569771923429e-01,3.427227912426032974e-01,5.884825946533804863e-01,4.001075914975443792e-01,9.227754146754276743e-01,1.666338596023451135e-01,7.496856285180812929e-01,7.284930559217240864e-01,4.097470790722435585e-01,3.122000508550291653e-01,5.039973638459123162e-01,8.294652341990090827e-01,2.295637989239885657e-01,4.225602638488268892e-01,6.447323367054139664e-01,4.578900275523486441e-01,9.230810872495308628e-01,9.807296150045445859e-01,4.753396123493603964e-01,7.669980555898868457e-02
8.589796706589850617e-01,8.088539802807223067e-01,0.000000000000000000e+00,6.460322313390460813e-01,8.728398245946296097e-01,6.833743884013931957e-01,4.182017304940195412e-01,8.733057944386192206e-01,4.522803968608719583e-01,7.935854192152769215e-01,6.579530910403441624e-01,5.738298080469081963e-01,9.238817389654780943e-01,8.944600835151290674e-01,7.500456553320785646e-01,4.146019209719240539e-01,8.829731791584601863e-01,9.949151171088015388e-01,8.602129066337205199e-01,8.344612538873036334e-01,8.606429310922794063e-01,9.492279011786902698e-01,9.249045541852363161e-01,7.364124214112075517e-01,7.753269533159807825e-01,4.349862464235457749e-01,2.063005823376649894e-01,4.055952148238763932e-01,4.215715995811906147e-01,5.242822610863473454e-01,3.756666164954642895e-01,4.343434766663090696e-01,9.193085408297081429e-01,9.737927521796113650e-01,4.642343661337599015e-01,4.871939198087663070e-01,6.363579106237969851e-01,7.593230204745893275e-01,5.414231337117642040e-01,8.391671451501945267e-01,4.871144714696742373e-01,7.209480487739310384e-01,9.111167378932982785e-01,7.948547359141491242e-01,8.907672968769498878e-01,5.892006885396406934e-01,6.517734974463624820e-01,6.760312169279840688e-01,9.701139255254302984e-01,8.129221550691805298e-01,4.468899230262639022e-01,4.406023588500103672e-01,9.628540085279224670e-01,7.713053481677787371e-01,6.354302224708221480e-01,4.076101340766615788e-01,6.121449228796412845e-01,8.331133206768356336e-01,6.584135253280718469e-01,7.167364127542074081e-01,7.815474664045267694e-01,9.658136284128054916e-01,8.939605654109482602e-01,6.369189045891276990e-01,6.722532075367098070e-01,2.256229465447636140e-01,6.963832095563352587e-01,4.058866804791793070e-01,8.906661070123891299e-01,7.138215270791367084e-01,7.434516859353577090e-01,1.762438262490918783e-01,4.823165338224528753e-01,5.937274833931746043e-01,2.611167443472761640e-01,8.777711129656373679e-01,9.358366161925238957e-01,8.389312233378860562e-01,3.984408578939010459e-01,4.518028086479897350e-03,9.865007214677750103e-01,7.367905388036740666e-01,5.260312246615048704e-01,8.390055227736332721e-01,8.079810868817388636e-01
5.799370196625855955e-01,6.156057026480549199e-01,6.460322313390460813e-01,0.000000000000000000e+00,6.520349283574410348e-01,7.349579844855730348e-01,6.681053072715084085e-01,3.965663548650675274e-01,9.122929401933356219e-01,8.199978727083815366e-01,8.410276942071858164e-01,8.992491512229665584e-01,8.045842794031656808e-01,9.004954402751478293e-01,8.068856878461426740e-01,9.455706978688610542e-01,6.274554187051217813e-01,7.241682732664483924e-01,6.632756311774786750e-01,8.637419725072739141e-01,8.448158134331218427e-01,9.704753923286648654e-01,6.837843324624442998e-01,9.428119115482743728e-01,6.816438789574182922e-01,4.304879512324675250e-01,9.643402400395006957e-01,6.826656056676411177e-01,5.863970996564175087e-01,2.694746249520346693e-01,-3.823184301798661089e-01,8.761254724024764018e-01,4.914218068008545659e-01,6.407507309756416136e-01,6.559937817934515802e-01,4.660228208284377116e-01,5.748846824411830703e-01,6.645460127531880312e-01,4.362193362699317012e-01,9.077329601726192854e-01,9.708237146669931872e-02,8.982631790690193130e-01,3.137628679003318100e-01,7.062874614323837452e-01,4.676090731509969789e-01,6.309195487919996292e-01,9.110028096246598484e-01,8.360437813130906504e-01,6.440215661331019081e-01,5.250149882383715605e-01,8.308869230307532883e-01,4.416811502798044242e-01,8.457712185512887837e-01,4.956569203402517165e-01,5.120146385160354585e-01,7.240261220279458065e-01,9.331760409644755949e-01,6.448044857625063742e-01,5.923901504127305762e-01,6.276536401879621030e-01,2.631020306745660564e-01,6.512970299088459702e-01,8.795532104551078145e-01,8.089297389930080184e-01,8.965436165577301830e-01,5.821069550368367373e-01,8.637797910293839587e-01,9.673564350529929579e-01,2.252482279371087193e-01,4.566808145123456009e-01,7.715379982495984557e-01,6.430070061338123422e-01,4.641507096168683288e-01,1.058220833124443178e-01,5.880489051254028654e-01,2.487934906347965547e-01,6.470902931099945521e-01,4.163244680537261933e-02,6.937795353331249748e-01,3.731621533041205030e-01,7.164528263384131179e-01,9.496089856003568919e-01,6.825154266795682156e-01,4.379774705966392734e-01,8.117004151628048891e-01
6.405615845955836551e-01,3.254934491140616393e-01,8.728398245946296097e-01,6.520349283574410348e-01,0.000000000000000000e+00,5.485815235946721602e-01,7.739438494621864173e-01,9.991292516337429985e-01,7.098674371506366043e-01,6.083065651794535844e-01,8.634001586821333785e-01,9.019857830388745557e-01,9.221993703750559490e-01,4.762907344302411694e-01,8.975640853996879054e-01,9.397950222064238579e-01,6.422183080048179393e-01,6.974599141023885007e-01,4.844420066468702046e-01,8.674473642358377923e-01,9.574712966089166111e-01,6.751524146297682716e-01,7.485881630907514905e-01,9.022805416139915158e-01,6.100580091105315406e-01,7.168493011351352306e-01,8.901509752968985723e-01,6.294726275765664125e-01,6.839731216872968478e-01,-1.483962539154286275e-01,6.812813804111241822e-01,8.973351366152758635e-01,7.526236386226556885e-01,7.960977624517335816e-01,9.203860779373007617e-01,3.603951020439827846e-01,6.634797931658188430e-01,5.919431609295362495e-01,8.701882820050921286e-01,4.912953356366882018e-01,4.345191446250659117e-01,7.391641578466878748e-01,9.657307297476713792e-01,7.095436036235545085e-01,8.357649599423716547e-01,6.776117858574641772e-01,7.505066120464178869e-01,9.083211182203950740e-01,8.011573943020201538e-01,8.475266948011216384e-01,6.337842830231878999e-01,8.738444551352778644e-01,3.645710783226767115e-01,7.319964514927163046e-01,8.268098377266833721e-01,9.752179287935412999e-01,5.747768702966035148e-01,8.278558103013555769e-01,6.698749753445967237e-01,6.046559642386635236e-01,6.129431671523697389e-01,6.563136234802736668e-01,8.759957235870708958e-01,6.174880787370373714e-01,8.019785049181101799e-01,5.301692955387156125e-01,9.674434982968511676e-01,8.692644666832161082e-01,6.991271093659884306e-01,8.452194557826882004e-01,8.523839236184239665e-01,2.359045877976548300e-01,5.862430624598646833e-01,3.667134526172254327e-01,5.967339068690735715e-02,7.647051001177349594e-01,6.826675348709194679e-01,7.823979948560225717e-01,4.314142287697050326e-01,6.448424967378822981e-01,8.466292156775760969e-01,9.681224931589467175e-01,2.588624784340793350e-01,2.183990751424682020e-01,4.261636354759726353e-01
5.736773021769593361e-01,6.417496153893644806e-01,6.833743884013931957e-01,7.349579844855730348e-01,5.485815235946721602e-01,0.000000000000000000e+00,5.623516699583015477e-01,8.737299702076068986e-01,6.329606956714137755e-01,8.595533168924702760e-01,7.849627742470892677e-01,4.790919673332142414e-01,9.581605703856674872e-01,6.380150500531495128e-01,9.084824161664174502e-01,5.869024856535385304e-01,5.467538643165533729e-01,5.488120331686106024e-01,8.497657847751670657e-01,7.032402120529834821e-01,6.519222163932503200e-01,4.760722776376465903e-01,6.026182100059149782e-01,8.476784715490495170e-01,6.304426266447513694e-01,2.948239751717579571e-01,6.246787325923984779e-01,1.093535342640836322e-01,9.195854129175018432e-01,6.319670985026782928e-01,7.027958585320618345e-01,6.531525634793866608e-01,7.896970956509732353e-01,6.263187195027049015e-01,4.794937081120287936e-01,1.686354607139926576e-01,4.551423178150025839e-01,8.064914916865673078e-01,8.119853746564009711e-01,7.616540669160600796e-01,3.996053935353294229e-01,4.607385114311787211e-01,9.908656891140862344e-01,6.498473828229992533e-01,9.548653419823145416e-01,8.945666351408888550e-01,4.798682039636280039e-01,8.210140079545302783e-01,2.316021359304720195e-01,8.587909729489022759e-01,8.352099656688695140e-01,6.789973798664333815e-01,9.274751989761269577e-01,7.658517241932107922e-01,6.872612247114350259e-01,8.186566909524543023e-01,9.285343524297597906e-01,7.551002225351531871e-01,5.092693874998847070e-01,3.477340750405006342e-01,7.560734875480462636e-01,6.704636974002087246e-01,7.044222468266155834e-01,9.188997127884657168e-01,4.167441319701656322e-01,9.421125244123088605e-01,7.763014305678874738e-01,5.397965009644716261e-01,6.047308149721454251e-01,7.661860769701297480e-01,8.255543339633217848e-01,9.614770988811069952e-01,7.955946378984829481e-01,5.244314351390370055e-01,6.838471259735059427e-01,9.772313441668549761e-01,9.069383123558952819e-01,9.448819344873565784e-01,2.874058322264350096e-01,5.862566012633148027e-01,8.119057113852183871e-01,4.413584425428210278e-01,8.347214402045589621e-01,8.479403940912985105e-01,6.989193486010123468e-01
9.011975149155438958e-01,-1.124045964879103604e-01,4.182017304940195412e-01,6.681053072715084085e-01,7.739438494621864173e-01,5.623516699583015477e-01,0.000000000000000000e+00,6.652372503133057169e-01,6.272046951525174219e-01,7.563142265850414381e-01,7.022560625169484982e-01,8.332523918533335516e-01,4.275751337858262890e-01,4.205437809396732063e-01,4.988944090907821427e-01,3.479182046705615594e-01,3.642727190635170476e-01,5.212979021146939562e-01,7.489475501408024982e-01,8.798025879754856060e-01,4.808234596909502501e-01,7.662839360365852892e-01,5.453138745633446804e-01,2.687237144764593744e-01,4.066616057944197893e-01,5.813858114450290993e-01,9.139499393071609523e-01,9.120733063056674084e-01,4.554318362235810214e-01,5.862859249672563999e-01,6.616296075431127299e-01,1.679774228493467469e-01,6.758928272638911050e-01,5.028201319629101995e-01,7.125781568856658366e-01,5.375235378340321724e-01,2.529413197750288722e-01,7.599211112420395375e-01,5.619724755414216011e-01,5.103685822064426558e-01,6.771923678679626635e-01,5.731231774552916214e-01,8.365313905440903142e-01,7.471329612372975548e-01,4.354561263441183439e-01,3.732420951103482265e-01,2.183531280540092212e-01,4.007898518635758522e-01,4.236864781446287864e-01,5.037673061953173992e-01,-1.257031600270910876e-02,7.285391198708847105e-01,5.968383629157806292e-01,7.244702473374144969e-01,9.883321911730771347e-01,5.043099980172999208e-01,2.819656240383898796e-02,9.145751556804665450e-01,9.428120007769481559e-01,4.768799764325909463e-01,4.227152751470669712e-01,5.276525237536191515e-01,2.398394209573722138e-02,8.867331588038308565e-01,6.840274567149393636e-01,6.076108332960745706e-01,7.751734291540723909e-01,8.021764565994780050e-01,5.048800923599577883e-01,5.089935624220669474e-01,2.740070981013683626e-01,8.514725478675636561e-01,5.673129375293739507e-01,3.076455562014959177e-01,5.463759876798417459e-01,6.300680691105532416e-01,5.197867353113385658e-01,4.366260568658065222e-01,7.217481972062823603e-01,2.189139054356176173e-01,7.860575492882434512e-01,5.138887677398344955e-01,4.254987718933842533e-01,8.348384951441655266e-01,7.749482834478211846e-01
9.405052014096423330e-01,2.112695185492473038e-01,8.733057944386192206e-01,3.965663548650675274e-01,9.991292516337429985e-01,8.737299702076068986e-01,6.652372503133057169e-01,0.000000000000000000e+00,6.494751854791415147e-01,9.123903676084130776e-01,7.638367175126361541e-01,4.027294426920986492e-01,7.319826811580851800e-01,8.206780278168921416e-01,7.785284473816287409e-01,4.265821024326273969e-01,6.823967557241552573e-01,6.788377222761534657e-01,4.526104937889069424e-01,7.839008135678684486e-01,6.462296418248569818e-01,5.789340145975779839e-01,3.652796103261114480e-01,8.086924354944554638e-01,1.214318244465866781e-01,6.759265893300194783e-01,9.021730956391741385e-01,1.808057645695874127e-01,2.984538955989481934e-01,5.183222427536614552e-01,1.549576549327673081e-01,9.017708632674668046e-01,6.522232788950929061e-01,4.040012303219013834e-01,8.944804770167448238e-01,4.501720218505872451e-01,2.610817283945942591e-01,5.209323184288356945e-01,9.912848174977726412e-01,7.855229819360060040e-01,2.479720245823963387e-01,5.408092924620689912e-01,7.645247510705982519e-01,4.488980134387484111e-01,9.116846248419332444e-01,5.285048602920779937e-01,3.774433552060137143e-02,4.821088741506965314e-01,4.432787584963122085e-01,8.396065989038276056e-01,9.723317026500128968e-01,8.001578101481502392e-01,3.315327038015488670e-01,6.547136524319689954e-01,5.456370236594334511e-01,6.289865578111365485e-01,7.984313830095722819e-01,4.981679770202290802e-01,8.786705154142062657e-01,4.717749115072138455e-01,6.587935275091039156e-01,4.258742641749256874e-01,5.753241016577815836e-01,9.696655786701520174e-01,5.726070769513852410e-01,5.679518775353813442e-01,5.736329130775021934e-01,9.163906316416822184e-01,7.927495604405885299e-01,2.868178589618236574e-01,5.395187956700725485e-01,4.496593146647029915e-01,3.410097341972047058e-01,3.156193991900214657e-01,2.103431723905613837e-01,7.096256893593443360e-01,6.089449483612242586e-01,3.777417521435951775e-01,7.724431214808672452e-01,3.570424689796386497e-01,4.478632109028253816e-01,5.899299003658592389e-01,4.896395525560848228e-01,6.844528009480317365e-01,6.077379246538889834e-01
8.414404836986386638e-01,5.799790423206814260e-01,4.522803968608719583e-01,9.122929401933356219e-01,7.098674371506366043e-01,6.329606956714137755e-01,6.272046951525174219e-01,6.494751854791415147e-01,0.000000000000000000e+00,9.146986016044084122e-01,6.649944152085189852e-01,5.720499030556842612e-01,3.172716763083773817e-01,4.053344158542229736e-01,4.827477408622172783e-01,8.435211506390247749e-01,8.936537323022964996e-01,6.479214302534586079e-01,6.933006777000075838e-01,6.988667183831094309e-01,9.596919588096750608e-01,3.641716928152082255e-01,6.728174728927170944e-01,6.759867234884335829e-01,7.880648047730451911e-01,7.968416100322706086e-01,5.260579885812024514e-01,4.495120163619132359e-01,4.030641594736132927e-01,7.008886393266569037e-01,5.182923574481288487e-01,6.772112367601961225e-01,9.630272710412568493e-01,7.342144741610405756e-01,7.374055412413550448e-01,4.423256246452902940e-01,5.821015759962115954e-01,3.063346925965486078e-01,8.474450115375177228e-01,5.697792664722434175e-01,4.423859782059662571e-01,4.459815982600753848e-01,8.136087955880810796e-01,8.002620852712236665e-01,7.266901210882978912e-01,7.012603152244113458e-01,6.023421537379626267e-01,7.896186294501841285e-01,8.326035560070679242e-01,9.356252295258165042e-01,6.530942261415727534e-01,7.003331184958970779e-01,6.761249199798203824e-01,6.006434635150821322e-01,6.564166141806111465e-01,7.342115331413382462e-01,6.100294306216994533e-01,7.582041557565026846e-01,7.133370635776968838e-01,6.706099527446530706e-01,-2.213216561564243512e-02,3.167478773958100624e-01,9.871878703937545518e-01,8.741930536609784363e-01,7.901917382322649619e-01,6.145109992293827927e-01,4.308687995644716606e-01,8.434730236144134530e-01,9.308129799358197953e-01,9.208430713091878550e-01,4.252771010405624885e-01,4.626182190306148412e-01,5.572076316342255975e-01,6.591535763923244140e-01,8.089759218334316992e-01,5.948691730125361676e-01,4.324873465541862472e-01,7.573391176676156356e-01,6.638304872680180768e-01,-1.208070483304529152e-01,1.875557435390410033e-01,7.581264182981537481e-01,9.532216930290210444e-01,1.929637001981887867e-01,9.618226996459401379e-01
8.980787141031358889e-01,6.698753072958215649e-01,7.935854192152769215e-01,8.199978727083815366e-01,6.083065651794535844e-01,8.595533168924702760e-01,7.563142265850414381e-01,9.123903676084130776e-01,9.146986016044084122e-01,0.000000000000000000e+00,8.256335277818676044e-01,2.966996837723986369e-01,5.178479609187921495e-01,6.262033305794754146e-01,7.763412288242583781e-01,9.151061048342465920e-01,8.314533673951857162e-01,6.464180785557871456e-01,4.522651178578523945e-01,9.990988125214936844e-01,9.117282022148860410e-01,7.343007474359369846e-01,3.633754457154093065e-01,9.623762556202958285e-01,6.425256354639741208e-01,7.373399976135965872e-01,7.460082192236150433e-01,8.941687300124652182e-01,4.865553003079886030e-01,3.320394635087888791e-01,2.307763827240720267e-01,4.070535234255746038e-01,8.546901471836314546e-01,6.782189299254468562e-01,7.051246257668206674e-01,2.451312401431096910e-01,3.856330931937608786e-01,7.032160492429097021e-01,9.379809354574975000e-01,5.483845397922959553e-01,5.682909335882968538e-01,4.319576351309459827e-01,9.555891704189266589e-01,7.196919216013231146e-01,7.626070185398470258e-01,5.919646934935712812e-01,6.198827677065217312e-01,8.865594424169027654e-01,7.973541607444526447e-01,6.485420004745116040e-01,5.358139247051169063e-01,7.857738567893031156e-01,8.894148307277210952e-01,8.706227835282331906e-01,7.808300831845178536e-01,6.104769239523809565e-01,7.978024700324886087e-01,6.420676904574008637e-01,9.064443385431887323e-01,5.118354722836431225e-01,6.501025517801040099e-01,6.846113809182939880e-01,6.848227923179883714e-01,7.070378771031511356e-01,9.093525551991894496e-01,4.203940753686453702e-01,7.221860914117698149e-01,6.398061234690713972e-01,4.259895943075769353e-01,7.851625374700592630e-01,8.724892145466267568e-01,5.921748993630134850e-01,8.470431340867651260e-01,7.780080486916661764e-01,7.841280249841668937e-01,4.263462525422327953e-01,9.313469758803192278e-01,5.473003334501376216e-01,5.805808094445965573e-01,7.653387477706508069e-01,4.019786763801606599e-01,8.722148076567928232e-01,4.772500395743781154e-01,5.885664160259456157e-01,4.735591695531095047e-01
8.884482277812489892e-01,5.878099559872573820e-01,6.579530910403441624e-01,8.410276942071858164e-01,8.634001586821333785e-01,7.849627742470892677e-01,7.022560625169484982e-01,7.638367175126361541e-01,6.649944152085189852e-01,8.256335277818676044e-01,0.000000000000000000e+00,6.123170287278898449e-01,7.421331702598092939e-01,4.223689503962225200e-01,7.381706871850202134e-01,9.519900349063344924e-01,9.189870956591732476e-01,7.095785056595365070e-01,8.507939250910590001e-01,9.390439921134334789e-01,8.426409544195288814e-02,5.599881494992922093e-01,9.464301713283809203e-01,6.729981704745562343e-01,5.952162609747353450e-01,5.721168059515642224e-01,8.684681059833156969e-01,7.223686638770479007e-01,4.814460537105177962e-01,6.320715347050545052e-01,6.466790306974659064e-01,8.257070305734197646e-01,6.020252520336660806e-01,9.509403417256585556e-01,6.724135840227821737e-01,4.927211346623756039e-01,5.493408428614465766e-01,4.928483704761176809e-01,5.081160085252421910e-01,2.702816135403834363e-01,1.394921828815771925e-01,1.366940985217435234e-01,8.855153852031372175e-01,8.982453418853104665e-01,1.639226419292047487e-01,9.774442165469245936e-01,5.406666918092775109e-01,7.780740353108923646e-01,9.438341132256831134e-01,7.065691563004761200e-01,8.618426589423592299e-01,7.674888402494062234e-01,7.805268057790061276e-01,7.047129751086859129e-01,1.169564754774172349e-01,4.144118627855949422e-01,4.898947924957192113e-01,7.277214871240507144e-01,6.795216175118599100e-01,7.584898563409275818e-01,7.768654406686489322e-01,9.405634841765948551e-01,5.360067150983626183e-01,9.539989403737715312e-01,8.947957124696337416e-01,8.233513937548200268e-01,2.629719063327596307e-01,5.025939982283280649e-01,4.237680073146722348e-01,4.638564441189871879e-01,5.734604685552965320e-01,6.256143139520289331e-01,5.467901974977593671e-01,5.072583934052283805e-01,7.603475089747655513e-01,8.729017356193252697e-01,9.121846755081512992e-01,9.538461481883951931e-01,7.700699510972677242e-01,6.555959176713630487e-01,8.552573007255126480e-01,8.938582532924651547e-01,5.020080593065601171e-01,7.042781826823846236e-01,3.528463762340561249e-01
6.464008299682070247e-01,8.234363920953763349e-01,5.738298080469081963e-01,8.992491512229665584e-01,9.019857830388745557e-01,4.790919673332142414e-01,8.332523918533335516e-01,4.027294426920986492e-01,5.720499030556842612e-01,2.966996837723986369e-01,6.123170287278898449e-01,0.000000000000000000e+00,8.612790929636660042e-01,9.876024757981274327e-01,6.506661782841969277e-01,7.388293883460128608e-01,4.586184630676437557e-01,4.227306319973245241e-01,9.230447506365058175e-01,9.110653844409439817e-01,6.728618717605104604e-02,4.626107898949443631e-01,7.361467376641165350e-01,6.603230882025846737e-01,2.793117974814318116e-01,5.583427536193710239e-01,8.951133669741456744e-01,5.908771071262572949e-01,4.640155080314617986e-01,5.386125064914371041e-01,6.044871743318031010e-01,8.443890478197364491e-01,5.114621566865001911e-01,7.849324025791983850e-01,4.278098712011793037e-01,6.933610031097844351e-01,1.831463762084064792e-02,7.193637295517292252e-01,4.425642738725184544e-01,8.747790539443260904e-01,7.190520420005398483e-01,9.527242528218825557e-01,8.326651922555674545e-01,6.698738132415562596e-01,6.128268860813411711e-01,8.564037303197243878e-01,8.431052837723902460e-01,6.295389192828216851e-01,4.629982593749820130e-01,7.953485560344411009e-01,8.515080112994439787e-01,5.563600735634135486e-01,7.875901661238209339e-01,4.332261503941417513e-01,4.987412106410621937e-01,4.142064863863363922e-01,6.518258571795418899e-01,6.748630028822196758e-01,5.583671574088986400e-01,4.974555103755227692e-01,5.023445726517448140e-01,5.595604290107062395e-01,4.621172360164112480e-01,8.467901353785374230e-01,7.485336261954754766e-01,8.986957249744687015e-01,8.833746244918949664e-01,6.469607497527970486e-01,3.687009753025654035e-01,5.637895228520866109e-01,4.942998967582553638e-01,6.843638748546442274e-01,1.210243749158146365e-02,5.591913361702738339e-02,4.400127153475694164e-01,6.735331498098998670e-01,9.611874752198023009e-01,4.815615505169513200e-01,6.065775877384500525e-01,2.617101868394574593e-01,4.185099916491519245e-01,9.898590597639502775e-01,8.024624842969224625e-01,2.241911519176187362e-02,3.056947596652035415e-01
5.960964699613142681e-01,6.397696398061921697e-01,9.238817389654780943e-01,8.045842794031656808e-01,9.221993703750559490e-01,9.581605703856674872e-01,4.275751337858262890e-01,7.319826811580851800e-01,3.172716763083773817e-01,5.178479609187921495e-01,7.421331702598092939e-01,8.612790929636660042e-01,0.000000000000000000e+00,9.046894369248450474e-01,7.543395508794045190e-01,6.540586830025285625e-01,2.876112725864266584e-01,4.929403209794268603e-01,5.991577081172621000e-01,7.581543834597671561e-01,7.880804643024008627e-01,8.738314992943191362e-01,9.958793409982322764e-01,8.043874165947851873e-01,8.557008401780268336e-01,9.372513717245105624e-01,1.518277385346965824e-01,7.926434772987291932e-01,6.153568343162123533e-01,2.091759779716912127e-01,1.535674001462325466e-01,6.615226571576060532e-01,9.335745271933171274e-01,8.851907009796035064e-01,7.432147618944167089e-01,2.703065928632158998e-01,2.441812426063605379e-01,6.072505600888546962e-01,2.642550304979998099e-01,6.687375616029116454e-01,4.614800489513173898e-01,1.119052989711950830e-01,8.566385797402688018e-01,8.089873357652571650e-01,9.713990942266831352e-01,7.405354284637973850e-01,2.151066335628002424e-01,5.145626544012482650e-01,7.929641413329289179e-01,9.114033726613867126e-01,9.371445425070041857e-01,7.410759112765828993e-01,4.052721811700625287e-01,6.775095581653413079e-01,8.784169432753465845e-01,8.169092818946284140e-01,4.882175899573376610e-01,8.541665557872981651e-01,9.738284458730254167e-01,2.270581614183811991e-01,3.398880940636509473e-01,7.449781114999682874e-01,9.522175250644185907e-01,7.451586290928329248e-01,7.411538565025429515e-01,8.559493700101326041e-01,5.880320246594454847e-01,6.524048556615624772e-01,5.027389736507306139e-01,9.926736360959724781e-01,8.246331947870906287e-01,3.960254464754929815e-01,5.220757560695014066e-01,3.599459491650157661e-01,6.717660683032178337e-01,6.668744487053150927e-01,4.822326623418255465e-01,6.181203613477035397e-01,-1.331613436866257716e-01,9.188556993741343881e-02,6.241831907442743077e-01,4.893148218209169009e-01,5.121534629907579239e-01,8.320054161314840435e-01,8.155314832395811342e-01
9.086760569728935533e-01,6.368319437121728877e-01,8.944600835151290674e-01,9.004954402751478293e-01,4.762907344302411694e-01,6.380150500531495128e-01,4.205437809396732063e-01,8.206780278168921416e-01,4.053344158542229736e-01,6.262033305794754146e-01,4.223689503962225200e-01,9.876024757981274327e-01,9.046894369248450474e-01,0.000000000000000000e+00,7.334404489989448939e-01,8.821732954410669292e-01,9.388264506698122958e-01,6.146384864687401972e-01,1.907750560951559926e-01,6.959676159745921131e-01,6.892154993917567474e-01,4.636679401555748314e-01,8.244986028706521308e-01,8.604613498168942609e-01,7.818888237282397569e-01,9.782083441914698474e-01,4.389843728613598839e-01,7.149693982965832362e-01,4.430079933931008185e-01,6.564468673912819963e-01,3.347910246867663031e-01,2.938534488061049776e-01,7.082689997482607414e-01,6.805777737696707685e-01,5.156426405684629843e-01,5.652281434715606956e-01,5.009514930345032591e-01,7.841886538452786937e-01,9.959454700012497774e-01,4.091224083612117757e-01,9.787238731569012362e-01,6.453440174868421142e-01,8.377078492680328781e-01,2.789832821279526476e-01,9.191640693690164010e-01,9.672485062918236842e-01,7.476603002442520074e-01,8.222769975262819164e-01,7.039217009966819427e-01,5.890766540889892378e-01,9.240023819611073996e-01,4.472805318917367212e-01,6.878183785798026584e-01,8.954222117064660758e-01,6.340754815941553879e-01,1.936715871251059040e-01,7.418386869970765574e-01,9.109572036964841413e-01,9.676839557612105791e-01,4.883500637733604877e-01,5.997877110021978542e-01,8.924332009877348204e-01,6.541706490527249285e-01,6.294886236097445575e-01,7.488682580774652653e-01,9.908293964608957394e-01,2.894568725675159548e-01,6.748375204037841968e-01,6.251175653189322556e-01,6.430856138537344169e-01,7.831375466602521485e-01,5.987226152197595574e-01,3.619751829819578548e-01,4.419887026121566143e-01,6.049273564363779609e-01,6.003477498516365252e-01,4.806163548932065877e-01,6.967743884254821163e-01,-1.095414397664078859e-01,3.418007480729451930e-01,6.131255933701473815e-01,9.887388130388151675e-01,4.862884875651434236e-01,7.033932315508433231e-01,9.934069379061818417e-01
9.543071165399852340e-01,4.343790365143347376e-01,7.500456553320785646e-01,8.068856878461426740e-01,8.975640853996879054e-01,9.084824161664174502e-01,4.988944090907821427e-01,7.785284473816287409e-01,4.827477408622172783e-01,7.763412288242583781e-01,7.381706871850202134e-01,6.506661782841969277e-01,7.543395508794045190e-01,7.334404489989448939e-01,0.000000000000000000e+00,7.927163324974717540e-01,8.105498451232951984e-01,4.874902783881982504e-01,5.635150456389265150e-01,8.253183396071961386e-01,9.815865991312332506e-01,7.739372459344590061e-01,6.186003006672222693e-01,6.742637954800855260e-01,9.497908644608934470e-01,4.821546443794426096e-01,9.423479306518447451e-01,2.607269596911658271e-01,7.090237114981305655e-02,5.260257557445922050e-01,5.050419580915282980e-01,7.306329984176083148e-01,6.346120080619730430e-01,5.355659944154537166e-01,7.422421613048081346e-01,9.997609347672374580e-02,1.714262892511742020e-01,3.993743284405766314e-01,9.450287173010764041e-01,6.803426906362208815e-01,2.977627366393702513e-01,7.902247440736647199e-01,9.614248808976745275e-01,5.767411837746663217e-01,8.570629224896476606e-01,7.070935027748446178e-01,9.768660563432067789e-01,4.224430599492220439e-01,7.024705831026779590e-01,7.214360776859648494e-01,7.444657503994926984e-01,7.782780898446111095e-01,5.744870341024590488e-01,7.168600609435015203e-01,9.846363757258573823e-01,8.395896399224676010e-01,7.175968098929351724e-01,8.593800783520277875e-01,8.839270775840257777e-01,6.302728719359118603e-02,1.022505659739129796e-01,7.648961083320924281e-01,9.283892139464879900e-01,8.982780770056733033e-01,8.537451241084599296e-01,-1.543957572139123824e-01,4.578694667685213604e-01,7.970067672890223109e-01,4.544336790341447219e-01,7.291944571103111672e-01,5.556825278483612518e-01,5.990888851914322188e-01,3.558082024706519242e-01,5.526141408242558617e-01,6.553767970884198935e-01,6.162140460512917084e-01,6.444493162899910255e-01,6.945306928528786061e-01,3.882775923854313582e-01,5.446734049201646943e-01,6.192275429689316768e-01,8.324068841078101633e-01,8.010762958455205363e-01,5.963893040780501309e-01,8.603707897672027149e-01
8.582998174515023004e-01,6.181305245158130734e-01,4.146019209719240539e-01,9.455706978688610542e-01,9.397950222064238579e-01,5.869024856535385304e-01,3.479182046705615594e-01,4.265821024326273969e-01,8.435211506390247749e-01,9.151061048342465920e-01,9.519900349063344924e-01,7.388293883460128608e-01,6.540586830025285625e-01,8.821732954410669292e-01,7.927163324974717540e-01,0.000000000000000000e+00,8.159656954841474352e-01,9.888442196891794600e-01,9.723033014133809493e-01,9.905348467296584136e-01,8.209498330147624312e-01,1.862357033670741513e-01,5.119022705259608230e-01,9.164673962588131273e-01,7.192136606004913002e-01,2.638132201475765215e-01,9.507585501130422223e-01,6.728290821283245959e-01,7.173911874555820578e-01,5.696222311797546345e-01,4.109821989753476013e-01,4.851766489498512414e-01,6.542549280733391814e-01,8.171042972016986372e-01,6.425338576425105863e-01,2.436409985561411307e-01,9.413974322866197619e-02,-1.802591636960171328e-02,9.905721284419415351e-01,8.024537462218905848e-01,7.764388781185869171e-01,7.331856556011164816e-01,7.880266718432374917e-01,5.346523692248829063e-01,9.196278962464778939e-01,8.103778604289383347e-01,7.624966776731323392e-01,5.287056577943618496e-01,4.847399451208034837e-01,7.330714048211692813e-01,4.352973724438954362e-01,3.846450291647517394e-01,5.511906011501733760e-01,7.325288745188911488e-01,8.768439463886323892e-01,5.187102859808054856e-01,9.060181372396041155e-01,9.574475325588810426e-01,8.232260918247226167e-01,6.021421167567858612e-01,2.403856933076443381e-01,2.511681014186152860e-01,3.896365017011001464e-01,8.359765092168076617e-01,7.590202501885427999e-01,6.354308829372000700e-01,5.636260297769646321e-01,4.351318030049380337e-01,2.975105473066489425e-01,4.670777806650588393e-01,2.155027144050059573e-01,2.647363256868988102e-01,5.854664766364514605e-01,3.319167496391011163e-01,4.124260050812529332e-01,1.498809480420560114e-01,6.654760020714280966e-01,6.308670234729527593e-01,3.604296836042657493e-01,5.697100819805291927e-01,8.053890153706680932e-01,4.978321195519608833e-01,6.734406895867957044e-01,7.301091764809078954e-01,7.798682981922039348e-01
7.127521069955692345e-01,9.233840340881719344e-01,8.829731791584601863e-01,6.274554187051217813e-01,6.422183080048179393e-01,5.467538643165533729e-01,3.642727190635170476e-01,6.823967557241552573e-01,8.936537323022964996e-01,8.314533673951857162e-01,9.189870956591732476e-01,4.586184630676437557e-01,2.876112725864266584e-01,9.388264506698122958e-01,8.105498451232951984e-01,8.159656954841474352e-01,0.000000000000000000e+00,6.139275320009573989e-01,5.251925611326000443e-01,8.833722920826945213e-01,7.113383485110305049e-01,7.571071295018952929e-01,8.227657589301047292e-01,9.504675222923949507e-01,4.948756574380155371e-01,8.099764238670610350e-01,8.003949717480199899e-01,9.264456307022775894e-01,3.881455536969018461e-01,7.367783235702046740e-01,-1.452666007963527850e-01,8.252628615427018977e-01,9.376087370968400059e-01,8.921770658359348127e-01,6.758274606208429791e-01,5.340725084379865234e-02,3.609229842185710663e-02,7.825328904984694134e-01,8.796831687944302036e-01,8.825516861081114106e-01,9.757634761734702566e-01,8.395778484964706578e-01,7.410116004470462814e-01,4.642849231575322255e-01,9.395525414848108214e-01,3.786442777913310298e-01,9.787718660247113345e-01,6.333045748873726843e-01,8.971431952484288930e-01,9.602059543694556609e-01,7.599587773261851087e-01,4.984232003455102422e-01,6.882896006899880126e-01,5.366707676473219113e-01,9.697272342275216062e-01,1.142122191547755156e-01,6.860282399186548585e-02,9.247220426365624357e-01,8.428160462134952624e-01,4.055685266826102309e-01,3.621553508445926051e-01,-1.533576055358840395e-01,6.215520164490928590e-01,7.204756772658948982e-01,5.501433860602285009e-01,8.800485127015995612e-01,9.047302687918405972e-01,6.013806417130717064e-01,4.148324154024072841e-01,9.353439573709178001e-01,4.856239836111708175e-01,7.543020148463743801e-01,2.574849496239811630e-01,6.958802555005478840e-01,6.716348903765404499e-01,8.454896846959466528e-01,7.432538432882721535e-01,8.757332390378836928e-01,-1.535238302941882016e-01,5.422213382786238434e-01,6.957391871932269156e-01,6.224895474287071018e-01,8.783860452733718294e-01,4.365722257965228836e-01,9.412691558538937020e-01
6.373667361520292118e-01,5.793582411265720822e-01,9.949151171088015388e-01,7.241682732664483924e-01,6.974599141023885007e-01,5.488120331686106024e-01,5.212979021146939562e-01,6.788377222761534657e-01,6.479214302534586079e-01,6.464180785557871456e-01,7.095785056595365070e-01,4.227306319973245241e-01,4.929403209794268603e-01,6.146384864687401972e-01,4.874902783881982504e-01,9.888442196891794600e-01,6.139275320009573989e-01,0.000000000000000000e+00,9.874068059458095403e-01,8.110460413945386193e-01,6.324524651332307235e-01,7.743100841963318492e-01,9.825627109644448076e-01,2.351909542755154514e-01,7.185284486267248250e-01,4.746383415017250140e-01,9.344453532369527693e-01,8.991330869184633867e-01,5.152677883420795357e-01,2.119267334989335672e-01,2.029817934485275421e-01,6.039761965270121769e-01,7.327894762266976558e-01,4.965049093760071086e-01,6.478140788570085906e-01,5.205960313399331518e-01,5.590986043636976266e-01,6.598789425076561077e-01,8.468479864659551534e-03,6.610700832052217590e-01,8.733415258740149234e-01,4.983899616728429960e-01,7.678809134754503996e-01,8.764881279496640198e-01,7.616123245391022145e-01,6.348115627286033957e-01,7.336187464733827657e-01,8.094349877773199253e-01,4.003221645875634782e-01,4.102213913952292845e-01,5.385020847831980539e-01,9.420319427204367768e-01,8.925856584270105420e-01,8.566636561804551464e-01,8.619721763088737942e-01,8.070891495160339435e-01,6.981124426979783415e-01,1.631813670807497341e-01,8.343478434565159141e-01,7.210928703426275899e-01,6.252951176577056236e-01,-1.423171424848086730e-01,8.415065064349311896e-01,9.751959585525247221e-01,2.868340307116885590e-01,7.958733877698951353e-01,3.929106061236959935e-01,8.520092814711780482e-01,2.032769849715710397e-01,9.700425803240673162e-01,6.310083189413578930e-01,4.101147376733004224e-01,1.851088443133103723e-01,4.703212327864776943e-01,3.860993789284283273e-01,6.992154924507490987e-01,5.596667817650209376e-01,6.608542057683796100e-01,4.860792497436689508e-01,5.077650278624487035e-01,9.291110959874009367e-01,8.110434492956172248e-01,6.008870196463586000e-01,5.007621060117931622e-01,9.025024316350590547e-01
