0.000000000000000000e+00,7.981395539572910813e-01,7.013359396907832277e-01,2.414316506672378737e-01,8.263985030733843606e-01,8.420943533447291518e-01,7.668307157707568988e-01,6.057459661725876909e-01,7.969229328571790782e-01,8.790841402075358912e-01,5.777657197232674013e-01,5.507843561967011858e-01,4.381647798185717702e-01,5.519725847349676862e-01,9.974597581899204979e-01,6.676726240392386602e-01,9.905022616518652789e-01,7.046372936734103254e-01,8.200522869650572755e-01,9.381307147897214316e-01,3.512106123132413549e-01,5.350057404365394786e-01,7.928335773222031646e-01,7.804522218568690217e-01,6.346630221892536339e-01,4.733842539200097121e-01,9.765284755269971750e-01,8.969668811880567860e-01,5.486178719652965441e-01,3.452966450211713001e-01,4.254010740353230124e-01,8.795619876488042221e-01,6.870103389540672678e-01,9.012144600038222153e-01,8.755990853435410282e-01,4.891545722448198408e-01,4.524654030051182829e-01,1.462299578184783067e-01,5.338724213491138348e-01,8.758947814001551979e-01,4.592304557405687548e-01,6.873679991605278206e-01,2.648418841153535319e-01,8.404335716279707214e-01,8.368617236876524368e-01,8.244839752017115719e-01,3.079347762398941812e-01,6.606717286433276826e-01,7.336103723870224247e-01,4.291861622058444348e-01,1.653053755917399670e-01,9.686961402525768872e-01,6.712406074148293822e-01,3.664668187252548837e-01,6.977782848654358050e-01,9.867979402603227479e-01,6.173152004633545298e-01,6.900953889831126231e-01,4.819842192698327588e-01,5.829166210544662885e-01,4.964028292331161829e-01,8.145863349377200358e-01,6.684029200505315904e-01,6.196702657608511577e-01,6.186656414741438237e-01,9.756086246172286369e-01,8.086151949764761593e-01,9.627335655054781727e-01,8.888626058203336067e-01,8.902026198762481579e-01,4.994363198792393099e-01,7.901204685976027653e-01,3.213732913238753208e-01,5.771357869422422127e-01,7.869161396758480587e-01,7.347833608050889920e-01,1.397449649035673869e-01,6.474748113276657113e-01,5.013583288883669553e-01,4.164937285206521400e-01,9.343174663584088435e-01,2.077597480213115855e-01,9.464945393063374235e-01,2.934974732993145263e-01,9.283783187771008638e-01
7.981395539572910813e-01,0.000000000000000000e+00,8.658049285781602711e-01,2.053816265294300947e-01,4.317229427167589284e-01,8.460753970019632142e-01,9.894918162248639293e-01,5.566729780287857920e-01,4.720820361903846907e-01,6.507926079252323026e-01,9.730571422260285708e-01,2.765038110463118315e-01,6.784163703200043471e-01,5.373096413039983865e-01,3.654087703550214922e-02,9.103466314499594203e-01,6.313318199401143360e-01,7.379337881032562718e-01,6.278777334552615441e-01,7.058883933070257966e-01,7.750865076169478618e-01,7.139302380448379060e-01,7.410339561063332692e-01,9.393865355771099379e-01,8.547287203637249364e-01,6.440759395809483312e-01,6.267824835905355663e-01,6.147698332081363848e-01,6.525808065665802404e-01,6.488238933690416710e-01,3.847058472759561365e-01,6.878701526254037413e-01,8.058589453859235641e-02,5.553828360918673657e-02,6.503805152407637902e-01,2.997110241170209965e-01,6.214324554687185032e-01,9.570438995202454890e-01,6.140899092646610047e-01,9.895033020237375965e-01,7.343777479022020049e-01,5.333026847256238101e-01,6.015112660296266789e-01,7.741988215550393848e-01,6.190954079857540204e-01,8.949000472606410961e-01,4.550389652385981587e-01,6.673559823460055718e-01,9.923515355226252277e-01,3.705865641749934714e-01,6.047352935803882445e-01,7.823440156030407877e-01,8.119229295924966783e-01,1.862160922132959084e-01,7.259093957475081238e-01,8.427208990139383182e-01,7.622319213351097522e-01,4.017238345258217214e-01,5.600220730357918786e-01,7.587858004959764369e-01,7.381837528741233001e-01,5.173055930764618449e-01,6.608129898383551248e-01,8.428500378233407808e-01,8.533847445511237861e-01,5.932693612225574675e-01,5.302556999379604008e-01,7.299116344469755990e-01,6.568631105072002541e-01,9.091450211634487522e-01,6.560216312007769446e-01,9.079572928826576961e-01,3.063575726821066159e-01,4.270675713506406623e-01,7.279642081325372605e-01,9.065695023399427122e-01,7.447747594322414733e-01,8.295089556598010949e-01,4.784024818622831798e-01,2.632159059352508212e-02,4.132773511727102500e-01,7.708293265208534528e-01,7.461286279525130016e-01,7.093478054112992703e-01,6.150052979156425126e-01
7.013359396907832277e-01,8.658049285781602711e-01,0.000000000000000000e+00,8.128273491705166887e-01,9.341176248361033885e-01,8.568958737642223822e-01,6.866923864301025526e-01,8.382295682298341877e-01,7.819563246070091456e-01,8.106398817013883429e-01,7.099755419592929107e-01,5.031540233355186187e-01,1.246262954611089963e-01,8.272302167123029015e-01,8.354444100551772223e-01,9.993396099911042718e-01,6.267527506443847374e-01,6.470319351003145369e-01,8.565050743437669922e-01,7.769731730624546140e-01,8.706833250563067450e-01,8.822375357318039679e-01,4.111085069526326241e-01,6.475808231155339989e-01,9.343345621551882862e-01,8.473563340052957527e-01,9.203169031814762979e-01,4.871422807914548292e-01,6.619779737500126604e-01,4.443973278261027504e-01,4.951393979104338761e-01,8.919882218762159587e-01,6.014383702025947187e-01,8.072158147806729467e-01,5.860423398093093095e-01,5.302584703462824844e-01,4.299418684280669201e-01,8.732308518114388907e-01,4.025437132274107821e-01,8.966316875532163166e-01,-3.048515375660362792e-02,9.482336007456069193e-01,9.579102549034546055e-01,7.173889530877253229e-01,9.191909841518182134e-01,9.507461844352891323e-01,3.060759861352437827e-01,9.739783163119143383e-01,8.341454607767595508e-01,4.705676211590035241e-01,9.447215042468222190e-01,9.439693355454917834e-01,9.604953383143293166e-01,7.903634924235050097e-01,6.808663687949548793e-01,9.778737686965641718e-01,8.966558580927458388e-01,5.298960294493317846e-01,8.755388568377663328e-01,2.975885618043674352e-01,4.211706719386778541e-01,2.928462529195242636e-01,9.799130285570123444e-01,6.675391185468491084e-01,7.867711561996547642e-01,5.530805008614789742e-01,6.335896299413943389e-01,6.267506404662215314e-01,6.633158442778651631e-01,7.440264452798249772e-01,9.088776113383014721e-01,7.574123342388313640e-01,9.623567813349369615e-01,5.149346395241605201e-01,6.174792809025616558e-01,6.828910932073679607e-01,9.639021513839894917e-01,8.698810659592082217e-01,4.103495929912621687e-01,4.749521233990261493e-01,5.589996910339115610e-01,4.093369011719813488e-01,9.090516367358097982e-01,8.184334130401617058e-01,7.459951169702361273e-01
2.414316506672378737e-01,2.053816265294300947e-01,8.128273491705166887e-01,0.000000000000000000e+00,4.660027924731791060e-01,9.161347774503152408e-01,7.272909577609364407e-01,5.103966140213072045e-01,4.496218754943853146e-01,8.119068476015872671e-01,4.980885766226407219e-01,7.237540713027293959e-01,5.168128566406944291e-01,7.698341180655690064e-01,9.256203050214201200e-01,5.747164309472048427e-02,8.695417094327062557e-01,7.804423770806867555e-01,7.737521215919728190e-01,8.641503190414219215e-01,7.166422165887247342e-01,4.008074520423373643e-01,8.062685254355931308e-01,8.393666153408751995e-01,4.316975345835757372e-01,8.771123945408128009e-01,7.463659527582496012e-02,9.959209337622310088e-01,4.650957584731449379e-01,3.752838572072788037e-01,6.715878988825331186e-01,7.697010648157484036e-01,7.445402109426431103e-01,5.401103870273883389e-01,6.734215532504876922e-01,4.933002994198656399e-01,1.214797530569544926e-01,5.721266591380745892e-01,8.383928953368668946e-01,6.306959086054021446e-01,3.354064512723658326e-02,9.981034180843511017e-01,3.430814153715936454e-01,9.630439454008582478e-01,9.608864466637342394e-01,6.335566090712040355e-01,7.346326140963332918e-01,6.363017022985338889e-01,1.800874358893827798e-01,9.636296798957808551e-01,3.564338574866982023e-01,7.659331390172033904e-01,6.987286263828055288e-01,7.819577037752857285e-01,8.365481800231771015e-01,9.550680590413147542e-01,3.819582716860819849e-01,2.859966674255368657e-01,9.184026796557120953e-01,5.685010731512956106e-01,7.331330305080916432e-01,9.677369366062691380e-01,8.736564210617270287e-01,8.842975581845597954e-01,5.533760949449588740e-01,9.244133438157532412e-01,6.049326313791251186e-01,7.454111560429079741e-01,-2.383707557179104430e-02,8.228741449809487962e-01,6.854216881671794104e-01,7.342974070004658627e-01,7.049571484577826785e-01,4.081780975541579592e-01,6.195734944561747115e-01,8.680784053604001516e-01,8.577785989547236367e-01,8.336012487656661030e-01,7.299649573444934036e-01,2.729135159793055765e-01,7.473656431979696091e-01,6.421540076675694708e-01,6.325378227965547939e-01,4.756307869246993447e-01,3.880424220516754952e-01
8.263985030733843606e-01,4.317229427167589284e-01,9.341176248361033885e-01,4.660027924731791060e-01,0.000000000000000000e+00,4.481642317919236063e-01,6.360394784933087742e-01,4.500379219886052051e-01,3.675261825465334642e-01,2.730953610221884542e-01,7.338881660340571544e-01,9.469910026608312492e-01,9.161041639846484452e-01,7.582259890589182483e-01,7.513570060094360015e-01,9.375190041325514034e-01,5.011503911379703302e-01,8.179941840614336490e-01,5.777981131935473469e-01,9.286276665764214844e-01,7.295442132970624272e-01,6.898409120262076755e-01,9.499248318125094181e-01,8.967102600210180574e-01,5.758228423375489902e-01,9.829079464407177724e-01,4.187189139900243662e-01,8.082663827896409137e-01,4.794712044604886869e-01,4.536276860551949897e-01,3.458589109847437504e-01,5.161743279740232948e-01,9.117028772075941312e-01,2.852547920094216649e-01,7.956419648240894427e-01,2.881788881009225700e-01,4.545569934790045785e-01,5.712548931208740743e-01,7.793206730474981914e-01,3.077758281999306567e-01,6.123074581777026015e-01,8.283257798009309170e-01,8.841780011397747385e-01,8.945651354441268577e-01,8.538553022383164048e-01,8.768376356595727339e-01,5.987076929825267957e-01,8.142913183229336660e-01,9.036445105612909146e-01,6.347309159657495981e-01,6.337466195283180115e-01,9.460169160933802335e-01,6.405810516833770896e-01,7.472629096753178324e-01,9.233583712871697990e-01,9.464616154560471228e-01,4.657575483016614393e-01,5.750453191855778856e-01,9.320228745870540177e-01,7.669368685803588104e-01,4.000541017956869561e-01,4.140513671653857086e-01,3.050238444876889332e-01,9.579532974044112636e-01,8.463787460288458853e-01,4.902805381632652226e-01,3.296392790843393206e-01,3.810428291222224817e-01,6.218205364622804154e-01,6.051759698885302852e-01,9.881336077752602698e-01,3.314882612124073757e-01,2.467370310174426817e-01,7.041081237429814843e-01,6.953064738406270484e-01,8.645253905520446924e-01,8.688090711064737626e-01,6.258654776743786119e-01,8.853590776393949202e-01,5.833616436306436892e-01,6.266430738605335282e-01,5.747216773986393301e-01,6.840063221142647087e-01,3.034741284265965108e-02,7.899625203022500042e-01
8.420943533447291518e-01,8.460753970019632142e-01,8.568958737642223822e-01,9.161347774503152408e-01,4.481642317919236063e-01,0.000000000000000000e+00,7.785818301063855973e-01,-1.902621851861472091e-01,6.005886545292997702e-01,5.015176269661903996e-01,6.815009251807777613e-01,4.398171698979806421e-01,8.419906424530924083e-01,4.894374015539479927e-01,8.811182895850762087e-01,5.655145256831016765e-01,1.954049251237503781e-01,8.952608357072093792e-01,3.536294710773713601e-01,4.504797869935040500e-01,5.867373397144002301e-01,7.371280242352074019e-01,9.205891165154387323e-01,9.418519165415478733e-01,6.170487187164163112e-01,5.435984780713580822e-01,8.727432397976412348e-01,8.357993879421915517e-01,7.622078747179721336e-01,6.549041394923367232e-01,4.386551573381581859e-01,7.875802734895294144e-01,8.615135872567387665e-01,6.819197085548205362e-01,2.923913613906743425e-01,5.731123588832204296e-01,5.899979815778213510e-01,5.259938466171820703e-01,6.928852066736073123e-01,2.764293589917295180e-02,7.458978664208748555e-01,7.128333774573303305e-01,6.324834312210282361e-01,6.989391679166014892e-01,9.942373323968105581e-01,8.044648321593362850e-01,8.697776715778737788e-01,7.375271542499040045e-01,4.308795011158184640e-01,8.281964081286689039e-01,7.268825189234733308e-01,6.047581268315544989e-01,6.704679090153176091e-01,4.161063764654220343e-01,7.018851686296033732e-01,8.441416734158196933e-01,3.313105579443389459e-01,9.657836688326988384e-01,5.133973001496272559e-01,2.442228928528012433e-01,5.276728058273828514e-01,6.150850581003978190e-01,4.815413199601107364e-01,6.131778890010600724e-01,9.161789814090111062e-01,7.094678243384073824e-01,9.327537875126772349e-01,8.334914570685373336e-01,6.520139847118785470e-01,7.303843480643229524e-01,8.622750088751378605e-01,6.961712603968563950e-01,3.692783633333256432e-01,2.148303656037833798e-01,4.835192321659841919e-01,9.374958246827808095e-01,5.140480224647666629e-01,6.444653338202859238e-01,6.261343145630764162e-02,2.789052005704582560e-01,7.238067247889043987e-01,2.807002868436452858e-01,9.927836337240986131e-01,6.121497674716507298e-01,7.913838988964714272e-01
7.668307157707568988e-01,9.894918162248639293e-01,6.866923864301025526e-01,7.272909577609364407e-01,6.360394784933087742e-01,7.785818301063855973e-01,0.000000000000000000e+00,6.955824058455410963e-01,1.890839897582599072e-01,4.052871650257433012e-01,9.494920838595488632e-01,3.848222782121962782e-01,6.897980279114132030e-01,2.975578307986854742e-01,7.258447407479643454e-01,4.859787154151471444e-01,9.664549098498091961e-01,3.592383860789610805e-01,4.783989339421951814e-01,6.354675040792973073e-01,7.550217792741256151e-01,5.518483040985481258e-01,1.578790082757221824e-01,8.215724910351067667e-01,7.956939366157231852e-01,5.576890816335122736e-01,-3.146129476875911268e-02,5.348985847786986714e-01,3.034413269066628116e-01,-6.071988352178186998e-02,4.503959873308979733e-01,6.275396459389576131e-01,1.857904780608594583e-02,4.868611875790587740e-01,7.658915727926023376e-01,2.559873975404760027e-01,1.392365398289918677e-01,6.522202096981219999e-01,8.951798981669881750e-01,5.803739671682125456e-01,5.651624734135912709e-01,7.320663866652007412e-01,6.891683937512929070e-01,8.786022150976848799e-01,8.652168136612004012e-01,7.109751517179558888e-01,6.910863486331247918e-01,4.426239004115185560e-01,-9.563084338934303708e-02,5.820558919754621474e-01,7.761909165347139483e-01,6.519616269007169063e-01,1.541591455011480649e-01,7.673081095755139858e-01,9.939735276483344650e-01,7.960423417219451014e-01,6.211347909646187659e-01,7.900337948499420726e-01,3.735416541030889270e-01,5.080785704248582668e-01,7.901249250261820345e-01,7.659250792394044494e-01,7.780596245847303249e-01,6.772766446204434576e-01,8.724897253647011519e-01,7.890145797142259498e-01,5.232888557919860295e-01,5.342296992056161375e-01,7.349601407923558316e-01,3.821321261976857731e-01,3.938294577844586586e-01,3.399456800604615525e-01,2.708056769971169397e-01,7.918205078936741970e-01,8.613572888733018740e-01,6.064629420747624788e-01,9.263449344106056138e-02,3.534319005100131639e-01,5.985985780269414275e-02,5.733917851480472283e-01,2.998906306135519229e-01,8.407573789448513635e-01,3.775466735540474739e-01,5.304013663928640598e-01,9.124129480533550440e-01
6.057459661725876909e-01,5.566729780287857920e-01,8.382295682298341877e-01,5.103966140213072045e-01,4.500379219886052051e-01,-1.902621851861472091e-01,6.955824058455410963e-01,0.000000000000000000e+00,6.374697748449785761e-01,5.559570529417285911e-01,2.427189701846064751e-01,4.579496089703732342e-01,5.603861384588569861e-01,9.155506008421805397e-01,6.036178380498813389e-01,7.995193363974614220e-01,3.949734216474340975e-01,4.303188687546094515e-01,7.522925003188721815e-01,9.282422431070866953e-01,8.207817277404167999e-01,9.572360042941758795e-01,5.620758400401298926e-01,8.713326372564651479e-01,7.898935175478705162e-01,5.489854295209852797e-01,5.289561284070533054e-01,3.753411602158442384e-01,8.714423153543631173e-01,5.811344990696322155e-01,5.258720466790200998e-02,6.383465233423460949e-01,3.543438912547722253e-01,6.679825369045805372e-01,9.098157053001399985e-01,5.490714122338847814e-01,4.184686864395642525e-01,7.696352152322002427e-01,9.125265409476328582e-01,5.458669596088278064e-01,2.232659155112199367e-01,7.958581481751492159e-01,9.383455631322531465e-01,2.427710262203351677e-01,8.134193690756679196e-01,1.068335084906053001e-01,8.642519788316929130e-01,4.241025587248480333e-01,7.611037050549068761e-01,8.564517095575039374e-01,6.986405405162204874e-01,7.006252894560511812e-01,7.866761247010627400e-01,4.852537582720727327e-01,7.329757302348922643e-01,2.743211773587799218e-01,4.467282490784024174e-01,7.429597929570731507e-01,6.993007659470094062e-01,6.662970342232668042e-01,2.850502677837162824e-01,7.211945977922755713e-01,7.302618102254169186e-01,8.809451443867890585e-01,7.805044405131933427e-01,4.206923257022608942e-01,6.012650795859287856e-01,9.995146298184919287e-01,8.498482132128102329e-01,4.649592067144834306e-01,8.626893828490815874e-01,9.065854965039239488e-01,6.001314305325546883e-01,5.500746877141792224e-01,4.455557287563134405e-01,9.812611657626607586e-01,8.449632120632655230e-01,9.628809782252893967e-01,5.919594732927198066e-01,2.324114552163504266e-01,9.548056015344850156e-01,9.962456761389092419e-01,6.088491810940851456e-01,6.474695667699770230e-01,8.458482435095708851e-01
7.969229328571790782e-01,4.720820361903846907e-01,7.819563246070091456e-01,4.496218754943853146e-01,3.675261825465334642e-01,6.005886545292997702e-01,1.890839897582599072e-01,6.374697748449785761e-01,0.000000000000000000e+00,9.129599762056221923e-01,9.643766350030147372e-01,7.150061043386544135e-01,9.472297596804339914e-01,4.189931479897885391e-01,8.685238075100507604e-01,7.576753603580450580e-01,4.419387412193673259e-01,8.365860700201508404e-01,6.781346048607440613e-01,8.548143602897010362e-01,8.305707487246001275e-01,5.537730558467558462e-01,2.707138633876826628e-01,7.968097711403102634e-01,6.036899169954444977e-01,7.588326622235674890e-01,8.130874945862789360e-01,9.753341135277816543e-01,5.816160009750003246e-01,4.814173997515858727e-01,2.105272797803310891e-01,9.741541606122677832e-01,7.092810636778026367e-01,6.398154745527677711e-01,5.663955534349189858e-01,4.958095101659120152e-01,2.261142711410462358e-01,2.391894498942468139e-01,5.068505092116772914e-01,7.975855908195803590e-01,5.195236025883994690e-01,3.552857696266507048e-01,9.565037992421823176e-01,6.388068009272128700e-01,7.354703636309773973e-01,5.607403391492227218e-01,4.577813203192596658e-01,7.863752290413424939e-01,2.353539889545730734e-01,8.919583799813811664e-01,4.994787383789833779e-01,8.941314463588460049e-01,9.259658950018586632e-01,5.903953029732669222e-01,7.207144711679273064e-01,8.573087744841636493e-01,7.542137700423667823e-01,6.026679474637052225e-01,6.795923130306332771e-01,3.142281412446280564e-01,6.105807167323596962e-01,5.353466603765771881e-01,4.496293902870060477e-01,9.012821496719723990e-01,8.738898040772347109e-01,2.713983453690499426e-01,3.948372664640638074e-01,9.385000211321328223e-01,4.330973390631930320e-01,5.109220298575998243e-01,8.249393633113887292e-01,7.561251235225900924e-01,2.869342859136044255e-01,-6.568926783340034437e-02,7.312603961026072907e-01,6.178151933114365280e-01,7.353699662821986394e-01,3.133160443070473478e-01,4.564697262853319448e-01,4.085475677972902897e-01,5.789526689837500850e-01,4.651159419476729173e-01,3.521704995445170683e-01,3.614454059981874190e-01,9.781313287973693038e-01
8.790841402075358912e-01,6.507926079252323026e-01,8.106398817013883429e-01,8.119068476015872671e-01,2.730953610221884542e-01,5.015176269661903996e-01,4.052871650257433012e-01,5.559570529417285911e-01,9.129599762056221923e-01,0.000000000000000000e+00,9.687079474122428646e-01,7.685712946887072183e-01,6.469458920427820781e-01,6.383984968572364860e-01,6.727070861150312719e-01,8.848684520306169254e-01,9.195897299175295192e-01,6.462753461700634361e-01,7.727792142447358348e-01,9.934629116276878502e-01,9.958796372839842093e-01,2.699783629150833697e-01,9.335583964820394209e-01,1.585504518144895680e-01,7.864618506595970615e-01,4.956667723533045855e-01,7.137428322983051521e-01,3.938142336156119638e-01,1.290305879342019783e-02,9.495825335484903151e-02,7.025471613832255935e-01,5.195048093560049596e-01,5.386030504035826949e-01,8.102516476592439565e-01,5.419878233743378182e-01,5.336583867910889012e-01,6.791491838611308784e-01,5.109129628607735896e-01,8.171795283036524804e-01,7.782798688490143446e-01,2.841582328659170709e-01,6.592712221197127853e-01,8.769155839947315734e-01,4.945293512932650293e-01,7.487045877724430865e-01,7.527487695935570766e-01,4.954558506043663657e-01,8.770940468042669469e-01,2.980244565617521380e-01,7.483494047083464329e-01,8.428637608356777111e-01,7.233222453759776682e-01,9.908851092830089913e-01,4.444876558868714467e-01,9.776114097554201576e-01,6.881145352339435028e-01,6.502469328840875251e-01,8.540432217963161987e-01,4.384681690266019061e-01,3.104277874051610264e-01,2.103289211242858059e-01,5.817890485311759674e-01,9.165245190312244494e-01,8.212403532435761377e-01,9.508163060446190862e-01,7.232106847118143778e-01,9.922164656856262699e-01,8.737549914053687194e-01,9.273112381830058704e-01,5.966315269593129855e-01,8.119674932110371168e-01,8.150026185987192529e-01,3.223974065924715138e-01,2.162214534225063711e-01,8.009861308206716046e-01,2.996887683070766917e-01,7.204737109382945981e-01,7.837404422382380220e-01,7.545315780788086624e-01,3.383482721370307256e-01,9.434588874358538213e-01,8.621421406259979214e-01,8.378275164324933133e-01,7.756118622364823745e-01,8.762381665996816782e-01
5.777657197232674013e-01,9.730571422260285708e-01,7.099755419592929107e-01,4.980885766226407219e-01,7.338881660340571544e-01,6.815009251807777613e-01,9.494920838595488632e-01,2.427189701846064751e-01,9.643766350030147372e-01,9.687079474122428646e-01,0.000000000000000000e+00,1.423251022647684383e-01,6.522722167082408706e-01,7.003835490574326084e-01,2.830705088018882210e-01,7.575830948010231491e-01,9.324533210736707378e-01,9.279820205207773842e-01,3.432647200119920416e-01,5.103882968698053579e-01,9.554074999452755179e-01,5.725935956185655012e-02,9.551615512754915160e-01,9.753860818225145168e-01,5.516826969021532134e-01,8.163557105950338677e-01,6.858748509311363151e-01,6.651637722786660767e-01,6.678569402714793490e-01,4.677179419965634688e-01,1.338370101386289479e-01,7.705333025278402470e-01,6.309351753608690716e-01,6.032440539627768050e-01,2.005599250166660852e-01,7.704483365964432950e-01,7.870832661496036664e-01,3.611915136953476324e-01,6.491628845013728277e-01,9.197241138888841983e-01,3.077372304671424086e-01,7.844890542153724056e-01,7.856933398381769074e-01,6.534311287245163635e-01,4.187291094984175732e-01,8.658215745024100407e-01,7.173755048969553405e-01,9.214410696046648752e-01,5.475080869758714996e-01,5.633050450834186096e-01,2.605858739227359111e-01,4.111453480410910966e-01,5.684064967100209698e-01,7.022872687593176844e-01,5.743018826547926503e-01,9.115266877529804024e-01,3.804779425507278656e-01,7.236272337775240260e-01,6.603803267878279870e-01,5.229456488015515880e-01,6.740115858445312469e-01,5.094716657597970766e-01,4.247286662434183735e-01,9.032239676931096417e-01,9.566293637373626257e-01,6.072367699598342217e-01,8.880112706949210288e-01,8.980776989966633428e-01,2.804615555239853286e-01,7.960079586821433573e-01,6.066943664349188081e-01,3.814103418294104153e-01,2.214917553276005424e-01,3.857947284476933580e-01,5.785365590093428656e-01,5.537599788878473372e-01,5.164101153757146845e-01,7.383801697951807297e-01,9.610146962719678942e-01,3.213456353383921105e-01,7.316992256625454161e-01,8.920573131114254428e-01,8.376956894438277734e-01,-1.808889284232415018e-01,6.390478833288200100e-01
5.507843561967011858e-01,2.765038110463118315e-01,5.031540233355186187e-01,7.237540713027293959e-01,9.469910026608312492e-01,4.398171698979806421e-01,3.848222782121962782e-01,4.579496089703732342e-01,7.150061043386544135e-01,7.685712946887072183e-01,1.423251022647684383e-01,0.000000000000000000e+00,4.771152515208592626e-01,5.149477630305852038e-01,6.109370988522515589e-01,8.694393562816717935e-01,1.630620965386447851e-01,3.321054376758520998e-01,6.317022262043356928e-01,8.624531495313938478e-01,7.097241551958898276e-01,7.935511049687054008e-01,7.641648319047308346e-01,5.147750606048739908e-01,7.327392266715023750e-01,9.179587776873850968e-01,9.365066917146092074e-01,3.742223051475708218e-01,7.472496240916486343e-01,6.819321569588639997e-01,5.329571257934346828e-01,6.495574076993759771e-01,9.507672552721085912e-01,9.521002889436444017e-01,4.157332950099571489e-01,5.612789427216583471e-01,3.997336542529822401e-01,6.135103470145134574e-01,4.813853178356393148e-01,3.707740068306201175e-01,3.192679611494197434e-01,7.390856941836312366e-01,6.765708590228020070e-01,4.104754451333363918e-01,6.176439413985430615e-01,5.688400440431689020e-01,5.758553378611499518e-01,8.131754414009465526e-01,4.142562860457901230e-01,3.668545253270554668e-02,6.787161827081444887e-01,5.886801071583289691e-01,7.933672449882680500e-01,9.888355474354909580e-01,6.354893007981204933e-01,9.605172171263218761e-01,7.361711039375468113e-01,6.536442247494583802e-01,8.295296476995569490e-01,3.066806159158572687e-01,7.987021677655017360e-01,7.136530559700997589e-01,8.993413103125439401e-01,7.039335188387189080e-01,7.437779034608288375e-01,8.880888631673963252e-01,6.022721805294497521e-01,7.987398175867501671e-01,5.949872266464211190e-01,9.431808719453413925e-01,6.262041477195425809e-01,3.963841611968277334e-01,3.329250646449874451e-01,7.970250745898448397e-01,7.621314452935712414e-01,9.577942789738183027e-01,9.553483426939052281e-02,7.122119110937290554e-01,1.420399971599725364e-01,6.109773168063674653e-01,5.123762305746469847e-01,9.433170977957631154e-01,7.501009668665353791e-01,2.850269755061166643e-01,4.303098715750637293e-01
4.381647798185717702e-01,6.784163703200043471e-01,1.246262954611089963e-01,5.168128566406944291e-01,9.161041639846484452e-01,8.419906424530924083e-01,6.897980279114132030e-01,5.603861384588569861e-01,9.472297596804339914e-01,6.469458920427820781e-01,6.522722167082408706e-01,4.771152515208592626e-01,0.000000000000000000e+00,7.047079708731576186e-01,7.324151626327549680e-01,8.439570572575540996e-01,4.979687869697548841e-01,8.295839919487543179e-01,8.148729093320173922e-01,9.522178253056354791e-01,8.248651346044267862e-01,7.648510629779221581e-01,5.654579919036811786e-01,4.974864550145781106e-01,6.012395635969098873e-01,8.931642893703949371e-01,8.416180018422569908e-01,7.219509278458533519e-01,4.094523663635030696e-03,9.888984285620261439e-01,5.795292993822648286e-01,6.570583638182547759e-01,3.224205856548970628e-01,9.625641876735239189e-01,9.599695125304854582e-01,7.597044968052472091e-01,5.895402594504819405e-01,8.209616654071787423e-01,7.301646414863068868e-01,7.827540624952429305e-01,7.189361051835748695e-01,3.751162752180083881e-01,9.527245511414337287e-01,7.225379348913640865e-01,3.347047404687586436e-01,5.618941277099674947e-01,4.499450151884082372e-01,2.746073548236054387e-02,8.485538692246814563e-01,8.895874885185076630e-01,6.054157602556335949e-01,9.797058438120901380e-01,4.385654100532974664e-01,6.799668542236675384e-01,7.638638095038997600e-01,7.805052960397900197e-01,8.342940536156119302e-01,8.521885305859119297e-01,6.926961800486101106e-01,4.580446576272528825e-01,4.922564520040926817e-01,6.765279759589736264e-01,7.715132507457685973e-01,9.862941073038040685e-01,6.147864411079643210e-01,9.926783616795683551e-01,9.853108154376016836e-01,5.989081750044050745e-01,6.854774326515001848e-01,8.288583064402256229e-01,7.481660307906611296e-01,4.015221292223296601e-01,7.659604223173240856e-01,6.505134929635827401e-01,6.509906626383851203e-01,9.074478564459285135e-01,7.345281486394457104e-01,6.194076542257919149e-01,5.939083910761507878e-01,1.253407944201583024e-01,6.584859700626042311e-01,9.181839223772156888e-01,6.016024392547268951e-01,5.129497580948032542e-01,8.631696585711261527e-01
5.519725847349676862e-01,5.373096413039983865e-01,8.272302167123029015e-01,7.698341180655690064e-01,7.582259890589182483e-01,4.894374015539479927e-01,2.975578307986854742e-01,9.155506008421805397e-01,4.189931479897885391e-01,6.383984968572364860e-01,7.003835490574326084e-01,5.149477630305852038e-01,7.047079708731576186e-01,0.000000000000000000e+00,4.397748335182896096e-01,9.021152661154016039e-01,9.059104439200558190e-01,9.206980839478366985e-01,9.937358526986657115e-01,6.118138244013667792e-01,9.345468502426823587e-01,6.499838234517151259e-01,7.752336349368351698e-01,4.185517315424618356e-01,4.695851952496284953e-01,7.127069058677315549e-01,1.104680222884900503e-01,9.399190768712666344e-01,4.230807519947678563e-01,4.510210223112754990e-01,6.791814476184813154e-01,2.372159734698917055e-01,7.153782423225116816e-01,7.625525962555901316e-01,6.709744648420397084e-01,4.415067881424051266e-01,-1.999338810775630471e-02,3.584282872448353863e-01,9.226445041453997797e-01,4.083229468285053398e-01,2.468345553547660887e-01,6.439330392758833010e-01,5.322778505284222472e-01,8.778516628858815674e-01,9.525947813063010416e-01,3.368528931697085671e-01,5.595854490643440426e-01,9.499769639222817030e-01,8.538757070747942102e-01,4.801571570438363246e-01,2.390095027196009747e-01,7.166779071935209799e-01,7.901715210368481790e-01,9.504159776342852028e-01,8.294763790740815601e-01,1.223953911169985559e-01,6.378237351394695498e-01,6.698365417533468369e-01,9.252437317302802944e-01,2.989059749886961992e-01,4.065062124312719405e-01,1.651662246000856482e-01,6.645188089845296409e-01,9.805276000292210137e-01,2.562328934083295540e-01,4.011137353812724848e-01,7.390937932478615080e-01,8.077566553402910632e-01,7.624672479648123558e-01,6.603936102006454645e-01,7.127671454791654204e-01,5.845227190130565242e-01,5.267878683920601546e-01,7.649007422592514205e-01,5.647271982227968223e-01,7.945982448796247155e-01,5.806082622099104640e-01,7.431035918203333646e-01,5.000682561581996088e-01,7.150210594807984155e-01,7.170204673704576592e-01,4.956713165211941718e-01,5.314182241324212352e-01,2.648941250110358192e-01,5.160835358956158414e-01
9.974597581899204979e-01,3.654087703550214922e-02,8.354444100551772223e-01,9.256203050214201200e-01,7.513570060094360015e-01,8.811182895850762087e-01,7.258447407479643454e-01,6.036178380498813389e-01,8.685238075100507604e-01,6.727070861150312719e-01,2.830705088018882210e-01,6.109370988522515589e-01,7.324151626327549680e-01,4.397748335182896096e-01,0.000000000000000000e+00,6.470102923810016060e-01,9.994867723693864336e-01,7.883341593748157683e-01,8.306934292678969101e-01,7.607614955517785216e-01,8.539295264568511623e-01,7.153929791146043105e-01,7.203791147505080872e-01,7.091705573522855133e-01,4.980350586454875272e-01,6.055064481861777148e-01,8.243740189386605799e-01,7.975315256458699320e-01,6.193124947750040521e-01,7.490744320980251558e-01,4.661365854838456224e-01,2.982829449451784298e-01,4.172250626452180811e-01,8.497802386056485524e-01,5.276733102773899509e-01,6.661191814980306214e-01,4.816963986722835878e-01,5.753103653818426588e-01,7.481805426179342078e-01,2.488566744811538944e-01,6.308126754791112401e-01,3.867069008178084522e-01,5.862578783856127462e-02,7.642460606232861497e-01,8.813590429894408995e-01,9.258722196070476862e-01,6.437894188311781285e-01,6.656851768959116677e-01,7.591551955692655840e-01,7.173571918348989884e-01,2.801547507272552084e-01,7.209337403602711358e-01,8.528848933359141071e-01,6.171504200472287538e-01,6.746463465386538516e-01,7.754553838116327036e-01,2.230121872713709541e-01,4.917841534989548236e-01,9.511404076299747601e-01,5.200630087110891253e-01,6.588087775382051037e-01,6.134874654891022683e-01,6.047598894093288990e-01,6.115728561931261797e-01,7.958602619113424037e-01,6.312329523958852828e-01,9.919672215703512208e-01,7.974944165628822246e-01,5.581638769352170737e-01,7.653058975331101799e-01,4.592647209825801435e-01,2.197946109759906785e-01,7.415904305467270197e-01,6.628643371315166011e-01,6.804990168130976569e-01,6.199569360449692645e-01,8.258222715767433719e-01,4.205309540641497534e-01,4.751406080070184057e-01,7.922739337052477904e-01,4.270915152687040361e-01,8.239473345512998703e-01,9.851197967423281909e-01,1.992929517414807339e-01,5.116646092617888053e-01
6.676726240392386602e-01,9.103466314499594203e-01,9.993396099911042718e-01,5.747164309472048427e-02,9.375190041325514034e-01,5.655145256831016765e-01,4.859787154151471444e-01,7.995193363974614220e-01,7.576753603580450580e-01,8.848684520306169254e-01,7.575830948010231491e-01,8.694393562816717935e-01,8.439570572575540996e-01,9.021152661154016039e-01,6.470102923810016060e-01,0.000000000000000000e+00,7.224623807534351627e-01,9.231765936942165629e-02,7.125671367586080551e-01,9.112050759460603722e-01,8.740971296968710336e-01,4.712995531342712985e-01,7.351206366531088943e-01,7.637459473614442995e-01,9.417573495300353148e-01,9.367528108217735294e-01,8.665768307108064894e-01,6.126340614086306369e-01,5.221379875841113405e-01,5.576355552631078183e-01,1.008913281643599724e-01,9.295100610618287629e-01,9.657364324793344945e-01,9.717043392891722142e-01,5.852889951649664635e-01,5.612501316691782538e-01,5.276128352696428658e-01,4.865253944871456571e-01,7.304875879573186070e-01,7.594314588000297128e-01,9.707926485697218055e-01,9.875164547157682104e-01,7.938367921124080961e-01,6.233506491970459695e-01,4.599548334056906551e-01,9.377878164727082577e-01,8.803354307517936572e-01,2.160698740651288002e-02,1.731708352607311263e-01,6.905223416134688152e-01,2.532218870028857260e-03,9.133354596561104044e-01,7.102041715552673828e-01,7.136803063350246612e-01,7.708128777733872505e-01,6.408962885675455468e-01,3.922394738859933394e-01,8.290200479140565903e-01,8.994131580093972511e-01,8.757206852164350908e-01,3.209352505962300151e-01,7.865828955955064261e-01,5.601489862056714397e-01,9.103754624632578452e-01,7.096226009794096568e-01,6.884439323898774443e-01,7.266542684290703269e-01,9.952170398563355835e-01,9.505469889504570835e-01,2.676848705935400141e-01,9.530818342090311424e-01,6.526158861485341633e-01,5.973087256503621933e-01,4.667109673355528399e-01,5.352447513875648877e-01,6.659465577101616462e-01,9.509802087257229752e-01,4.936084070565131543e-01,5.080476744333343175e-01,1.863784995853541224e-02,6.768532463987204650e-01,8.683874126516011316e-01,7.763520671424751773e-01,2.778157225433193211e-01,7.227736145456444827e-01
9.905022616518652789e-01,6.313318199401143360e-01,6.267527506443847374e-01,8.695417094327062557e-01,5.011503911379703302e-01,1.954049251237503781e-01,9.664549098498091961e-01,3.949734216474340975e-01,4.419387412193673259e-01,9.195897299175295192e-01,9.324533210736707378e-01,1.630620965386447851e-01,4.979687869697548841e-01,9.059104439200558190e-01,9.994867723693864336e-01,7.224623807534351627e-01,0.000000000000000000e+00,9.875118885034432914e-01,6.675973854882519820e-01,8.002551522382365112e-01,2.735049804712522126e-01,6.138964395723054412e-01,4.817148680378538494e-01,9.743551836631421104e-01,5.217923370832460161e-01,9.075093371171487622e-01,8.548168880573663309e-01,3.873381850717491082e-01,5.278103448872293324e-01,4.830415095834756922e-01,1.110301668114351686e-01,8.404260724214439593e-01,9.603570369838654308e-01,6.254396819835944532e-01,9.985603866773332671e-01,5.716569550341534800e-01,5.050624530813530022e-01,6.332317390883628327e-01,8.875100498754210365e-01,8.817097906039420563e-01,4.928534643066452281e-01,6.905871295488742456e-01,5.471423399671744292e-01,5.521693189431330362e-01,4.370155661297298044e-01,5.507767282603432957e-01,8.495338303940832558e-01,8.562608392597108597e-01,5.308116974290787438e-01,8.038544864371331977e-01,7.254828581024083123e-01,2.437203016702712000e-01,6.293606252084079644e-01,5.738300850153230659e-01,7.611245658799346003e-01,7.501915978202182700e-01,9.734799952570072357e-01,7.837591672660511044e-01,5.490320494304554710e-01,6.552475567095863429e-01,4.814374575217157948e-01,8.236216772989087831e-01,4.054505836272000452e-01,6.883864792701243074e-01,7.037163276870979089e-01,6.353444028477114314e-01,8.352397088632109723e-01,6.689139889365772751e-01,9.146010686552386026e-01,9.760771521474453927e-01,8.455243519479218595e-01,9.857764303306519871e-01,3.916854206407208161e-02,4.801892676034889007e-01,8.287698038136713796e-01,9.201957996677101459e-01,6.717400371196908804e-01,7.938002139215929454e-01,1.166174775170936428e-01,5.945093070870017815e-01,8.076508033165231693e-01,7.425793359940631166e-01,2.713546036842239828e-01,5.879252310160039130e-01,7.867957615041318853e-01
7.046372936734103254e-01,7.379337881032562718e-01,6.470319351003145369e-01,7.804423770806867555e-01,8.179941840614336490e-01,8.952608357072093792e-01,3.592383860789610805e-01,4.303188687546094515e-01,8.365860700201508404e-01,6.462753461700634361e-01,9.279820205207773842e-01,3.321054376758520998e-01,8.295839919487543179e-01,9.206980839478366985e-01,7.883341593748157683e-01,9.231765936942165629e-02,9.875118885034432914e-01,0.000000000000000000e+00,8.757453353183464184e-01,8.220718341494350767e-01,8.736128616924843104e-01,7.726593557633970599e-02,2.176320258772056482e-01,6.529256520626428584e-01,5.321154455107058867e-01,9.819598279983313693e-01,3.993426822565915302e-01,9.479627400461758668e-01,6.840498114399526930e-01,8.743305786035270311e-01,3.341065528499542747e-02,7.851367413095482473e-01,6.586918022128516181e-01,8.776009374929421014e-01,8.861672805770163253e-01,4.566451874790342091e-01,4.259788696738897595e-01,6.330726292113522113e-01,9.597955305009193694e-01,5.584590000511815422e-01,5.248774442883309410e-01,3.179619870711333784e-01,5.796220358717572019e-01,4.628531119380039360e-01,8.969628681807536585e-01,9.182608629619599672e-01,8.185302152875262305e-01,6.735747293636965560e-01,7.419862903308543922e-01,4.127818844305099488e-01,7.522719214680811950e-01,6.755378179425011176e-01,6.211563473628761711e-01,6.203597917711972665e-01,9.836656635079622513e-01,6.133845413643098654e-01,8.683736766329532841e-01,4.310835398476593472e-01,9.580304366932249627e-01,5.929349780995700758e-01,3.352746737079110861e-01,7.850993846660619946e-01,6.224671777955080865e-01,8.355692617438462699e-01,5.970860525408981934e-01,2.424742902056568616e-01,7.872496523576535399e-01,9.290490351764713051e-01,8.648431181056440709e-01,3.699286945475062649e-01,9.441140509610301823e-01,9.115057673969927388e-01,4.671339915293669653e-01,5.778966402237060151e-01,7.316008916508931481e-01,4.430437550939380631e-01,7.320477936534283137e-01,6.056007519600198341e-01,4.047485719000382121e-01,3.852419785286275156e-01,2.520929474412154092e-01,7.252382627754062616e-01,8.768578320051906294e-01,5.305858276110958505e-01,5.268224641853568313e-01
