1,0.72775,0.910168,0.839195,0.732226,0.622366,0.609807,0.599474,0.709755,0.810842,0.831416,0.590734,0.707451,0.605992,0.631561,0.464202,0.776016,0.681323,0.809889,0.87711,0.901566,0.639202,0.766908,0.877186,0.679091,0.721247,0.827202,0.759398,0.471429,0.505623,0.556901,0.689552,0.862698,0.860668,0.729125,0.659669,0.239674,0.647192,0.897545,0.905225,0.694758,0.721789,0.946581,0.752982,0.917808,0.749171,0.809282,0.828723,0.396107,0.467745,0.769352,0.775742,0.765854,0.514752,0.754931,0.771711,0.523381,0.677235,0.721334,0.487663,0.72955,0.79893,0.785011,0.886597,0.880606,0.52392,0.729252,0.874664,0.658497,0.632555,0.89769,0.753395,0.354146,0.381006,0.707815,0.796736,0.879409,0.684582,0.491792,0.46824,0.77334,0.893998,0.852984,0.396991,0.712083
0.72775,1,0.637853,0.591471,0.528072,0.525777,0.511325,0.498858,0.499096,0.748731,0.733202,0.712304,0.817008,0.695602,0.498981,0.777613,0.756365,0.576178,0.626191,0.608753,0.66069,0.566308,0.589616,0.706238,0.386973,0.507392,0.611591,0.389809,0.249437,0.338412,0.250072,0.527929,0.709831,0.610094,0.568858,0.526879,0.424899,0.510542,0.552327,0.651588,0.426506,0.549903,0.663582,0.746223,0.659931,0.482812,0.689342,0.645418,0.265737,0.388827,0.469257,0.686775,0.592171,0.566524,0.801956,0.716579,0.568393,0.660088,0.652512,0.297124,0.698154,0.58644,0.598354,0.631312,0.577815,0.506261,0.50319,0.673892,0.55047,0.48738,0.69892,0.672469,0.368851,0.361207,0.407059,0.462954,0.722734,0.579962,0.480814,0.316597,0.577334,0.547898,0.63343,0.120077,0.567417
0.910168,0.637853,1,0.866937,0.584172,0.680894,0.501855,0.469343,0.681213,0.792831,0.830919,0.633525,0.726583,0.463499,0.723171,0.342146,0.777699,0.625521,0.768646,0.857941,0.883017,0.703042,0.762925,0.8918,0.712405,0.670536,0.852215,0.729181,0.5408,0.623568,0.629711,0.661404,0.831811,0.844041,0.712089,0.699624,0.151313,0.529576,0.862675,0.84888,0.660152,0.658832,0.861834,0.602647,0.949898,0.869973,0.732215,0.751229,0.489161,0.501912,0.619112,0.762799,0.824267,0.501785,0.720674,0.649394,0.446165,0.534943,0.705853,0.476831,0.715413,0.724736,0.693482,0.877985,0.88405,0.646636,0.714457,0.874703,0.570916,0.623734,0.84097,0.813013,0.408882,0.397636,0.677594,0.839904,0.83323,0.663055,0.54057,0.470334,0.689429,0.859436,0.810217,0.363255,0.64978
0.839195,0.591471,0.866937,1,0.602513,0.569999,0.576991,0.458579,0.602312,0.747709,0.767682,0.59441,0.643523,0.533556,0.59431,0.327079,0.707543,0.61335,0.712838,0.777734,0.794544,0.563887,0.746335,0.819356,0.605101,0.613977,0.787763,0.797835,0.579886,0.62729,0.601082,0.500653,0.699099,0.764301,0.60777,0.4585,0.120119,0.426685,0.79693,0.817205,0.51226,0.63841,0.797859,0.638085,0.87177,0.796302,0.685471,0.701564,0.319645,0.412408,0.617583,0.738212,0.749537,0.432287,0.629618,0.663989,0.336584,0.567186,0.708281,0.528223,0.716732,0.641619,0.653935,0.796488,0.806976,0.52707,0.596314,0.815871,0.437145,0.623896,0.777666,0.689522,0.412855,0.480439,0.647864,0.760531,0.752403,0.588563,0.4147,0.490981,0.706457,0.819535,0.761778,0.440345,0.573187
0.732226,0.528072,0.584172,0.602513,1,0.514425,0.501726,0.464084,0.476933,0.658037,0.654449,0.378203,0.497721,0.615759,0.446944,0.408832,0.507952,0.450208,0.715772,0.733354,0.720187,0.443741,0.614701,0.648332,0.507388,0.562099,0.638091,0.667231,0.254215,0.306279,0.347294,0.453865,0.660062,0.609279,0.52755,0.354621,0.098684,0.566278,0.690805,0.727353,0.522947,0.551072,0.791606,0.613794,0.591037,0.409824,0.717396,0.775377,0.193592,0.237065,0.69438,0.476737,0.489547,0.219441,0.48019,0.769534,0.567172,0.663537,0.484759,0.191096,0.51965,0.717562,0.700176,0.694802,0.678702,0.397449,0.619019,0.730969,0.723415,0.549751,0.673332,0.546184,0.270516,0.454833,0.633075,0.523569,0.635714,0.509242,0.248473,0.38148,0.660513,0.661701,0.715462,0.22657,0.52404
0.622366,0.525777,0.680894,0.569999,0.514425,1,0.591326,0.437199,0.551553,0.686601,0.740067,0.532673,0.770819,0.514472,0.657222,0.340462,0.722349,0.599219,0.632129,0.728162,0.704299,0.555565,0.544319,0.725658,0.601943,0.608592,0.704361,0.50529,0.25261,0.485425,0.469319,0.344483,0.730219,0.671017,0.445937,0.430848,-0.00876502,0.374992,0.669473,0.558566,0.491013,0.492857,0.606035,0.523615,0.689844,0.683218,0.671772,0.62384,0.152317,0.405247,0.44989,0.453634,0.607904,0.424108,0.672425,0.616351,0.43522,0.453628,0.507419,0.349044,0.603822,0.670088,0.633347,0.719487,0.720481,0.524419,0.65776,0.686868,0.545542,0.372652,0.646084,0.538852,0.364403,0.244042,0.341035,0.687612,0.682979,0.551603,0.320793,0.219617,0.431804,0.647071,0.621042,0.100807,0.544713
0.609807,0.511325,0.501855,0.576991,0.501726,0.591326,1,0.481386,0.497746,0.610981,0.616557,0.463244,0.649332,0.562009,0.464562,0.2823,0.584895,0.660513,0.551422,0.574639,0.62416,0.447618,0.547568,0.601922,0.362089,0.485285,0.635014,0.532573,0.308458,0.526055,0.447293,0.298746,0.541526,0.639818,0.427768,0.245348,0.0893522,0.374558,0.575696,0.501694,0.377885,0.532841,0.563558,0.559074,0.566447,0.478677,0.542262,0.563773,0.187124,0.411701,0.587614,0.525107,0.504428,0.299971,0.586457,0.579565,0.324379,0.4648,0.480639,0.420968,0.587727,0.576651,0.648298,0.62723,0.577914,0.243489,0.534184,0.608181,0.440973,0.410478,0.653784,0.338194,0.427976,0.148223,0.438045,0.571326,0.604554,0.572394,0.260994,0.268113,0.60955,0.588923,0.4859,0.293453,0.462858
0.599474,0.498858,0.469343,0.458579,0.464084,0.437199,0.481386,1,0.359714,0.473027,0.523625,0.245478,0.409865,0.527794,0.322812,0.268152,0.427685,0.429046,0.399705,0.43098,0.519574,0.427897,0.367233,0.597572,0.460257,0.595056,0.488681,0.374834,0.253074,0.1056,0.115379,0.36636,0.53747,0.482266,0.394659,0.271478,0.190292,0.437561,0.498023,0.516779,0.43706,0.445126,0.544819,0.640066,0.508867,0.367219,0.521716,0.623206,0.282993,0.406485,0.509816,0.492619,0.433461,0.508554,0.560528,0.584316,0.379214,0.428418,0.465334,0.218984,0.45415,0.332675,0.387891,0.458806,0.47145,0.119485,0.564467,0.566993,0.453749,0.171126,0.546092,0.54327,0.18779,0.0209447,0.422698,0.514029,0.461146,0.440895,0.186297,0.267314,0.403439,0.509455,0.412997,0.0916297,0.52432
0.709755,0.499096,0.681213,0.602312,0.476933,0.551553,0.497746,0.359714,1,0.621495,0.521267,0.418176,0.60274,0.513357,0.369744,0.380645,0.669861,0.657933,0.652407,0.696253,0.6564,0.589723,0.629191,0.621393,0.536922,0.508543,0.660476,0.598159,0.392249,0.400442,0.417094,0.383567,0.668312,0.656571,0.550537,0.524146,0.2448,0.325217,0.70719,0.701302,0.396786,0.682469,0.676053,0.545009,0.732164,0.613214,0.60655,0.676901,0.179109,0.504072,0.529297,0.48092,0.548832,0.341075,0.570882,0.586213,0.332768,0.501601,0.512974,0.454301,0.50853,0.577532,0.59834,0.741985,0.705572,0.487628,0.471787,0.614769,0.350706,0.462453,0.652982,0.50384,0.208255,0.170189,0.536045,0.593867,0.639165,0.424781,0.31141,0.268353,0.479295,0.704986,0.686771,0.208697,0.4967
0.810842,0.748731,0.792831,0.747709,0.658037,0.686601,0.610981,0.473027,0.621495,1,0.94418,0.652967,0.830018,0.551513,0.668938,0.527234,0.857323,0.625627,0.734833,0.770241,0.857829,0.760521,0.774015,0.812067,0.537977,0.561245,0.76808,0.638197,0.330061,0.59346,0.553036,0.629304,0.777518,0.797835,0.611669,0.53978,0.239719,0.531105,0.730393,0.832331,0.591284,0.692522,0.776886,0.632139,0.799956,0.713518,0.775758,0.704837,0.35991,0.43676,0.612411,0.735366,0.807513,0.377234,0.817218,0.698184,0.451868,0.615999,0.8256,0.428385,0.775286,0.688894,0.747795,0.80789,0.795452,0.589291,0.660651,0.850475,0.660141,0.634815,0.771443,0.669987,0.478723,0.399487,0.576373,0.727502,0.80591,0.691358,0.488774,0.376094,0.701339,0.755331,0.782434,0.275668,0.692888
0.831416,0.733202,0.830919,0.767682,0.654449,0.740067,0.616557,0.523625,0.521267,0.94418,1,0.689207,0.826076,0.552861,0.729402,0.470507,0.820183,0.602492,0.679453,0.765144,0.863626,0.72548,0.732162,0.837378,0.599661,0.594012,0.788023,0.627005,0.417825,0.579415,0.533113,0.666491,0.806303,0.805792,0.631137,0.520207,0.163425,0.57546,0.76256,0.803192,0.674544,0.641206,0.778284,0.614447,0.810074,0.752089,0.74697,0.680776,0.415067,0.437493,0.641861,0.763637,0.808188,0.45917,0.813371,0.686399,0.475638,0.584269,0.803073,0.426466,0.781139,0.734536,0.736629,0.807599,0.793753,0.548419,0.727169,0.86517,0.676116,0.604136,0.802901,0.701172,0.397304,0.447517,0.56526,0.758281,0.810854,0.668727,0.41427,0.436612,0.72857,0.762353,0.78422,0.314514,0.686122
0.590734,0.712304,0.633525,0.59441,0.378203,0.532673,0.463244,0.245478,0.418176,0.652967,0.689207,1,0.801581,0.500215,0.544048,0.543079,0.636623,0.607059,0.46604,0.515188,0.548161,0.517614,0.483489,0.647959,0.435196,0.443003,0.626727,0.431619,0.396808,0.440723,0.433756,0.477433,0.66097,0.575886,0.467583,0.387725,0.272294,0.267433,0.532077,0.547459,0.329904,0.54006,0.508319,0.508838,0.617365,0.570197,0.44965,0.434204,0.3905,0.450102,0.407992,0.592713,0.531922,0.617045,0.699861,0.503833,0.410977,0.487546,0.541804,0.342022,0.552038,0.511252,0.512962,0.572779,0.521444,0.335883,0.467873,0.635589,0.47463,0.539524,0.582013,0.507726,0.337181,0.345421,0.332878,0.494626,0.668036,0.350753,0.339453,0.425014,0.455416,0.462767,0.58938,0.160792,0.464426
0.707451,0.817008,0.726583,0.643523,0.497721,0.770819,0.649332,0.409865,0.60274,0.830018,0.826076,0.801581,1,0.615537,0.691987,0.607322,0.900548,0.75802,0.663879,0.719823,0.745129,0.676929,0.621732,0.79689,0.480464,0.592614,0.735368,0.516734,0.276501,0.52407,0.500625,0.484247,0.771077,0.734927,0.502929,0.526252,0.247837,0.415024,0.650379,0.631072,0.47726,0.554084,0.670217,0.652153,0.755286,0.67956,0.728788,0.623994,0.284556,0.5295,0.520358,0.707039,0.75382,0.587858,0.890779,0.660267,0.523166,0.609763,0.733247,0.440994,0.726541,0.632329,0.699352,0.746328,0.694222,0.556285,0.638747,0.762134,0.547592,0.54571,0.750202,0.645135,0.506265,0.309882,0.427421,0.671505,0.774337,0.593693,0.493174,0.308985,0.566559,0.609659,0.65663,0.217097,0.660805
0.605992,0.695602,0.463499,0.533556,0.615759,0.514472,0.562009,0.527794,0.513357,0.551513,0.552861,0.500215,0.615537,1,0.225602,0.660855,0.558272,0.464491,0.630147,0.574464,0.636913,0.459742,0.434207,0.625297,0.474323,0.57372,0.603602,0.545234,0.357253,0.231031,0.123552,0.375459,0.668287,0.576243,0.579313,0.179065,0.397199,0.496667,0.660827,0.594367,0.268268,0.468739,0.644439,0.818476,0.580401,0.307241,0.705092,0.738202,0.0435076,0.295754,0.580948,0.40564,0.357129,0.568572,0.635242,0.908126,0.497999,0.810408,0.443188,0.210764,0.372038,0.536865,0.678956,0.648588,0.621132,0.368418,0.497841,0.587736,0.469843,0.450459,0.606314,0.440425,0.291235,0.292559,0.566801,0.489025,0.63077,0.584099,0.220625,0.244766,0.507613,0.637372,0.653998,0.10296,0.454503
0.631561,0.498981,0.723171,0.59431,0.446944,0.657222,0.464562,0.322812,0.369744,0.668938,0.729402,0.544048,0.691987,0.225602,1,0.190322,0.720992,0.502935,0.602466,0.69951,0.726349,0.60125,0.665606,0.699531,0.468648,0.504089,0.653835,0.486157,0.316712,0.636148,0.614453,0.454609,0.662052,0.703236,0.45222,0.549632,0.0168626,0.353204,0.590952,0.62357,0.615936,0.390634,0.624349,0.402979,0.711313,0.682412,0.568923,0.508228,0.3933,0.47773,0.468346,0.611498,0.737232,0.387508,0.665664,0.397251,0.388795,0.370193,0.698473,0.467027,0.649606,0.543617,0.641897,0.700339,0.6828,0.467716,0.72552,0.702034,0.582055,0.469972,0.724858,0.654545,0.37613,0.375019,0.452952,0.681798,0.682111,0.528633,0.458426,0.250615,0.643561,0.592837,0.562823,0.3192,0.561376
0.464202,0.777613,0.342146,0.327079,0.408832,0.340462,0.2823,0.268152,0.380645,0.527234,0.470507,0.543079,0.607322,0.660855,0.190322,1,0.505225,0.33565,0.423728,0.4239,0.456464,0.362775,0.355898,0.387262,0.159856,0.212923,0.336871,0.220675,-0.0115272,0.0311225,0.140081,0.411872,0.563332,0.436378,0.418082,0.2488,0.323409,0.353651,0.381383,0.425652,0.307513,0.370453,0.469653,0.608243,0.374198,0.240107,0.614478,0.4399,0.040546,0.156865,0.288442,0.359871,0.256865,0.44997,0.597109,0.60879,0.357908,0.752424,0.498127,0.0608574,0.434499,0.313514,0.441953,0.441668,0.387561,0.381774,0.267185,0.378348,0.350954,0.404039,0.505698,0.386724,0.263514,0.293594,0.247502,0.188921,0.494312,0.323504,0.228255,0.186284,0.363725,0.357844,0.492032,0.000996659,0.459726
0.776016,0.756365,0.777699,0.707543,0.507952,0.722349,0.584895,0.427685,0.669861,0.857323,0.820183,0.636623,0.900548,0.558272,0.720992,0.505225,1,0.730718,0.728505,0.784529,0.829174,0.764699,0.73074,0.822164,0.600283,0.612259,0.77603,0.654434,0.309089,0.584183,0.574051,0.528445,0.762824,0.814699,0.547129,0.642021,0.315372,0.419056,0.73002,0.74668,0.584793,0.571025,0.748421,0.668403,0.841137,0.692324,0.814892,0.689127,0.2598,0.517833,0.598991,0.713008,0.795844,0.530413,0.886937,0.679531,0.455359,0.602836,0.839867,0.539744,0.73403,0.701099,0.76989,0.800432,0.795044,0.619667,0.644205,0.789327,0.581703,0.579543,0.794396,0.696464,0.481685,0.332343,0.520044,0.750247,0.835331,0.726339,0.59047,0.276126,0.699677,0.723911,0.737142,0.303435,0.725176
0.681323,0.576178,0.625521,0.61335,0.450208,0.599219,0.660513,0.429046,0.657933,0.625627,0.602492,0.607059,0.75802,0.464491,0.502935,0.33565,0.730718,1,0.590053,0.683015,0.603166,0.520007,0.458326,0.664819,0.571649,0.615304,0.716839,0.494317,0.184317,0.418802,0.538695,0.242398,0.593631,0.641881,0.241804,0.526549,0.129289,0.295399,0.577285,0.534782,0.409312,0.529593,0.605943,0.482251,0.684798,0.630493,0.548436,0.584022,0.140541,0.496875,0.546654,0.571789,0.593244,0.400172,0.624218,0.560054,0.459415,0.434292,0.514755,0.58524,0.639655,0.589241,0.6048,0.654901,0.588345,0.318449,0.515628,0.631346,0.375788,0.386587,0.664027,0.393459,0.31086,0.140654,0.376754,0.637242,0.63831,0.453132,0.308508,0.220386,0.430181,0.540249,0.489908,0.380317,0.536406
0.809889,0.626191,0.768646,0.712838,0.715772,0.632129,0.551422,0.399705,0.652407,0.734833,0.679453,0.46604,0.663879,0.630147,0.602466,0.423728,0.728505,0.590053,1,0.870594,0.863289,0.538695,0.802803,0.801657,0.553725,0.619471,0.791475,0.72967,0.353911,0.544711,0.614756,0.521702,0.766903,0.80533,0.600124,0.483098,0.132203,0.511005,0.828328,0.779197,0.523621,0.495214,0.847884,0.69229,0.814167,0.621791,0.790336,0.790055,0.275028,0.259373,0.663904,0.617006,0.679471,0.335668,0.639943,0.759208,0.660965,0.664046,0.597408,0.465225,0.510463,0.785057,0.862118,0.88395,0.881165,0.607424,0.682195,0.767696,0.601074,0.590965,0.801117,0.601899,0.484511,0.419872,0.76658,0.701348,0.819384,0.716854,0.59082,0.201193,0.690764,0.815267,0.831403,0.370311,0.646233
0.87711,0.608753,0.857941,0.777734,0.733354,0.728162,0.574639,0.43098,0.696253,0.770241,0.765144,0.515188,0.719823,0.574464,0.69951,0.4239,0.784529,0.683015,0.870594,1,0.920442,0.642842,0.727947,0.837684,0.637268,0.67361,0.812373,0.699127,0.309593,0.583466,0.598352,0.501529,0.776963,0.813492,0.595723,0.575314,0.0740666,0.622743,0.853275,0.849285,0.690506,0.575896,0.908417,0.662759,0.884344,0.769599,0.840131,0.811529,0.244139,0.325211,0.708851,0.71514,0.773391,0.384676,0.681861,0.752443,0.533287,0.63255,0.665021,0.467207,0.683649,0.781475,0.844889,0.91903,0.918363,0.628352,0.760188,0.814639,0.632272,0.596911,0.82281,0.638274,0.410587,0.310911,0.650646,0.797084,0.822216,0.678925,0.480711,0.282963,0.724344,0.854587,0.838153,0.466738,0.663034
0.901566,0.66069,0.883017,0.794544,0.720187,0.704299,0.62416,0.519574,0.6564,0.857829,0.863626,0.548161,0.745129,0.636913,0.726349,0.456464,0.829174,0.603166,0.863289,0.920442,1,0.755639,0.813297,0.892768,0.677478,0.694822,0.856455,0.767597,0.422869,0.638996,0.64344,0.682476,0.857155,0.920012,0.746891,0.601432,0.150447,0.638919,0.917732,0.900744,0.701174,0.639495,0.930146,0.746494,0.919342,0.7507,0.873375,0.841268,0.390243,0.395487,0.76544,0.741766,0.811906,0.479014,0.788542,0.781346,0.478703,0.711423,0.792995,0.4318,0.69104,0.779963,0.881654,0.954323,0.960966,0.634778,0.818361,0.889732,0.707634,0.665538,0.888021,0.71377,0.475463,0.402627,0.780494,0.860978,0.885792,0.768339,0.509135,0.34179,0.836872,0.930948,0.892016,0.409508,0.7587
0.639202,0.566308,0.703042,0.563887,0.443741,0.555565,0.447618,0.427897,0.589723,0.760521,0.72548,0.517614,0.676929,0.459742,0.60125,0.362775,0.764699,0.520007,0.538695,0.642842,0.755639,1,0.559295,0.712221,0.580597,0.551628,0.724367,0.559437,0.379221,0.572394,0.405296,0.617512,0.698541,0.715689,0.534411,0.591675,0.326262,0.440529,0.647502,0.723151,0.59317,0.572274,0.653228,0.553047,0.735717,0.564701,0.68775,0.65263,0.417602,0.561915,0.504113,0.545445,0.620231,0.493172,0.727928,0.582181,0.307216,0.518862,0.702448,0.304593,0.535044,0.491983,0.630403,0.712669,0.726543,0.534823,0.619038,0.70304,0.525877,0.476986,0.669404,0.66961,0.475269,0.213932,0.578835,0.702109,0.671492,0.653859,0.312194,0.372161,0.576636,0.651201,0.654537,0.180273,0.638527
0.766908,0.589616,0.762925,0.746335,0.614701,0.544319,0.547568,0.367233,0.629191,0.774015,0.732162,0.483489,0.621732,0.434207,0.665606,0.355898,0.73074,0.458326,0.802803,0.727947,0.813297,0.559295,1,0.750293,0.526775,0.433142,0.687533,0.723449,0.432554,0.582341,0.645934,0.542718,0.698791,0.80036,0.673449,0.474359,0.143507,0.397494,0.752394,0.780406,0.507957,0.618705,0.758287,0.614132,0.771163,0.675267,0.644279,0.670432,0.359702,0.265475,0.552225,0.679454,0.74758,0.24827,0.631079,0.570034,0.38036,0.567426,0.764587,0.437806,0.65887,0.697906,0.694279,0.825004,0.805675,0.606427,0.616736,0.789694,0.618382,0.679588,0.799295,0.66871,0.42447,0.490279,0.69579,0.650328,0.736271,0.611667,0.575349,0.277727,0.786853,0.797574,0.799253,0.310827,0.626713
0.877186,0.706238,0.8918,0.819356,0.648332,0.725658,0.601922,0.597572,0.621393,0.812067,0.837378,0.647959,0.79689,0.625297,0.699531,0.387262,0.822164,0.664819,0.801657,0.837684,0.892768,0.712221,0.750293,1,0.71853,0.772456,0.812265,0.713858,0.454073,0.597691,0.574878,0.654243,0.867482,0.833448,0.710292,0.601233,0.228346,0.562246,0.848922,0.841845,0.561705,0.681858,0.87701,0.789991,0.923684,0.754705,0.781967,0.829972,0.472453,0.48644,0.66247,0.752014,0.811131,0.618348,0.842033,0.753586,0.530197,0.656491,0.764412,0.426881,0.694615,0.741671,0.7589,0.862953,0.874337,0.603397,0.798657,0.963672,0.709797,0.672912,0.840757,0.778413,0.522613,0.325452,0.682863,0.843609,0.862546,0.710644,0.54998,0.465753,0.693332,0.846543,0.801806,0.270268,0.764509
0.679091,0.386973,0.712405,0.605101,0.507388,0.601943,0.362089,0.460257,0.536922,0.537977,0.599661,0.435196,0.480464,0.474323,0.468648,0.159856,0.600283,0.571649,0.553725,0.637268,0.677478,0.580597,0.526775,0.71853,1,0.663416,0.710027,0.652917,0.457875,0.451917,0.468367,0.409603,0.637953,0.689545,0.534715,0.526461,0.282818,0.402886,0.731138,0.664563,0.518702,0.599551,0.688184,0.500744,0.732528,0.577092,0.549895,0.633649,0.28775,0.410193,0.590833,0.32622,0.459867,0.43092,0.499816,0.61856,0.356189,0.46512,0.450935,0.282724,0.490133,0.636628,0.584577,0.69019,0.699349,0.484634,0.622513,0.700329,0.557957,0.504488,0.630672,0.559595,0.17596,0.229497,0.553715,0.696627,0.656873,0.518216,0.244904,0.311971,0.470177,0.713362,0.629283,0.177514,0.462497
0.721247,0.507392,0.670536,0.613977,0.562099,0.608592,0.485285,0.595056,0.508543,0.561245,0.594012,0.443003,0.592614,0.57372,0.504089,0.212923,0.612259,0.615304,0.619471,0.67361,0.694822,0.551628,0.433142,0.772456,0.663416,1,0.695767,0.644812,0.401759,0.422476,0.410389,0.452149,0.683572,0.670566,0.438536,0.517584,0.154672,0.393242,0.713185,0.681765,0.463196,0.593672,0.739224,0.734177,0.706752,0.545186,0.644429,0.732411,0.351265,0.557828,0.708183,0.522792,0.583747,0.609176,0.654207,0.688015,0.526948,0.561476,0.432378,0.301911,0.509363,0.584936,0.628403,0.705261,0.735642,0.390045,0.704201,0.69877,0.523557,0.365063,0.574801,0.61646,0.350918,0.204813,0.541592,0.739455,0.729574,0.574195,0.210712,0.370624,0.426976,0.696044,0.576637,0.155874,0.584102
0.827202,0.611591,0.852215,0.787763,0.638091,0.704361,0.635014,0.488681,0.660476,0.76808,0.788023,0.626727,0.735368,0.603602,0.653835,0.336871,0.77603,0.716839,0.791475,0.812373,0.856455,0.724367,0.687533,0.812265,0.710027,0.695767,1,0.750346,0.526565,0.628063,0.615191,0.592461,0.820469,0.825108,0.581864,0.552544,0.131387,0.428957,0.811345,0.760532,0.622976,0.601646,0.783854,0.624961,0.849275,0.688146,0.769808,0.788199,0.391793,0.535668,0.711917,0.639008,0.678944,0.501968,0.713983,0.722713,0.502931,0.574914,0.649218,0.575436,0.605394,0.759112,0.771493,0.861846,0.845035,0.492306,0.716984,0.796382,0.531941,0.524537,0.825353,0.659946,0.349266,0.389554,0.698136,0.789408,0.794735,0.688897,0.402724,0.362657,0.682325,0.795257,0.771892,0.363591,0.654564
0.759398,0.389809,0.729181,0.797835,0.667231,0.50529,0.532573,0.374834,0.598159,0.638197,0.627005,0.431619,0.516734,0.545234,0.486157,0.220675,0.654434,0.494317,0.72967,0.699127,0.767597,0.559437,0.723449,0.713858,0.652917,0.644812,0.750346,1,0.603365,0.57178,0.601902,0.527676,0.674357,0.803066,0.584008,0.415305,0.201773,0.374457,0.863167,0.76944,0.512034,0.582303,0.785176,0.624133,0.769216,0.569165,0.698134,0.657585,0.306619,0.447872,0.72069,0.516428,0.558732,0.388608,0.539309,0.695439,0.375716,0.645743,0.584496,0.428427,0.436669,0.663345,0.761513,0.786469,0.819394,0.418604,0.606941,0.72375,0.447279,0.583871,0.71397,0.587346,0.449316,0.471435,0.805701,0.740994,0.737124,0.62389,0.366748,0.438212,0.711927,0.826154,0.744055,0.410272,0.594509
0.471429,0.249437,0.5408,0.579886,0.254215,0.25261,0.308458,0.253074,0.392249,0.330061,0.417825,0.396808,0.276501,0.357253,0.316712,-0.0115272,0.309089,0.184317,0.353911,0.309593,0.422869,0.379221,0.432554,0.454073,0.457875,0.401759,0.526565,0.603365,1,0.46293,0.255055,0.468821,0.480797,0.433518,0.532512,0.227196,0.367701,0.218045,0.578474,0.525422,0.387605,0.508528,0.421273,0.351301,0.541267,0.386214,0.312995,0.370626,0.380459,0.541681,0.477958,0.346009,0.293107,0.445176,0.352131,0.350961,0.214414,0.278366,0.309547,0.264502,0.238827,0.383287,0.362152,0.4362,0.46336,0.0924559,0.433029,0.455818,0.112214,0.301093,0.443697,0.506453,0.0929334,0.340452,0.524683,0.475682,0.46581,0.279467,0.112661,0.577299,0.457154,0.527462,0.496145,0.199083,0.237658
0.505623,0.338412,0.623568,0.62729,0.306279,0.485425,0.526055,0.1056,0.400442,0.59346,0.579415,0.440723,0.52407,0.231031,0.636148,0.0311225,0.584183,0.418802,0.544711,0.583466,0.638996,0.572394,0.582341,0.597691,0.451917,0.422476,0.628063,0.57178,0.46293,1,0.569086,0.390215,0.463266,0.634253,0.521679,0.42808,0.151502,0.257728,0.577141,0.609197,0.410376,0.47408,0.522497,0.320018,0.663203,0.58332,0.469528,0.400112,0.355646,0.326649,0.442255,0.436727,0.555842,0.180386,0.447505,0.310918,0.136892,0.253822,0.540581,0.389326,0.493162,0.506694,0.595491,0.598486,0.616206,0.505949,0.541486,0.572402,0.321678,0.584032,0.534216,0.430957,0.536565,0.399285,0.499865,0.566144,0.595125,0.443841,0.387606,0.337785,0.618261,0.596131,0.556551,0.24515,0.366629
0.556901,0.250072,0.629711,0.601082,0.347294,0.469319,0.447293,0.115379,0.417094,0.553036,0.533113,0.433756,0.500625,0.123552,0.614453,0.140081,0.574051,0.538695,0.614756,0.598352,0.64344,0.405296,0.645934,0.574878,0.468367,0.410389,0.615191,0.601902,0.255055,0.569086,1,0.398979,0.498718,0.734141,0.317797,0.415388,-0.171004,0.154468,0.616295,0.526899,0.460082,0.403149,0.551962,0.29754,0.634779,0.66706,0.466905,0.367259,0.367928,0.333659,0.434691,0.450349,0.558295,0.184112,0.454235,0.260255,0.188636,0.344801,0.561529,0.362866,0.45764,0.485394,0.575652,0.67088,0.669636,0.398825,0.524565,0.568363,0.343226,0.429138,0.618831,0.320866,0.40641,0.330305,0.500894,0.683422,0.618177,0.401735,0.332544,0.126969,0.551767,0.611938,0.531286,0.496176,0.636807
0.689552,0.527929,0.661404,0.500653,0.453865,0.344483,0.298746,0.36636,0.383567,0.629304,0.666491,0.477433,0.484247,0.375459,0.454609,0.411872,0.528445,0.242398,0.521702,0.501529,0.682476,0.617512,0.542718,0.654243,0.409603,0.452149,0.592461,0.527676,0.468821,0.390215,0.398979,1,0.774792,0.650577,0.702959,0.530142,0.260407,0.53999,0.669282,0.653964,0.640279,0.56358,0.669311,0.586438,0.637412,0.41776,0.63296,0.531075,0.612632,0.408158,0.593511,0.536259,0.501953,0.566708,0.657145,0.467952,0.362072,0.575344,0.638588,0.259438,0.383725,0.553716,0.572477,0.58816,0.628609,0.294884,0.653365,0.670795,0.485284,0.533467,0.653313,0.636087,0.369174,0.354843,0.606902,0.571811,0.652506,0.475597,0.366689,0.575404,0.630066,0.624407,0.668448,0.173633,0.693366
0.862698,0.709831,0.831811,0.699099,0.660062,0.730219,0.541526,0.53747,0.668312,0.777518,0.806303,0.66097,0.771077,0.668287,0.662052,0.563332,0.762824,0.593631,0.766903,0.776963,0.857155,0.698541,0.698791,0.867482,0.637953,0.683572,0.820469,0.674357,0.480797,0.463266,0.498718,0.774792,1,0.835353,0.763155,0.603552,0.258236,0.50852,0.854738,0.803669,0.617007,0.700241,0.841541,0.777671,0.85494,0.65576,0.817281,0.826369,0.439728,0.560685,0.661025,0.615202,0.663858,0.670357,0.842323,0.764633,0.528481,0.763688,0.734039,0.42566,0.601835,0.716347,0.757991,0.834685,0.834587,0.480672,0.771574,0.866214,0.667206,0.638163,0.878981,0.764476,0.372973,0.403508,0.662153,0.736931,0.849212,0.618089,0.453707,0.520665,0.663369,0.817134,0.827165,0.14378,0.757547
0.860668,0.610094,0.844041,0.764301,0.609279,0.671017,0.639818,0.482266,0.656571,0.797835,0.805792,0.575886,0.734927,0.576243,0.703236,0.436378,0.814699,0.641881,0.80533,0.813492,0.920012,0.715689,0.80036,0.833448,0.689545,0.670566,0.825108,0.803066,0.433518,0.634253,0.734141,0.650577,0.835353,1,0.695109,0.565637,0.146002,0.461046,0.89259,0.811046,0.649065,0.636844,0.856254,0.699806,0.89298,0.749945,0.773988,0.724454,0.469253,0.499419,0.676053,0.649027,0.724094,0.488382,0.761637,0.697291,0.41091,0.698152,0.77355,0.426486,0.602501,0.696553,0.850715,0.92903,0.916385,0.57147,0.740229,0.823198,0.592738,0.65841,0.887966,0.664977,0.465217,0.413487,0.767989,0.807993,0.896338,0.739692,0.44559,0.334294,0.788341,0.889062,0.828676,0.375751,0.768135
0.729125,0.568858,0.712089,0.60777,0.52755,0.445937,0.427768,0.394659,0.550537,0.611669,0.631137,0.467583,0.502929,0.579313,0.45222,0.418082,0.547129,0.241804,0.600124,0.595723,0.746891,0.534411,0.673449,0.710292,0.534715,0.438536,0.581864,0.584008,0.532512,0.521679,0.317797,0.702959,0.763155,0.695109,1,0.500064,0.415756,0.539081,0.763294,0.757521,0.418538,0.682822,0.747274,0.668229,0.75655,0.55749,0.61215,0.68143,0.379374,0.326799,0.506217,0.504486,0.56673,0.448554,0.611943,0.615987,0.176316,0.628874,0.618119,0.199619,0.468958,0.568409,0.5968,0.686531,0.703639,0.514027,0.574347,0.733456,0.577404,0.749803,0.710632,0.652353,0.329084,0.366594,0.650841,0.578513,0.709345,0.528778,0.484313,0.451882,0.692533,0.802911,0.777734,0.0690761,0.473658
0.659669,0.526879,0.699624,0.4585,0.354621,0.430848,0.245348,0.271478,0.524146,0.53978,0.520207,0.387725,0.526252,0.179065,0.549632,0.2488,0.642021,0.526549,0.483098,0.575314,0.601432,0.591675,0.474359,0.601233,0.526461,0.517584,0.552544,0.415305,0.227196,0.42808,0.415388,0.530142,0.603552,0.565637,0.500064,1,0.284571,0.420023,0.581477,0.578482,0.497038,0.49253,0.596701,0.362961,0.670946,0.590146,0.557306,0.540934,0.322364,0.460485,0.424144,0.520507,0.591261,0.396076,0.539162,0.407054,0.303681,0.283077,0.4929,0.264458,0.539938,0.552638,0.463313,0.526107,0.573373,0.473969,0.515145,0.584514,0.48246,0.354395,0.561126,0.627588,0.328096,0.212586,0.356416,0.57859,0.609661,0.464554,0.534478,0.360381,0.500669,0.539933,0.489738,0.136543,0.464404
0.239674,0.424899,0.151313,0.120119,0.098684,-0.00876502,0.0893522,0.190292,0.2448,0.239719,0.163425,0.272294,0.247837,0.397199,0.0168626,0.323409,0.315372,0.129289,0.132203,0.0740666,0.150447,0.326262,0.143507,0.228346,0.282818,0.154672,0.131387,0.201773,0.367701,0.151502,-0.171004,0.260407,0.258236,0.146002,0.415756,0.284571,1,0.239819,0.21417,0.326208,0.0862222,0.410788,0.232168,0.356236,0.266656,-0.0229741,0.259836,0.204381,-0.00248537,0.317364,0.193746,0.0621868,0.018142,0.336485,0.340964,0.389999,0.162992,0.346122,0.212566,-0.0219749,0.168985,0.0984799,0.184249,0.101514,0.12336,0.110264,0.104938,0.207514,0.129803,0.270797,0.189655,0.349892,0.162288,0.0428845,0.170502,0.138332,0.312061,0.217553,0.244794,0.217332,0.191023,0.221545,0.226897,-0.193022,0.090564
0.647192,0.510542,0.529576,0.426685,0.566278,0.374992,0.374558,0.437561,0.325217,0.531105,0.57546,0.267433,0.415024,0.496667,0.353204,0.353651,0.419056,0.295399,0.511005,0.622743,0.638919,0.440529,0.397494,0.562246,0.402886,0.393242,0.428957,0.374457,0.218045,0.257728,0.154468,0.53999,0.50852,0.461046,0.539081,0.420023,0.239819,1,0.611267,0.607707,0.580278,0.359268,0.702053,0.538118,0.545833,0.385298,0.607283,0.525411,0.107394,0.152242,0.550834,0.523012,0.491643,0.273944,0.433354,0.593807,0.414121,0.485375,0.400228,0.0923875,0.427602,0.54615,0.623205,0.560025,0.555669,0.301129,0.66097,0.573614,0.507708,0.359506,0.57184,0.405243,0.377793,0.059958,0.521226,0.565814,0.447508,0.475054,0.361873,0.205524,0.553334,0.575725,0.523981,0.430613,0.390278
0.897545,0.552327,0.862675,0.79693,0.690805,0.669473,0.575696,0.498023,0.70719,0.730393,0.76256,0.532077,0.650379,0.660827,0.590952,0.381383,0.73002,0.577285,0.828328,0.853275,0.917732,0.647502,0.752394,0.848922,0.731138,0.713185,0.811345,0.863167,0.578474,0.577141,0.616295,0.669282,0.854738,0.89259,0.763294,0.581477,0.21417,0.611267,1,0.876012,0.64097,0.643382,0.912587,0.7219,0.911163,0.730485,0.81071,0.788855,0.341914,0.432848,0.780016,0.631571,0.688584,0.521106,0.684424,0.776908,0.456159,0.699856,0.652339,0.408169,0.556733,0.788118,0.851825,0.909522,0.938812,0.535531,0.778352,0.828943,0.607638,0.628021,0.848125,0.659999,0.427266,0.42481,0.808642,0.854056,0.859406,0.657875,0.442044,0.427397,0.778411,0.949265,0.892073,0.397229,0.670649
0.905225,0.651588,0.84888,0.817205,0.727353,0.558566,0.501694,0.516779,0.701302,0.832331,0.803192,0.547459,0.631072,0.594367,0.62357,0.425652,0.74668,0.534782,0.779197,0.849285,0.900744,0.723151,0.780406,0.841845,0.664563,0.681765,0.760532,0.76944,0.525422,0.609197,0.526899,0.653964,0.803669,0.811046,0.757521,0.578482,0.326208,0.607707,0.876012,1,0.635987,0.766057,0.920146,0.723419,0.884624,0.683543,0.789704,0.817094,0.348912,0.433539,0.736714,0.67803,0.717894,0.423234,0.707312,0.746994,0.420076,0.686565,0.746751,0.407611,0.691285,0.715617,0.777796,0.86474,0.88221,0.592447,0.70911,0.858189,0.669663,0.695703,0.81046,0.717619,0.371843,0.440134,0.73941,0.778305,0.835691,0.61242,0.430674,0.449762,0.778441,0.905305,0.889286,0.323582,0.661578
0.694758,0.426506,0.660152,0.51226,0.522947,0.491013,0.377885,0.43706,0.396786,0.591284,0.674544,0.329904,0.47726,0.268268,0.615936,0.307513,0.584793,0.409312,0.523621,0.690506,0.701174,0.59317,0.507957,0.561705,0.518702,0.463196,0.622976,0.512034,0.387605,0.410376,0.460082,0.640279,0.617007,0.649065,0.418538,0.497038,0.0862222,0.580278,0.64097,0.635987,1,0.406894,0.693821,0.417056,0.619492,0.524073,0.7197,0.49514,0.358698,0.4189,0.646785,0.525402,0.504591,0.365974,0.551122,0.450714,0.407234,0.411927,0.59283,0.262996,0.505705,0.600033,0.657006,0.632014,0.648751,0.246998,0.728521,0.56262,0.455254,0.338731,0.68718,0.568564,0.278663,0.173919,0.473834,0.582422,0.602749,0.505028,0.242205,0.398588,0.670576,0.568528,0.58469,0.41668,0.60116
0.721789,0.549903,0.658832,0.63841,0.551072,0.492857,0.532841,0.445126,0.682469,0.692522,0.641206,0.54006,0.554084,0.468739,0.390634,0.370453,0.571025,0.529593,0.495214,0.575896,0.639495,0.572274,0.618705,0.681858,0.599551,0.593672,0.601646,0.582303,0.508528,0.47408,0.403149,0.56358,0.700241,0.636844,0.682822,0.49253,0.410788,0.359268,0.643382,0.766057,0.406894,1,0.677865,0.641284,0.689935,0.569524,0.529981,0.656776,0.361892,0.564553,0.541559,0.484178,0.511274,0.416088,0.624697,0.584036,0.205598,0.596659,0.584431,0.249216,0.62673,0.504768,0.484692,0.634785,0.63635,0.361472,0.525265,0.74293,0.466356,0.619584,0.59723,0.582856,0.224216,0.224323,0.448304,0.591086,0.678491,0.387736,0.209559,0.552809,0.501252,0.709606,0.657781,0.0637841,0.56255
0.946581,0.663582,0.861834,0.797859,0.791606,0.606035,0.563558,0.544819,0.676053,0.776886,0.778284,0.508319,0.670217,0.644439,0.624349,0.469653,0.748421,0.605943,0.847884,0.908417,0.930146,0.653228,0.758287,0.87701,0.688184,0.739224,0.783854,0.785176,0.421273,0.522497,0.551962,0.669311,0.841541,0.856254,0.747274,0.596701,0.232168,0.702053,0.912587,0.920146,0.693821,0.677865,1,0.790316,0.895421,0.694932,0.856976,0.847738,0.308585,0.399818,0.787561,0.684927,0.738234,0.456061,0.712989,0.802011,0.527129,0.762406,0.702404,0.378404,0.669024,0.769426,0.846036,0.913612,0.910766,0.593396,0.789555,0.868849,0.688236,0.698588,0.883255,0.728768,0.446647,0.364892,0.786406,0.809137,0.843044,0.67166,0.466125,0.390518,0.765655,0.910053,0.860436,0.390868,0.696611
0.752982,0.746223,0.602647,0.638085,0.613794,0.523615,0.559074,0.640066,0.545009,0.632139,0.614447,0.508838,0.652153,0.818476,0.402979,0.608243,0.668403,0.482251,0.69229,0.662759,0.746494,0.553047,0.614132,0.789991,0.500744,0.734177,0.624961,0.624133,0.351301,0.320018,0.29754,0.586438,0.777671,0.699806,0.668229,0.362961,0.356236,0.538118,0.7219,0.723419,0.417056,0.641284,0.790316,1,0.708628,0.431063,0.762469,0.804383,0.28668,0.401629,0.662099,0.605318,0.567043,0.684928,0.785161,0.831235,0.493479,0.837455,0.635852,0.242984,0.525191,0.554864,0.695387,0.730573,0.736436,0.393631,0.662782,0.74409,0.587922,0.544057,0.706142,0.65374,0.437607,0.223392,0.623542,0.619248,0.742415,0.648729,0.379776,0.350774,0.598248,0.738731,0.710439,0.133965,0.69721
0.917808,0.659931,0.949898,0.87177,0.591037,0.689844,0.566447,0.508867,0.732164,0.799956,0.810074,0.617365,0.755286,0.580401,0.711313,0.374198,0.841137,0.684798,0.814167,0.884344,0.919342,0.735717,0.771163,0.923684,0.732528,0.706752,0.849275,0.769216,0.541267,0.663203,0.634779,0.637412,0.85494,0.89298,0.75655,0.670946,0.266656,0.545833,0.911163,0.884624,0.619492,0.689935,0.895421,0.708628,1,0.852282,0.78403,0.800099,0.414858,0.525277,0.66584,0.749358,0.81974,0.558844,0.781313,0.717565,0.425742,0.623758,0.76556,0.495465,0.690872,0.72204,0.779888,0.90913,0.921919,0.615465,0.746047,0.892474,0.578799,0.66911,0.880019,0.773069,0.444432,0.369664,0.712788,0.875089,0.89171,0.708441,0.548882,0.443503,0.741602,0.914781,0.856555,0.395926,0.700147
0.749171,0.482812,0.869973,0.796302,0.409824,0.683218,0.478677,0.367219,0.613214,0.713518,0.752089,0.570197,0.67956,0.307241,0.682412,0.240107,0.692324,0.630493,0.621791,0.769599,0.7507,0.564701,0.675267,0.754705,0.577092,0.545186,0.688146,0.569165,0.386214,0.58332,0.66706,0.41776,0.65576,0.749945,0.55749,0.590146,-0.0229741,0.385298,0.730485,0.683543,0.524073,0.569524,0.694932,0.431063,0.852282,1,0.552107,0.558858,0.335679,0.414208,0.40576,0.726324,0.837652,0.335423,0.597341,0.464899,0.233098,0.357437,0.645989,0.392883,0.675498,0.555356,0.569147,0.768068,0.775944,0.586631,0.614348,0.735431,0.408562,0.536436,0.700383,0.60167,0.359822,0.247582,0.436679,0.773957,0.698405,0.511646,0.433325,0.330734,0.543074,0.748,0.671818,0.446198,0.532995
0.809282,0.689342,0.732215,0.685471,0.717396,0.671772,0.542262,0.521716,0.60655,0.775758,0.74697,0.44965,0.728788,0.705092,0.568923,0.614478,0.814892,0.548436,0.790336,0.840131,0.873375,0.68775,0.644279,0.781967,0.549895,0.644429,0.769808,0.698134,0.312995,0.469528,0.466905,0.63296,0.817281,0.773988,0.61215,0.557306,0.259836,0.607283,0.81071,0.789704,0.7197,0.529981,0.856976,0.762469,0.78403,0.552107,1,0.803475,0.169379,0.40382,0.715596,0.594097,0.632922,0.521124,0.789963,0.827618,0.498778,0.769818,0.743374,0.358581,0.606452,0.716206,0.823033,0.800908,0.830283,0.546902,0.724407,0.755785,0.603316,0.552148,0.807559,0.6884,0.517168,0.336545,0.635834,0.712056,0.785632,0.707669,0.481525,0.353242,0.736905,0.774325,0.777768,0.278647,0.739107
0.828723,0.645418,0.751229,0.701564,0.775377,0.62384,0.563773,0.623206,0.676901,0.704837,0.680776,0.434204,0.623994,0.738202,0.508228,0.4399,0.689127,0.584022,0.790055,0.811529,0.841268,0.65263,0.670432,0.829972,0.633649,0.732411,0.788199,0.657585,0.370626,0.400112,0.367259,0.531075,0.826369,0.724454,0.68143,0.540934,0.204381,0.525411,0.788855,0.817094,0.49514,0.656776,0.847738,0.804383,0.800099,0.558858,0.803475,1,0.292687,0.405438,0.70531,0.612471,0.655765,0.515754,0.708139,0.835515,0.523152,0.699969,0.620572,0.376494,0.595308,0.714408,0.707435,0.819865,0.823273,0.516403,0.665184,0.832862,0.729015,0.57594,0.781062,0.693245,0.286085,0.300381,0.66928,0.692643,0.760269,0.706221,0.412161,0.416428,0.648847,0.810541,0.806162,0.118829,0.637855
0.396107,0.265737,0.489161,0.319645,0.193592,0.152317,0.187124,0.282993,0.179109,0.35991,0.415067,0.3905,0.284556,0.0435076,0.3933,0.040546,0.2598,0.140541,0.275028,0.244139,0.390243,0.417602,0.359702,0.472453,0.28775,0.351265,0.391793,0.306619,0.380459,0.355646,0.367928,0.612632,0.439728,0.469253,0.379374,0.322364,-0.00248537,0.107394,0.341914,0.348912,0.358698,0.361892,0.308585,0.28668,0.414858,0.335679,0.169379,0.292687,1,0.427058,0.314134,0.455878,0.369608,0.455145,0.410295,0.112473,0.304335,0.130156,0.365055,0.048505,0.196591,0.22787,0.270828,0.360034,0.370396,0.1024,0.452215,0.481035,0.340776,0.235162,0.355253,0.467947,0.152432,0.161574,0.386305,0.311007,0.463163,0.35483,0.177882,0.52223,0.371592,0.308741,0.350956,0.042497,0.514293
0.467745,0.388827,0.501912,0.412408,0.237065,0.405247,0.411701,0.406485,0.504072,0.43676,0.437493,0.450102,0.5295,0.295754,0.47773,0.156865,0.517833,0.496875,0.259373,0.325211,0.395487,0.561915,0.265475,0.48644,0.410193,0.557828,0.535668,0.447872,0.541681,0.326649,0.333659,0.408158,0.560685,0.499419,0.326799,0.460485,0.317364,0.152242,0.432848,0.433539,0.4189,0.564553,0.399818,0.401629,0.525277,0.414208,0.40382,0.405438,0.427058,1,0.349982,0.336391,0.350313,0.571086,0.594902,0.356952,0.215095,0.341431,0.442746,0.245785,0.357674,0.202011,0.381685,0.40909,0.39927,0.00951527,0.50209,0.498876,0.169148,0.178995,0.482573,0.519334,0.212275,0.0247127,0.310453,0.513585,0.48083,0.356897,0.15115,0.483082,0.304036,0.372787,0.252199,0.13207,0.45759
0.769352,0.469257,0.619112,0.617583,0.69438,0.44989,0.587614,0.509816,0.529297,0.612411,0.641861,0.407992,0.520358,0.580948,0.468346,0.288442,0.598991,0.546654,0.663904,0.708851,0.76544,0.504113,0.552225,0.66247,0.590833,0.708183,0.711917,0.72069,0.477958,0.442255,0.434691,0.593511,0.661025,0.676053,0.506217,0.424144,0.193746,0.550834,0.780016,0.736714,0.646785,0.541559,0.787561,0.662099,0.66584,0.40576,0.715596,0.70531,0.314134,0.349982,1,0.571631,0.541107,0.499849,0.600936,0.671818,0.574141,0.582317,0.505768,0.411268,0.550645,0.72628,0.75304,0.719247,0.72872,0.264063,0.727162,0.65507,0.601818,0.42527,0.67892,0.537566,0.22661,0.334708,0.666852,0.680437,0.719806,0.530919,0.213941,0.408972,0.709277,0.723816,0.720573,0.340331,0.576945
0.775742,0.686775,0.762799,0.738212,0.476737,0.453634,0.525107,0.492619,0.48092,0.735366,0.763637,0.592713,0.707039,0.40564,0.611498,0.359871,0.713008,0.571789,0.617006,0.71514,0.741766,0.545445,0.679454,0.752014,0.32622,0.522792,0.639008,0.516428,0.346009,0.436727,0.450349,0.536259,0.615202,0.649027,0.504486,0.520507,0.0621868,0.523012,0.631571,0.67803,0.525402,0.484178,0.684927,0.605318,0.749358,0.726324,0.594097,0.612471,0.455878,0.336391,0.571631,1,0.887107,0.498276,0.738567,0.522412,0.434049,0.411997,0.730138,0.458337,0.709831,0.581739,0.580031,0.688532,0.679114,0.396974,0.600492,0.742538,0.509737,0.4471,0.679345,0.647618,0.341829,0.228071,0.479301,0.652851,0.686195,0.609657,0.549848,0.390097,0.694845,0.638764,0.657141,0.510385,0.629728
0.765854,0.592171,0.824267,0.749537,0.489547,0.607904,0.504428,0.433461,0.548832,0.807513,0.808188,0.531922,0.75382,0.357129,0.737232,0.256865,0.795844,0.593244,0.679471,0.773391,0.811906,0.620231,0.74758,0.811131,0.459867,0.583747,0.678944,0.558732,0.293107,0.555842,0.558295,0.501953,0.663858,0.724094,0.56673,0.591261,0.018142,0.491643,0.688584,0.717894,0.504591,0.511274,0.738234,0.567043,0.81974,0.837652,0.632922,0.655765,0.369608,0.350313,0.541107,0.887107,1,0.377271,0.735684,0.515009,0.344739,0.404793,0.774214,0.469095,0.757541,0.606845,0.630209,0.769265,0.77182,0.589498,0.664848,0.809256,0.588691,0.560847,0.712211,0.693624,0.43826,0.264881,0.53203,0.77326,0.700414,0.651504,0.624856,0.265359,0.655964,0.722147,0.686532,0.412267,0.605294
