1,0.956585,0.957518,0.873195,0.818542,0.81158,0.774933,0.680775,0.617854,0.766225,0.809977,0.824219,0.903986,0.925595,0.788303,0.870666,0.918719,0.73451,0.7698,0.890606,0.941639,0.720087,0.760148,0.927407,0.329685,0.821153,0.921992,0.803041,0.540663,0.41365,0.303301,0.762745,0.821445,0.777438,0.573366,0.274276,0.316852,0.701101,0.85943,0.906018,0.672193,0.801014,0.937963,0.839523,0.934883,0.798899,0.927772,0.876941,0.752297,0.795007,0.707302,0.837083,0.828003,0.611921,0.816402,0.946509,0.80476,0.878664,0.885843,0.692968,0.699886,0.694944,0.858606,0.90225,0.932678,0.661782,0.919615,0.945211,0.651856,0.842121,0.914126,0.711993,0.272554,0.488859,0.769662,0.884304,0.859321,0.526241,0.463194,0.241931,0.690395,0.901719,0.913067,0.612948,0.813626
0.956585,1,0.961445,0.895194,0.893185,0.790106,0.775713,0.643653,0.705107,0.77146,0.843593,0.841802,0.926346,0.956197,0.836919,0.858404,0.930368,0.708848,0.765374,0.889833,0.932588,0.673026,0.819837,0.929718,0.303942,0.813278,0.923296,0.767815,0.580968,0.541737,0.383466,0.648459,0.813771,0.778223,0.590841,0.295123,0.353385,0.638058,0.889359,0.911974,0.625357,0.832478,0.954231,0.89306,0.955156,0.843899,0.909894,0.877134,0.674824,0.811354,0.688758,0.787683,0.866249,0.640233,0.81822,0.949086,0.789368,0.88307,0.873089,0.635255,0.72284,0.697693,0.87205,0.910038,0.936473,0.667776,0.907654,0.953917,0.600975,0.847007,0.896316,0.728873,0.351259,0.523982,0.788152,0.861671,0.872704,0.490332,0.447853,0.228109,0.672424,0.919369,0.908644,0.601212,0.821783
0.957518,0.961445,1,0.925305,0.862126,0.781105,0.774401,0.647,0.680842,0.810607,0.871348,0.868507,0.903761,0.9346,0.846487,0.889685,0.929067,0.682065,0.805255,0.935164,0.965222,0.700614,0.838486,0.956294,0.283654,0.773625,0.940763,0.785473,0.644904,0.54978,0.356448,0.668415,0.799551,0.807563,0.562077,0.331972,0.457135,0.623783,0.893184,0.931242,0.646976,0.849337,0.966351,0.901405,0.968823,0.877664,0.918866,0.889134,0.73021,0.797318,0.678872,0.826654,0.872806,0.62247,0.824876,0.957289,0.82417,0.880954,0.893737,0.68935,0.729896,0.682652,0.906223,0.923875,0.954195,0.709107,0.914547,0.969158,0.653279,0.900341,0.939673,0.792353,0.274838,0.534197,0.775642,0.862621,0.912567,0.529559,0.445613,0.241867,0.727862,0.88263,0.930098,0.581816,0.833581
0.873195,0.895194,0.925305,1,0.824103,0.704069,0.712257,0.500793,0.728618,0.818859,0.872798,0.757949,0.818622,0.88215,0.768082,0.811832,0.87633,0.672141,0.764922,0.907944,0.913859,0.705211,0.807872,0.933249,0.288005,0.739494,0.903408,0.764248,0.596986,0.515017,0.379271,0.541435,0.733682,0.752779,0.571605,0.241497,0.390737,0.511939,0.824187,0.844684,0.626046,0.785033,0.895401,0.864646,0.922113,0.896322,0.849826,0.80946,0.710926,0.687296,0.699634,0.722773,0.863363,0.481302,0.734397,0.891657,0.785811,0.8589,0.820833,0.617518,0.730493,0.690088,0.879434,0.864079,0.924547,0.713945,0.889542,0.939918,0.539981,0.851719,0.902407,0.75221,0.192878,0.583982,0.668578,0.804447,0.881117,0.434263,0.515538,0.27339,0.608437,0.791197,0.838616,0.447536,0.776328
0.818542,0.893185,0.862126,0.824103,1,0.747091,0.682889,0.689779,0.678183,0.68394,0.765464,0.758475,0.796219,0.87226,0.773075,0.75057,0.82753,0.689646,0.695434,0.858587,0.838827,0.568377,0.855924,0.886009,0.226753,0.749156,0.888791,0.675329,0.537433,0.488587,0.366482,0.477668,0.7381,0.73811,0.475224,0.419238,0.462985,0.562715,0.827863,0.831343,0.56567,0.773173,0.833469,0.807861,0.847357,0.805201,0.846518,0.838491,0.566653,0.801939,0.649642,0.704013,0.824256,0.476929,0.65384,0.870803,0.771803,0.752687,0.704042,0.499213,0.669062,0.651899,0.75065,0.835091,0.866027,0.60147,0.850729,0.896153,0.556593,0.778279,0.840334,0.682518,0.377941,0.523192,0.742294,0.781157,0.78308,0.349186,0.379851,0.418144,0.603273,0.776822,0.825025,0.5687,0.722347
0.81158,0.790106,0.781105,0.704069,0.747091,1,0.640234,0.661438,0.452284,0.668174,0.668676,0.732984,0.761489,0.793386,0.697987,0.711778,0.767822,0.636627,0.667537,0.782348,0.822641,0.720629,0.663907,0.796376,0.374322,0.722103,0.806957,0.762063,0.467626,0.270656,0.234485,0.681644,0.622522,0.616781,0.486946,0.444536,0.420659,0.598351,0.761022,0.769733,0.55208,0.683787,0.762081,0.69114,0.738828,0.670789,0.813507,0.802468,0.527346,0.694434,0.471552,0.699078,0.771603,0.573905,0.728266,0.787157,0.750266,0.726239,0.736151,0.456273,0.563845,0.44768,0.652115,0.784194,0.803092,0.473411,0.769016,0.786298,0.502304,0.656987,0.789588,0.61962,0.326898,0.404628,0.566306,0.703716,0.698775,0.436973,0.33696,0.111916,0.615906,0.736759,0.744318,0.585895,0.591594
0.774933,0.775713,0.774401,0.712257,0.682889,0.640234,1,0.453491,0.531011,0.645842,0.708232,0.690454,0.699656,0.810414,0.672935,0.681432,0.727049,0.561936,0.776709,0.677536,0.764379,0.611003,0.637643,0.725246,0.189625,0.648021,0.747949,0.656985,0.584853,0.447139,0.380359,0.527812,0.766582,0.642471,0.44892,0.340262,0.341066,0.576996,0.68596,0.772457,0.518215,0.674849,0.830277,0.664253,0.76135,0.655608,0.663237,0.695627,0.635007,0.64808,0.524136,0.732734,0.761335,0.616727,0.774011,0.735241,0.704786,0.660544,0.750331,0.619923,0.619878,0.587702,0.673716,0.726783,0.74277,0.543781,0.738648,0.749317,0.427189,0.747604,0.749087,0.592079,0.257919,0.228182,0.65824,0.673729,0.747694,0.40691,0.307866,0.204186,0.620793,0.706939,0.745196,0.518403,0.557818
0.680775,0.643653,0.647,0.500793,0.689779,0.661438,0.453491,1,0.250882,0.309158,0.346719,0.654677,0.686789,0.611231,0.564679,0.542672,0.661399,0.531981,0.359525,0.607271,0.643474,0.40098,0.58814,0.642455,0.19941,0.596139,0.695644,0.490652,0.426989,0.164097,0.296147,0.582679,0.569916,0.557241,0.335774,0.436498,0.364646,0.71407,0.701812,0.620295,0.603088,0.645976,0.586068,0.504022,0.581528,0.44854,0.719633,0.776488,0.339644,0.591519,0.384067,0.515955,0.547827,0.440213,0.520683,0.709668,0.50971,0.508402,0.557389,0.409041,0.430844,0.370321,0.446413,0.623308,0.607794,0.326059,0.587316,0.652461,0.56749,0.405722,0.65094,0.501257,0.339008,0.326479,0.554915,0.619068,0.530056,0.320359,0.388648,0.382246,0.487424,0.639692,0.615452,0.540282,0.552084
0.617854,0.705107,0.680842,0.728618,0.678183,0.452284,0.531011,0.250882,1,0.713358,0.690227,0.605351,0.655518,0.675311,0.735329,0.553242,0.623951,0.588965,0.531231,0.662732,0.630948,0.387614,0.774458,0.691183,0.0661046,0.440087,0.675016,0.543209,0.412993,0.602998,0.17032,0.178037,0.510359,0.592318,0.413561,0.132587,0.420568,0.26874,0.60116,0.645572,0.381312,0.584048,0.680484,0.689642,0.710539,0.748071,0.615738,0.54319,0.50258,0.651081,0.533443,0.525951,0.625387,0.403297,0.566713,0.638413,0.568861,0.708309,0.587432,0.449937,0.55565,0.625085,0.633707,0.685619,0.718692,0.662645,0.717326,0.745411,0.347633,0.710641,0.632719,0.504154,0.114831,0.426014,0.566013,0.628581,0.707045,0.230701,0.266841,0.174666,0.370716,0.634156,0.688329,0.295088,0.62685
0.766225,0.77146,0.810607,0.818859,0.68394,0.668174,0.645842,0.309158,0.713358,1,0.914196,0.718938,0.687236,0.775377,0.677587,0.701379,0.726006,0.658759,0.673476,0.804048,0.819986,0.766499,0.720734,0.830084,0.374671,0.632898,0.822312,0.762575,0.491728,0.406107,0.16349,0.529122,0.693737,0.758496,0.523717,0.0721811,0.371909,0.392453,0.666938,0.78349,0.491286,0.603822,0.786473,0.72061,0.781662,0.818219,0.72581,0.690141,0.800325,0.729593,0.674216,0.817099,0.78118,0.513882,0.717652,0.762091,0.821091,0.788212,0.753274,0.557352,0.70643,0.568676,0.776428,0.783329,0.831994,0.660954,0.821563,0.81956,0.441438,0.788686,0.77137,0.641551,0.204687,0.535599,0.64232,0.678527,0.835391,0.454934,0.42389,0.0912384,0.584359,0.672166,0.806995,0.422907,0.738299
0.809977,0.843593,0.871348,0.872798,0.765464,0.668676,0.708232,0.346719,0.690227,0.914196,1,0.734419,0.742209,0.823718,0.737745,0.818669,0.815347,0.668182,0.785061,0.861922,0.879364,0.740236,0.75721,0.860226,0.34015,0.720656,0.85885,0.781574,0.61495,0.520179,0.282557,0.504602,0.748758,0.802028,0.593566,0.10357,0.379908,0.463943,0.751917,0.821923,0.503556,0.675818,0.845057,0.819159,0.871171,0.875626,0.754274,0.714123,0.782995,0.705447,0.711646,0.785477,0.851501,0.54254,0.746059,0.80945,0.790095,0.868347,0.797875,0.591364,0.734226,0.624869,0.876963,0.837385,0.892754,0.661263,0.846686,0.866709,0.466557,0.860596,0.855686,0.689795,0.229284,0.589044,0.702095,0.770373,0.897046,0.52306,0.369485,0.114343,0.591694,0.763824,0.837293,0.508627,0.809625
0.824219,0.841802,0.868507,0.757949,0.758475,0.732984,0.690454,0.654677,0.605351,0.718938,0.734419,1,0.914937,0.835026,0.731835,0.719093,0.858612,0.681903,0.616399,0.785184,0.877029,0.603037,0.743697,0.812588,0.20267,0.653092,0.813971,0.652163,0.602494,0.408342,0.358951,0.573248,0.759772,0.683495,0.533529,0.337462,0.423279,0.585073,0.862911,0.795221,0.5742,0.770712,0.854675,0.828486,0.86518,0.732303,0.78642,0.799369,0.57405,0.817922,0.495982,0.757983,0.796828,0.797136,0.889596,0.841081,0.721967,0.803912,0.896781,0.636398,0.592853,0.491531,0.760941,0.836828,0.858791,0.670515,0.784243,0.820028,0.602612,0.710038,0.768556,0.615988,0.284394,0.500189,0.732659,0.771095,0.769605,0.403699,0.383699,0.15127,0.753621,0.879443,0.857849,0.602222,0.792558
0.903986,0.926346,0.903761,0.818622,0.796219,0.761489,0.699656,0.686789,0.655518,0.687236,0.742209,0.914937,1,0.876017,0.797811,0.811185,0.938117,0.666589,0.670672,0.817655,0.898876,0.562565,0.776641,0.854548,0.231899,0.712692,0.849292,0.667066,0.590254,0.480795,0.411821,0.628152,0.789197,0.710919,0.61128,0.338943,0.336479,0.657938,0.894425,0.840819,0.603615,0.817018,0.89247,0.856764,0.906811,0.745525,0.8397,0.848882,0.572543,0.781942,0.590775,0.716289,0.846401,0.767218,0.880109,0.89317,0.700478,0.869644,0.916294,0.654648,0.60255,0.647236,0.781313,0.873049,0.902195,0.662334,0.841466,0.874683,0.614934,0.735864,0.82593,0.608578,0.30325,0.552083,0.754068,0.810371,0.803102,0.489185,0.467666,0.211507,0.686294,0.944738,0.886935,0.595113,0.815031
0.925595,0.956197,0.9346,0.88215,0.87226,0.793386,0.810414,0.611231,0.675311,0.775377,0.823718,0.835026,0.876017,1,0.786208,0.786432,0.907774,0.758925,0.742707,0.862441,0.910421,0.693768,0.805605,0.932262,0.303851,0.812886,0.912449,0.762714,0.584239,0.565064,0.401408,0.597831,0.78317,0.71707,0.552599,0.265063,0.315986,0.628807,0.86254,0.893566,0.691677,0.81272,0.959199,0.841841,0.918304,0.805051,0.874801,0.865586,0.693828,0.841674,0.730741,0.811291,0.859517,0.671668,0.848416,0.937707,0.842941,0.849364,0.872629,0.647383,0.72835,0.651658,0.835731,0.885015,0.907704,0.675885,0.907395,0.931058,0.571757,0.827191,0.879183,0.671295,0.321868,0.486923,0.772737,0.860843,0.843039,0.466008,0.458147,0.259076,0.696642,0.87994,0.869937,0.599,0.763736
0.788303,0.836919,0.846487,0.768082,0.773075,0.697987,0.672935,0.564679,0.735329,0.677587,0.737745,0.731835,0.797811,0.786208,1,0.745685,0.795094,0.50963,0.717501,0.776296,0.81922,0.566015,0.839534,0.800014,0.184622,0.510359,0.78094,0.737272,0.592665,0.607084,0.422518,0.491468,0.576514,0.739982,0.364798,0.294578,0.575531,0.599325,0.764895,0.788365,0.487208,0.800034,0.823761,0.766598,0.796282,0.784801,0.773957,0.758132,0.599884,0.652784,0.466203,0.636456,0.767301,0.549856,0.713311,0.774806,0.70601,0.79303,0.729903,0.518445,0.590644,0.555914,0.757434,0.861401,0.838876,0.716822,0.748572,0.847613,0.536726,0.798985,0.789863,0.700186,0.177155,0.477707,0.598517,0.703927,0.868338,0.467886,0.454495,0.0356919,0.576572,0.776267,0.810177,0.643299,0.630728
0.870666,0.858404,0.889685,0.811832,0.75057,0.711778,0.681432,0.542672,0.553242,0.701379,0.818669,0.719093,0.811185,0.786432,0.745685,1,0.839606,0.575148,0.841644,0.887643,0.884577,0.619712,0.689907,0.823181,0.110643,0.749629,0.824637,0.732056,0.538011,0.445553,0.243765,0.700711,0.723866,0.72464,0.505308,0.355045,0.33802,0.499916,0.788135,0.853072,0.472102,0.659257,0.850525,0.846953,0.906376,0.819433,0.811625,0.744207,0.605213,0.678661,0.578998,0.76739,0.792874,0.524127,0.7093,0.822168,0.680212,0.874433,0.81466,0.610999,0.60332,0.614116,0.843003,0.873913,0.892454,0.634622,0.832656,0.845112,0.605559,0.851038,0.885902,0.723631,0.281039,0.434873,0.608663,0.809191,0.825786,0.589944,0.30039,0.127655,0.564165,0.836238,0.850575,0.598139,0.753625
0.918719,0.930368,0.929067,0.87633,0.82753,0.767822,0.727049,0.661399,0.623951,0.726006,0.815347,0.858612,0.938117,0.907774,0.795094,0.839606,1,0.703338,0.703584,0.860286,0.909802,0.628712,0.775522,0.899215,0.290141,0.777188,0.892681,0.737619,0.650074,0.543023,0.40137,0.611226,0.775026,0.759394,0.628022,0.247251,0.332337,0.663605,0.879801,0.832299,0.662616,0.859915,0.925231,0.842382,0.922838,0.757343,0.830481,0.842875,0.635762,0.755916,0.700809,0.748446,0.882143,0.6981,0.85821,0.914184,0.736673,0.876399,0.915408,0.701807,0.686324,0.687396,0.858109,0.877691,0.929737,0.672569,0.885252,0.909574,0.594005,0.787691,0.867344,0.653862,0.309734,0.628058,0.793244,0.827248,0.829132,0.490989,0.488217,0.21288,0.674977,0.920068,0.855773,0.648103,0.826755
0.73451,0.708848,0.682065,0.672141,0.689646,0.636627,0.561936,0.531981,0.588965,0.658759,0.668182,0.681903,0.666589,0.758925,0.50963,0.575148,0.703338,1,0.492734,0.697878,0.723436,0.621685,0.626057,0.718812,0.309361,0.738223,0.747269,0.671297,0.393517,0.233277,0.223858,0.441649,0.632303,0.574269,0.512047,0.11942,0.146183,0.604561,0.729946,0.640624,0.654751,0.49686,0.683538,0.609699,0.705305,0.651674,0.664434,0.634218,0.592273,0.769619,0.641104,0.656402,0.639228,0.525229,0.672775,0.734848,0.680581,0.754308,0.703297,0.521019,0.6131,0.51067,0.610979,0.734414,0.736714,0.59134,0.799921,0.725519,0.443239,0.565321,0.696049,0.429617,0.41135,0.312603,0.704591,0.772552,0.639624,0.268102,0.28437,0.247022,0.40055,0.755177,0.647954,0.426624,0.714886
0.7698,0.765374,0.805255,0.764922,0.695434,0.667537,0.776709,0.359525,0.531231,0.673476,0.785061,0.616399,0.670672,0.742707,0.717501,0.841644,0.703584,0.492734,1,0.798358,0.810456,0.62245,0.690304,0.770472,0.134642,0.599831,0.755339,0.690994,0.551376,0.469771,0.248758,0.582589,0.676535,0.650625,0.379525,0.44278,0.467325,0.374908,0.700765,0.764122,0.388104,0.610917,0.7751,0.733356,0.795147,0.784733,0.751418,0.654255,0.653558,0.635572,0.517963,0.696347,0.779698,0.423319,0.639264,0.720406,0.683849,0.723683,0.703684,0.537132,0.596527,0.573423,0.775356,0.748018,0.777877,0.555901,0.728575,0.768569,0.549014,0.896762,0.839431,0.69159,0.177388,0.37695,0.527512,0.66536,0.786979,0.55895,0.235283,0.217161,0.603916,0.672419,0.779603,0.512397,0.562722
0.890606,0.889833,0.935164,0.907944,0.858587,0.782348,0.677536,0.607271,0.662732,0.804048,0.861922,0.785184,0.817655,0.862441,0.776296,0.887643,0.860286,0.697878,0.798358,1,0.947572,0.738904,0.799915,0.942206,0.305999,0.809968,0.939546,0.773941,0.632854,0.474123,0.345701,0.648445,0.745435,0.79103,0.520608,0.396716,0.475329,0.536337,0.884306,0.89572,0.586085,0.746969,0.867095,0.871648,0.914446,0.907902,0.920614,0.832107,0.71643,0.788052,0.647198,0.769262,0.808298,0.499046,0.710608,0.906848,0.811362,0.855598,0.800418,0.561101,0.695242,0.652519,0.879085,0.913032,0.93904,0.698557,0.891533,0.948103,0.654607,0.8541,0.946675,0.767283,0.320053,0.531012,0.672881,0.854971,0.888343,0.497434,0.358141,0.249995,0.638802,0.814071,0.894405,0.544373,0.790992
0.941639,0.932588,0.965222,0.913859,0.838827,0.822641,0.764379,0.643474,0.630948,0.819986,0.879364,0.877029,0.898876,0.910421,0.81922,0.884577,0.909802,0.723436,0.810456,0.947572,1,0.7909,0.800525,0.94279,0.317289,0.796924,0.933842,0.822447,0.623953,0.438602,0.390996,0.709294,0.808916,0.81019,0.585385,0.346624,0.430305,0.644789,0.909309,0.915936,0.639056,0.801514,0.927774,0.889128,0.948877,0.894898,0.920431,0.874402,0.746216,0.800012,0.643508,0.822812,0.878716,0.638314,0.837808,0.943374,0.835469,0.904278,0.89825,0.657416,0.688472,0.611891,0.89531,0.93347,0.962233,0.727548,0.896923,0.949853,0.645216,0.854525,0.942642,0.767357,0.285034,0.534601,0.727448,0.864665,0.927187,0.527686,0.468394,0.204594,0.727442,0.886416,0.91416,0.61204,0.833281
0.720087,0.673026,0.700614,0.705211,0.568377,0.720629,0.611003,0.40098,0.387614,0.766499,0.740236,0.603037,0.562565,0.693768,0.566015,0.619712,0.628712,0.621685,0.62245,0.738904,0.7909,1,0.493366,0.733409,0.383711,0.699853,0.739387,0.81254,0.4135,0.197864,0.256063,0.683453,0.602368,0.649699,0.501331,0.0679085,0.291225,0.493893,0.630574,0.700049,0.595567,0.607121,0.689308,0.595592,0.665686,0.681878,0.704226,0.655749,0.730317,0.574987,0.525729,0.735004,0.685356,0.419171,0.648098,0.698207,0.71806,0.680183,0.671478,0.506746,0.618721,0.338621,0.695806,0.688359,0.717366,0.503516,0.658044,0.714816,0.349878,0.637052,0.741955,0.584473,0.180344,0.408772,0.435041,0.66356,0.762076,0.504151,0.471305,0.00245522,0.604955,0.598592,0.64073,0.501552,0.620398
0.760148,0.819837,0.838486,0.807872,0.855924,0.663907,0.637643,0.58814,0.774458,0.720734,0.75721,0.743697,0.776641,0.805605,0.839534,0.689907,0.775522,0.626057,0.690304,0.799915,0.800525,0.493366,1,0.873568,0.1368,0.498999,0.834063,0.624155,0.575266,0.656346,0.315469,0.361024,0.648074,0.792678,0.373452,0.339885,0.578303,0.51696,0.787236,0.819645,0.503556,0.763923,0.794117,0.725636,0.78934,0.793383,0.807519,0.799754,0.637789,0.747572,0.636129,0.677777,0.797002,0.474754,0.674349,0.790255,0.765879,0.738501,0.693289,0.524279,0.708581,0.709668,0.728858,0.837433,0.834822,0.655173,0.819723,0.867578,0.672135,0.790196,0.816116,0.722943,0.196403,0.559081,0.695881,0.709286,0.826689,0.407747,0.4552,0.309349,0.635641,0.709092,0.817563,0.401013,0.654293
0.927407,0.929718,0.956294,0.933249,0.886009,0.796376,0.725246,0.642455,0.691183,0.830084,0.860226,0.812588,0.854548,0.932262,0.800014,0.823181,0.899215,0.718812,0.770472,0.942206,0.94279,0.733409,0.873568,1,0.314833,0.778257,0.964681,0.803566,0.61414,0.541269,0.337726,0.594909,0.77142,0.817789,0.520353,0.29476,0.473377,0.583902,0.851785,0.903165,0.693534,0.82501,0.91224,0.837084,0.917758,0.873078,0.934816,0.891073,0.776902,0.81378,0.759574,0.81321,0.870275,0.513269,0.756099,0.94686,0.879243,0.8418,0.821733,0.622368,0.745172,0.707744,0.871879,0.904352,0.941077,0.673676,0.928732,0.978421,0.65413,0.86526,0.946932,0.775141,0.272702,0.610494,0.735967,0.846903,0.893588,0.512307,0.497157,0.320001,0.728873,0.818936,0.903143,0.545484,0.804383
0.329685,0.303942,0.283654,0.288005,0.226753,0.374322,0.189625,0.19941,0.0661046,0.374671,0.34015,0.20267,0.231899,0.303851,0.184622,0.110643,0.290141,0.309361,0.134642,0.305999,0.317289,0.383711,0.1368,0.314833,1,0.464818,0.374518,0.323151,0.296148,-0.0150886,0.231699,0.340797,0.296924,0.353326,0.408025,-0.0245163,0.132089,0.440534,0.338909,0.212121,0.320267,0.242827,0.220911,0.210614,0.194412,0.239598,0.318334,0.327601,0.400405,0.246311,0.239674,0.13787,0.197454,0.161426,0.177252,0.335576,0.288154,0.215167,0.214723,0.0176097,0.324591,0.258061,0.2642,0.223745,0.281297,0.105608,0.28642,0.332194,0.166679,0.126833,0.285089,0.154468,0.253445,0.268481,0.373588,0.234597,0.261498,0.082171,0.196968,-0.00310975,0.056979,0.199741,0.264219,0.163128,0.323796
0.821153,0.813278,0.773625,0.739494,0.749156,0.722103,0.648021,0.596139,0.440087,0.632898,0.720656,0.653092,0.712692,0.812886,0.510359,0.749629,0.777188,0.738223,0.599831,0.809968,0.796924,0.699853,0.498999,0.778257,0.464818,1,0.840746,0.720704,0.479165,0.279144,0.296585,0.660632,0.738504,0.638127,0.648166,0.223475,0.142863,0.589529,0.774505,0.741621,0.638671,0.618013,0.75612,0.73855,0.787922,0.69644,0.767617,0.749174,0.555214,0.701351,0.670271,0.670084,0.687788,0.478352,0.619949,0.81444,0.634565,0.742282,0.694523,0.464382,0.632701,0.557132,0.73162,0.728592,0.781987,0.438939,0.78441,0.801627,0.434994,0.624575,0.806772,0.5222,0.450855,0.370883,0.656913,0.818871,0.677833,0.388614,0.259267,0.276784,0.442833,0.774282,0.710723,0.560079,0.776868
0.921992,0.923296,0.940763,0.903408,0.888791,0.806957,0.747949,0.695644,0.675016,0.822312,0.85885,0.813971,0.849292,0.912449,0.78094,0.824637,0.892681,0.747269,0.755339,0.939546,0.933842,0.739387,0.834063,0.964681,0.374518,0.840746,1,0.804022,0.643691,0.498998,0.325681,0.63861,0.814341,0.851197,0.596011,0.339372,0.480083,0.638068,0.886212,0.893245,0.695258,0.808799,0.886357,0.817286,0.897225,0.862441,0.91893,0.922246,0.746631,0.823202,0.744797,0.809555,0.872185,0.530503,0.743528,0.932436,0.820068,0.831544,0.805785,0.574872,0.778964,0.707376,0.845444,0.894279,0.936168,0.615822,0.920582,0.971614,0.600856,0.831089,0.947582,0.743013,0.359201,0.562882,0.753208,0.856818,0.894336,0.487769,0.445534,0.327592,0.646054,0.823534,0.898162,0.583087,0.814166
0.803041,0.767815,0.785473,0.764248,0.675329,0.762063,0.656985,0.490652,0.543209,0.762575,0.781574,0.652163,0.667066,0.762714,0.737272,0.732056,0.737619,0.671297,0.690994,0.773941,0.822447,0.81254,0.624155,0.803566,0.323151,0.720704,0.804022,1,0.399061,0.281441,0.256081,0.57836,0.554179,0.715058,0.376633,0.107038,0.412418,0.562104,0.671542,0.694219,0.584238,0.655089,0.760706,0.724388,0.771023,0.794315,0.747962,0.732068,0.695361,0.567253,0.583055,0.73585,0.75623,0.395971,0.643069,0.738494,0.750052,0.814157,0.677336,0.479964,0.585217,0.447008,0.799219,0.814634,0.822737,0.618337,0.749161,0.807957,0.43523,0.735704,0.832338,0.657597,0.230293,0.387236,0.492811,0.735631,0.79552,0.382092,0.381255,0.0695165,0.565402,0.743446,0.695754,0.619498,0.712601
0.540663,0.580968,0.644904,0.596986,0.537433,0.467626,0.584853,0.426989,0.412993,0.491728,0.61495,0.602494,0.590254,0.584239,0.592665,0.538011,0.650074,0.393517,0.551376,0.632854,0.623953,0.4135,0.575266,0.61414,0.296148,0.479165,0.643691,0.399061,1,0.58405,0.572297,0.293061,0.607849,0.541322,0.459026,0.355204,0.512101,0.500206,0.674812,0.589683,0.480778,0.588078,0.589779,0.545475,0.578052,0.570561,0.499222,0.552241,0.4597,0.569162,0.387237,0.419686,0.642474,0.509388,0.568776,0.622511,0.560222,0.524272,0.602798,0.314683,0.545002,0.454231,0.597272,0.61778,0.614251,0.477054,0.594647,0.634979,0.37851,0.550687,0.626261,0.527993,0.288031,0.408989,0.563923,0.573758,0.653338,0.446549,0.300948,0.00489039,0.381795,0.563109,0.618622,0.435611,0.536612
0.41365,0.541737,0.54978,0.515017,0.488587,0.270656,0.447139,0.164097,0.602998,0.406107,0.520179,0.408342,0.480795,0.565064,0.607084,0.445553,0.543023,0.233277,0.469771,0.474123,0.438602,0.197864,0.656346,0.541269,-0.0150886,0.279144,0.498998,0.281441,0.58405,1,0.278995,0.00649244,0.326183,0.460315,0.329579,0.130695,0.402424,0.17137,0.491406,0.51949,0.314483,0.59771,0.567438,0.444713,0.509066,0.463033,0.429378,0.443706,0.344407,0.430418,0.482722,0.34221,0.52487,0.398818,0.464375,0.476041,0.374648,0.431626,0.455811,0.387917,0.567124,0.573266,0.52206,0.475735,0.484912,0.334643,0.479225,0.541442,0.318059,0.591493,0.496079,0.473001,0.149524,0.406748,0.443324,0.424146,0.56187,0.396831,0.188582,0.0106921,0.378473,0.442727,0.477221,0.238096,0.388053
0.303301,0.383466,0.356448,0.379271,0.366482,0.234485,0.380359,0.296147,0.17032,0.16349,0.282557,0.358951,0.411821,0.401408,0.422518,0.243765,0.40137,0.223858,0.248758,0.345701,0.390996,0.256063,0.315469,0.337726,0.231699,0.296585,0.325681,0.256081,0.572297,0.278995,1,0.195693,0.305342,0.253156,0.259599,0.21176,0.168195,0.471369,0.493228,0.342436,0.36233,0.428348,0.377537,0.376326,0.31359,0.35672,0.27081,0.383897,0.238227,0.280885,0.143472,0.0903219,0.358922,0.398715,0.384992,0.350666,0.35119,0.31565,0.357265,0.102856,0.283897,0.187743,0.369457,0.453721,0.371947,0.434494,0.264281,0.354783,0.300013,0.174897,0.352636,0.176832,0.280565,0.15066,0.22881,0.305588,0.410195,0.224126,0.412606,0.00836097,0.184711,0.421707,0.347018,0.362349,0.223084
0.762745,0.648459,0.668415,0.541435,0.477668,0.681644,0.527812,0.582679,0.178037,0.529122,0.504602,0.573248,0.628152,0.597831,0.491468,0.700711,0.611226,0.441649,0.582589,0.648445,0.709294,0.683453,0.361024,0.594909,0.340797,0.660632,0.63861,0.57836,0.293061,0.00649244,0.195693,1,0.663871,0.573016,0.464781,0.254108,0.0740564,0.56042,0.615648,0.689262,0.431719,0.505249,0.641763,0.546351,0.620078,0.5094,0.707135,0.661684,0.554674,0.573209,0.405955,0.702801,0.538189,0.463985,0.587679,0.658859,0.5239,0.600008,0.660184,0.518113,0.462096,0.315796,0.599957,0.623895,0.634351,0.400047,0.590408,0.615947,0.546809,0.539617,0.641259,0.47212,0.1515,0.247006,0.465828,0.617746,0.608024,0.521516,0.431679,0.0794387,0.488792,0.613509,0.671016,0.553876,0.510685
0.821445,0.813771,0.799551,0.733682,0.7381,0.622522,0.766582,0.569916,0.510359,0.693737,0.748758,0.759772,0.789197,0.78317,0.576514,0.723866,0.775026,0.632303,0.676535,0.745435,0.808916,0.602368,0.648074,0.77142,0.296924,0.738504,0.814341,0.554179,0.607849,0.326183,0.305342,0.663871,1,0.739007,0.651334,0.27183,0.211367,0.619285,0.755096,0.807103,0.508606,0.62381,0.769058,0.67765,0.793937,0.684029,0.748706,0.746896,0.655046,0.802014,0.675106,0.792871,0.787808,0.587155,0.729911,0.824165,0.711481,0.706554,0.772271,0.579268,0.589102,0.619329,0.722277,0.723065,0.780355,0.535435,0.79741,0.794185,0.525317,0.693114,0.744347,0.594841,0.210094,0.453317,0.794379,0.775977,0.76056,0.46059,0.48078,0.302932,0.611637,0.742262,0.823568,0.534517,0.737878
0.777438,0.778223,0.807563,0.752779,0.73811,0.616781,0.642471,0.557241,0.592318,0.758496,0.802028,0.683495,0.710919,0.71707,0.739982,0.72464,0.759394,0.574269,0.650625,0.79103,0.81019,0.649699,0.792678,0.817789,0.353326,0.638127,0.851197,0.715058,0.541322,0.460315,0.253156,0.573016,0.739007,1,0.525994,0.158311,0.440582,0.618864,0.739436,0.782274,0.496841,0.682879,0.739566,0.671649,0.751302,0.79549,0.770046,0.793665,0.77103,0.661812,0.664375,0.760683,0.74323,0.411448,0.624235,0.73772,0.675914,0.724859,0.648156,0.523455,0.659345,0.675776,0.780127,0.805386,0.806543,0.603668,0.753076,0.840199,0.613784,0.727351,0.797223,0.700913,0.216475,0.563252,0.705215,0.697781,0.856429,0.459595,0.446797,0.227787,0.596117,0.683669,0.795049,0.542744,0.729233
0.573366,0.590841,0.562077,0.571605,0.475224,0.486946,0.44892,0.335774,0.413561,0.523717,0.593566,0.533529,0.61128,0.552599,0.364798,0.505308,0.628022,0.512047,0.379525,0.520608,0.585385,0.501331,0.373452,0.520353,0.408025,0.648166,0.596011,0.376633,0.459026,0.329579,0.259599,0.464781,0.651334,0.525994,1,0.0912553,0.0537679,0.401708,0.577099,0.53388,0.477545,0.540938,0.566191,0.475827,0.569607,0.452073,0.499319,0.547014,0.418431,0.519168,0.494963,0.438813,0.588692,0.550069,0.587837,0.596783,0.326919,0.516908,0.620692,0.521298,0.536976,0.472245,0.525646,0.454606,0.554294,0.228759,0.532052,0.550852,0.205161,0.407876,0.531906,0.316661,0.234925,0.394085,0.604918,0.532328,0.557775,0.426874,0.320932,0.0856153,0.262639,0.559068,0.513434,0.389455,0.636801
0.274276,0.295123,0.331972,0.241497,0.419238,0.444536,0.340262,0.436498,0.132587,0.0721811,0.10357,0.337462,0.338943,0.265063,0.294578,0.355045,0.247251,0.11942,0.44278,0.396716,0.346624,0.0679085,0.339885,0.29476,-0.0245163,0.223475,0.339372,0.107038,0.355204,0.130695,0.21176,0.254108,0.27183,0.158311,0.0912553,1,0.535067,0.195891,0.468301,0.359638,0.100239,0.26452,0.261676,0.333736,0.295558,0.315397,0.379066,0.396794,-0.043842,0.350609,-0.0634108,0.133903,0.291665,0.209529,0.199622,0.326392,0.227693,0.12807,0.217806,0.0388847,0.121231,0.257571,0.169929,0.324441,0.288247,0.139463,0.282642,0.308202,0.372456,0.325244,0.366323,0.330496,0.378813,-0.0919207,0.177868,0.233814,0.22466,0.0264098,-0.134517,0.283649,0.255476,0.252684,0.337932,0.169634,0.0879955
0.316852,0.353385,0.457135,0.390737,0.462985,0.420659,0.341066,0.364646,0.420568,0.371909,0.379908,0.423279,0.336479,0.315986,0.575531,0.33802,0.332337,0.146183,0.467325,0.475329,0.430305,0.291225,0.578303,0.473377,0.132089,0.142863,0.480083,0.412418,0.512101,0.402424,0.168195,0.0740564,0.211367,0.440582,0.0537679,0.535067,1,0.237278,0.444467,0.388424,0.292906,0.52989,0.3549,0.416007,0.374681,0.48665,0.440513,0.450228,0.276438,0.33605,0.0774722,0.232148,0.423986,0.12287,0.249708,0.38467,0.400973,0.270367,0.266961,0.0906511,0.366375,0.298447,0.360016,0.423759,0.433275,0.290906,0.350441,0.472592,0.373074,0.501219,0.499233,0.492644,0.138584,0.303754,0.216885,0.271755,0.482205,0.194417,0.0821394,0.144127,0.398873,0.238692,0.43288,0.248822,0.31586
0.701101,0.638058,0.623783,0.511939,0.562715,0.598351,0.576996,0.71407,0.26874,0.392453,0.463943,0.585073,0.657938,0.628807,0.599325,0.499916,0.663605,0.604561,0.374908,0.536337,0.644789,0.493893,0.51696,0.583902,0.440534,0.589529,0.638068,0.562104,0.500206,0.17137,0.471369,0.56042,0.619285,0.618864,0.401708,0.195891,0.237278,1,0.70168,0.626499,0.608867,0.605384,0.605558,0.499737,0.55676,0.451519,0.582395,0.687953,0.468669,0.503875,0.435604,0.492204,0.559536,0.482306,0.595071,0.653615,0.572075,0.592745,0.592196,0.357063,0.437255,0.505632,0.479792,0.677615,0.635701,0.533575,0.635031,0.646133,0.455048,0.389999,0.59395,0.399521,0.323781,0.312163,0.624986,0.645368,0.584884,0.291238,0.498528,0.145396,0.403433,0.670908,0.571933,0.512233,0.557428
0.85943,0.889359,0.893184,0.824187,0.827863,0.761022,0.68596,0.701812,0.60116,0.666938,0.751917,0.862911,0.894425,0.86254,0.764895,0.788135,0.879801,0.729946,0.700765,0.884306,0.909309,0.630574,0.787236,0.851785,0.338909,0.774505,0.886212,0.671542,0.674812,0.491406,0.493228,0.615648,0.755096,0.739436,0.577099,0.468301,0.444467,0.70168,1,0.856617,0.605222,0.794917,0.848152,0.845461,0.869092,0.800779,0.859811,0.857196,0.566422,0.798372,0.562934,0.651689,0.798831,0.671289,0.789003,0.879176,0.70699,0.821524,0.836967,0.496698,0.704223,0.656474,0.803818,0.887133,0.890304,0.68011,0.831204,0.883391,0.682635,0.727893,0.861392,0.652767,0.427451,0.489821,0.716445,0.823196,0.823405,0.412833,0.398376,0.240662,0.61985,0.881562,0.830683,0.537618,0.7671
0.906018,0.911974,0.931242,0.844684,0.831343,0.769733,0.772457,0.620295,0.645572,0.78349,0.821923,0.795221,0.840819,0.893566,0.788365,0.853072,0.832299,0.640624,0.764122,0.89572,0.915936,0.700049,0.819645,0.903165,0.212121,0.741621,0.893245,0.694219,0.589683,0.51949,0.342436,0.689262,0.807103,0.782274,0.53388,0.359638,0.388424,0.626499,0.856617,1,0.553289,0.775414,0.916765,0.830206,0.897458,0.814148,0.894834,0.847409,0.687539,0.796307,0.643638,0.82318,0.815852,0.590496,0.793676,0.910492,0.84093,0.809937,0.833125,0.606279,0.728882,0.688993,0.807781,0.899897,0.896135,0.671904,0.884312,0.914753,0.654361,0.814674,0.890795,0.746604,0.311942,0.467403,0.725449,0.82761,0.879533,0.576945,0.45524,0.221973,0.708154,0.81353,0.884058,0.486175,0.729341
0.672193,0.625357,0.646976,0.626046,0.56567,0.55208,0.518215,0.603088,0.381312,0.491286,0.503556,0.5742,0.603615,0.691677,0.487208,0.472102,0.662616,0.654751,0.388104,0.586085,0.639056,0.595567,0.503556,0.693534,0.320267,0.638671,0.695258,0.584238,0.480778,0.314483,0.36233,0.431719,0.508606,0.496841,0.477545,0.100239,0.292906,0.608867,0.605222,0.553289,1,0.670115,0.628201,0.484325,0.575172,0.50589,0.600768,0.679635,0.563611,0.594001,0.631379,0.497831,0.554145,0.41141,0.562566,0.712856,0.619683,0.54016,0.596223,0.507736,0.519931,0.429133,0.524082,0.582883,0.61799,0.381852,0.654037,0.674448,0.354259,0.509581,0.666321,0.348698,0.263397,0.466381,0.518577,0.599435,0.624044,0.505179,0.524023,0.327337,0.44474,0.582985,0.595111,0.515196,0.622071
0.801014,0.832478,0.849337,0.785033,0.773173,0.683787,0.674849,0.645976,0.584048,0.603822,0.675818,0.770712,0.817018,0.81272,0.800034,0.659257,0.859915,0.49686,0.610917,0.746969,0.801514,0.607121,0.763923,0.82501,0.242827,0.618013,0.808799,0.655089,0.588078,0.59771,0.428348,0.505249,0.62381,0.682879,0.540938,0.26452,0.52989,0.605384,0.794917,0.775414,0.670115,1,0.84321,0.75424,0.789492,0.63144,0.777824,0.838109,0.539278,0.617526,0.581412,0.591014,0.779601,0.558206,0.726466,0.820956,0.640365,0.672785,0.759342,0.593654,0.723265,0.630835,0.744338,0.737472,0.797879,0.524644,0.729056,0.835074,0.539296,0.711438,0.789308,0.628103,0.161258,0.598607,0.657424,0.688411,0.779053,0.436978,0.53851,0.248823,0.7116,0.736087,0.736104,0.547633,0.707966
0.937963,0.954231,0.966351,0.895401,0.833469,0.762081,0.830277,0.586068,0.680484,0.786473,0.845057,0.854675,0.89247,0.959199,0.823761,0.850525,0.925231,0.683538,0.7751,0.867095,0.927774,0.689308,0.794117,0.91224,0.220911,0.75612,0.886357,0.760706,0.589779,0.567438,0.377537,0.641763,0.769058,0.739566,0.566191,0.261676,0.3549,0.605558,0.848152,0.916765,0.628201,0.84321,1,0.887281,0.959523,0.818995,0.860745,0.843569,0.697959,0.775501,0.655855,0.836989,0.869447,0.706102,0.88968,0.927966,0.804149,0.876341,0.926515,0.742919,0.727053,0.64246,0.868603,0.899245,0.926608,0.714299,0.889535,0.92298,0.584234,0.86988,0.886307,0.711638,0.262954,0.471517,0.767677,0.84427,0.872191,0.509533,0.431279,0.204632,0.727024,0.892717,0.890095,0.578128,0.780676
0.839523,0.89306,0.901405,0.864646,0.807861,0.69114,0.664253,0.504022,0.689642,0.72061,0.819159,0.828486,0.856764,0.841841,0.766598,0.846953,0.842382,0.609699,0.733356,0.871648,0.889128,0.595592,0.725636,0.837084,0.210614,0.73855,0.817286,0.724388,0.545475,0.444713,0.376326,0.546351,0.67765,0.671649,0.475827,0.333736,0.416007,0.499737,0.845461,0.830206,0.484325,0.75424,0.887281,1,0.942959,0.87765,0.799841,0.762089,0.538035,0.684783,0.505773,0.680129,0.791943,0.582203,0.747395,0.843606,0.693589,0.888016,0.822548,0.513744,0.6096,0.567823,0.844247,0.871654,0.899247,0.749215,0.81054,0.872238,0.546866,0.803022,0.845192,0.674021,0.268714,0.454121,0.65372,0.82051,0.799221,0.355028,0.281462,0.204909,0.627945,0.870039,0.830676,0.496461,0.826783
0.934883,0.955156,0.968823,0.922113,0.847357,0.738828,0.76135,0.581528,0.710539,0.781662,0.871171,0.86518,0.906811,0.918304,0.796282,0.906376,0.922838,0.705305,0.795147,0.914446,0.948877,0.665686,0.78934,0.917758,0.194412,0.787922,0.897225,0.771023,0.578052,0.509066,0.31359,0.620078,0.793937,0.751302,0.569607,0.295558,0.374681,0.55676,0.869092,0.897458,0.575172,0.789492,0.959523,0.942959,1,0.884317,0.88148,0.813935,0.662566,0.77174,0.645404,0.811062,0.865397,0.633099,0.833369,0.934507,0.769953,0.922211,0.909006,0.702876,0.67284,0.650831,0.907248,0.909679,0.949995,0.731219,0.898674,0.936637,0.599984,0.884073,0.910491,0.753362,0.27268,0.503609,0.756282,0.878191,0.869614,0.468063,0.371414,0.23053,0.696678,0.91552,0.896458,0.553251,0.859524
0.798899,0.843899,0.877664,0.896322,0.805201,0.670789,0.655608,0.44854,0.748071,0.818219,0.875626,0.732303,0.745525,0.805051,0.784801,0.819433,0.757343,0.651674,0.784733,0.907902,0.894898,0.681878,0.793383,0.873078,0.239598,0.69644,0.862441,0.794315,0.570561,0.463033,0.35672,0.5094,0.684029,0.79549,0.452073,0.315397,0.48665,0.451519,0.800779,0.814148,0.50589,0.63144,0.818995,0.87765,0.884317,1,0.820436,0.755039,0.694374,0.715457,0.591955,0.728942,0.794919,0.429072,0.650714,0.817981,0.775376,0.86097,0.715688,0.479159,0.604819,0.553594,0.875557,0.886889,0.890742,0.765883,0.820679,0.89834,0.544103,0.855419,0.877083,0.754439,0.259199,0.459126,0.602897,0.781376,0.898087,0.400337,0.336883,0.22687,0.551899,0.764762,0.841403,0.489823,0.765941
0.927772,0.909894,0.918866,0.849826,0.846518,0.813507,0.663237,0.719633,0.615738,0.72581,0.754274,0.78642,0.8397,0.874801,0.773957,0.811625,0.830481,0.664434,0.751418,0.920614,0.920431,0.704226,0.807519,0.934816,0.318334,0.767617,0.91893,0.747962,0.499222,0.429378,0.27081,0.707135,0.748706,0.770046,0.499319,0.379066,0.440513,0.582395,0.859811,0.894834,0.600768,0.777824,0.860745,0.799841,0.88148,0.820436,1,0.870515,0.72489,0.796554,0.630461,0.767828,0.755026,0.502042,0.703702,0.92308,0.788371,0.791549,0.776894,0.571414,0.679529,0.633192,0.826272,0.863071,0.887481,0.595799,0.847759,0.932481,0.721221,0.809431,0.907646,0.761179,0.256641,0.52091,0.662681,0.829568,0.847151,0.496196,0.411163,0.292576,0.691497,0.804078,0.883333,0.547481,0.73683
0.876941,0.877134,0.889134,0.80946,0.838491,0.802468,0.695627,0.776488,0.54319,0.690141,0.714123,0.799369,0.848882,0.865586,0.758132,0.744207,0.842875,0.634218,0.654255,0.832107,0.874402,0.655749,0.799754,0.891073,0.327601,0.749174,0.922246,0.732068,0.552241,0.443706,0.383897,0.661684,0.746896,0.793665,0.547014,0.396794,0.450228,0.687953,0.857196,0.847409,0.679635,0.838109,0.843569,0.762089,0.813935,0.755039,0.870515,1,0.632662,0.736023,0.662065,0.740753,0.836555,0.550812,0.717552,0.873858,0.738529,0.739334,0.750522,0.525482,0.706988,0.633976,0.732597,0.832291,0.855284,0.514369,0.832085,0.898677,0.584599,0.715593,0.866839,0.68975,0.318693,0.479497,0.706148,0.78286,0.815926,0.419792,0.500948,0.362278,0.674722,0.778098,0.83815,0.553445,0.733873
0.752297,0.674824,0.73021,0.710926,0.566653,0.527346,0.635007,0.339644,0.50258,0.800325,0.782995,0.57405,0.572543,0.693828,0.599884,0.605213,0.635762,0.592273,0.653558,0.71643,0.746216,0.730317,0.637789,0.776902,0.400405,0.555214,0.746631,0.695361,0.4597,0.344407,0.238227,0.554674,0.655046,0.77103,0.418431,-0.043842,0.276438,0.468669,0.566422,0.687539,0.563611,0.539278,0.697959,0.538035,0.662566,0.694374,0.72489,0.632662,1,0.63631,0.660725,0.77751,0.615803,0.408256,0.620284,0.689298,0.767054,0.667359,0.655017,0.587256,0.639539,0.552768,0.72494,0.707488,0.72729,0.570287,0.699256,0.74576,0.542611,0.727604,0.742186,0.569409,0.0440109,0.470133,0.571366,0.659085,0.806497,0.545071,0.407651,0.151003,0.581219,0.579947,0.774801,0.454994,0.591424
0.795007,0.811354,0.797318,0.687296,0.801939,0.694434,0.64808,0.591519,0.651081,0.729593,0.705447,0.817922,0.781942,0.841674,0.652784,0.678661,0.755916,0.769619,0.635572,0.788052,0.800012,0.574987,0.747572,0.81378,0.246311,0.701351,0.823202,0.567253,0.569162,0.430418,0.280885,0.573209,0.802014,0.661812,0.519168,0.350609,0.33605,0.503875,0.798372,0.796307,0.594001,0.617526,0.775501,0.684783,0.77174,0.715457,0.796554,0.736023,0.63631,1,0.654873,0.774921,0.71564,0.636146,0.733055,0.836683,0.779462,0.716563,0.760921,0.528036,0.622984,0.542683,0.708128,0.784489,0.791794,0.623279,0.832662,0.808397,0.638123,0.722445,0.738656,0.535835,0.342602,0.44517,0.761085,0.774003,0.742724,0.442254,0.373071,0.271012,0.594972,0.764287,0.844717,0.604515,0.696787
0.707302,0.688758,0.678872,0.699634,0.649642,0.471552,0.524136,0.384067,0.533443,0.674216,0.711646,0.495982,0.590775,0.730741,0.466203,0.578998,0.700809,0.641104,0.517963,0.647198,0.643508,0.525729,0.636129,0.759574,0.239674,0.670271,0.744797,0.583055,0.387237,0.482722,0.143472,0.405955,0.675106,0.664375,0.494963,-0.0634108,0.0774722,0.435604,0.562934,0.643638,0.631379,0.581412,0.655855,0.505773,0.645404,0.591955,0.630461,0.662065,0.660725,0.654873,1,0.665438,0.676657,0.309594,0.520406,0.696906,0.655808,0.623068,0.566794,0.558681,0.648331,0.695529,0.681759,0.595205,0.667082,0.41359,0.77325,0.734821,0.451373,0.669487,0.678236,0.456068,0.130187,0.590984,0.667749,0.65211,0.662101,0.432455,0.529863,0.426635,0.498625,0.584166,0.650449,0.41415,0.687321
0.837083,0.787683,0.826654,0.722773,0.704013,0.699078,0.732734,0.515955,0.525951,0.817099,0.785477,0.757983,0.716289,0.811291,0.636456,0.76739,0.748446,0.656402,0.696347,0.769262,0.822812,0.735004,0.677777,0.81321,0.13787,0.670084,0.809555,0.73585,0.419686,0.34221,0.0903219,0.702801,0.792871,0.760683,0.438813,0.133903,0.232148,0.492204,0.651689,0.82318,0.497831,0.591014,0.836989,0.680129,0.811062,0.728942,0.767828,0.740753,0.77751,0.774921,0.665438,1,0.78449,0.586863,0.784291,0.789473,0.807396,0.776399,0.797595,0.714871,0.600469,0.487282,0.762993,0.797456,0.813423,0.615876,0.797161,0.791162,0.536772,0.788093,0.784977,0.634526,0.128487,0.388811,0.67775,0.791048,0.790862,0.501459,0.385371,0.202333,0.719161,0.735845,0.830912,0.554551,0.675357
0.828003,0.866249,0.872806,0.863363,0.824256,0.771603,0.761335,0.547827,0.625387,0.78118,0.851501,0.796828,0.846401,0.859517,0.767301,0.792874,0.882143,0.639228,0.779698,0.808298,0.878716,0.685356,0.797002,0.870275,0.197454,0.687788,0.872185,0.75623,0.642474,0.52487,0.358922,0.538189,0.787808,0.74323,0.588692,0.291665,0.423986,0.559536,0.798831,0.815852,0.554145,0.779601,0.869447,0.791943,0.865397,0.794919,0.755026,0.836555,0.615803,0.71564,0.676657,0.78449,1,0.603793,0.811211,0.841622,0.767656,0.837114,0.84569,0.613013,0.698062,0.598057,0.788454,0.822837,0.893127,0.609111,0.85287,0.861011,0.438505,0.802828,0.851626,0.695996,0.266423,0.565727,0.713459,0.747566,0.829805,0.485099,0.523283,0.242019,0.684143,0.797826,0.806712,0.541086,0.749786
