1,0.810073,0.978139,0.928455,0.899814,0.915366,0.614233,0.652279,0.723595,0.732751,0.71982,0.788209,0.897781,0.803552,0.818496,0.721778,0.9065,0.859913,0.925827,0.861229,0.896771,0.739035,0.822011,0.938749,0.861145,0.894124,0.911639,0.860896,0.765923,0.61029,0.348062,0.880584,0.879591,0.92272,0.839073,0.541109,0.811611,0.808482,0.863973,0.912959,0.7286,0.867152,0.950193,0.798666,0.967038,0.871238,0.90674,0.925943,0.810459,0.738383,0.82323,0.645041,0.769835,0.859121,0.858109,0.818949,0.749191,0.712766,0.899164,0.656432,0.617659,0.846243,0.911279,0.899395,0.914969,0.924378,0.866632,0.933836,0.802949,0.838138,0.938574,0.872188,0.721024,0.572416,0.796913,0.872065,0.94159,0.877668,0.741899,0.64906,0.808992,0.91244,0.898076,0.787442,0.874023
0.810073,1,0.817844,0.822421,0.804609,0.810704,0.69978,0.669121,0.712058,0.627735,0.643623,0.784825,0.815974,0.874948,0.761161,0.815326,0.839676,0.757425,0.838759,0.704943,0.755338,0.522303,0.723018,0.850082,0.775942,0.74245,0.828759,0.783436,0.629169,0.532897,0.254828,0.717305,0.668902,0.742706,0.638803,0.421962,0.691691,0.711643,0.643155,0.716361,0.702199,0.729231,0.868441,0.914983,0.803651,0.807213,0.814099,0.800021,0.705976,0.71865,0.788127,0.640417,0.702057,0.753738,0.76052,0.837491,0.78585,0.702295,0.786577,0.690757,0.629316,0.766741,0.765725,0.748017,0.741478,0.750602,0.783542,0.835317,0.617189,0.660318,0.778283,0.675507,0.641035,0.620403,0.654123,0.64764,0.755765,0.695529,0.590956,0.653947,0.768509,0.700666,0.713109,0.673697,0.749414
0.978139,0.817844,1,0.949837,0.926949,0.929805,0.619566,0.662259,0.729317,0.731675,0.717615,0.821426,0.898197,0.816277,0.824299,0.755632,0.910699,0.86332,0.941134,0.872333,0.905056,0.753665,0.860685,0.963573,0.87281,0.914857,0.903404,0.869589,0.794625,0.607181,0.366068,0.871641,0.881555,0.950115,0.853055,0.589711,0.808336,0.817718,0.871755,0.895696,0.722838,0.877687,0.97604,0.80283,0.982836,0.890477,0.919566,0.922467,0.823105,0.741442,0.826866,0.658912,0.777921,0.859918,0.85245,0.823736,0.788218,0.746668,0.909549,0.699543,0.59728,0.845747,0.90764,0.898811,0.922033,0.920377,0.881387,0.956808,0.804838,0.838872,0.931137,0.877616,0.757902,0.623315,0.809998,0.869241,0.942798,0.871291,0.743261,0.627415,0.796145,0.908174,0.903773,0.773322,0.876979
0.928455,0.822421,0.949837,1,0.925224,0.866592,0.606139,0.592407,0.687966,0.75771,0.719794,0.753974,0.843795,0.797136,0.759106,0.734849,0.852596,0.826634,0.931378,0.80379,0.860719,0.692345,0.77919,0.910565,0.794724,0.844225,0.854211,0.819353,0.796283,0.641823,0.348192,0.806891,0.809646,0.885285,0.858064,0.585657,0.746286,0.770548,0.791372,0.846965,0.683325,0.866328,0.917788,0.776821,0.940584,0.936595,0.920236,0.87106,0.735024,0.714222,0.787111,0.67765,0.76568,0.809974,0.815279,0.805543,0.787665,0.722837,0.884553,0.65455,0.543026,0.819388,0.852791,0.852138,0.873215,0.854023,0.842596,0.900159,0.740398,0.753721,0.887603,0.830495,0.710229,0.632371,0.766572,0.816539,0.874988,0.851787,0.647323,0.561736,0.738988,0.83899,0.842033,0.739168,0.810152
0.899814,0.804609,0.926949,0.925224,1,0.890966,0.675545,0.686738,0.735453,0.720279,0.697938,0.796791,0.859576,0.839286,0.755833,0.804561,0.844573,0.830057,0.941295,0.848541,0.887021,0.685497,0.832816,0.922733,0.809124,0.849716,0.877021,0.888813,0.7882,0.673457,0.35158,0.837735,0.820753,0.908892,0.839685,0.528581,0.732421,0.804978,0.853993,0.873346,0.740598,0.857983,0.9067,0.789617,0.924702,0.847082,0.89717,0.84881,0.77307,0.806408,0.781641,0.651814,0.739025,0.822723,0.84175,0.860579,0.781664,0.799816,0.883003,0.568259,0.474271,0.78998,0.880204,0.884836,0.906,0.815701,0.84712,0.911973,0.74656,0.776981,0.900363,0.830864,0.75244,0.690367,0.788535,0.819488,0.898002,0.840169,0.655868,0.5631,0.757699,0.884501,0.898317,0.715873,0.817704
0.915366,0.810704,0.929805,0.866592,0.890966,1,0.676526,0.75576,0.794943,0.726695,0.697484,0.859706,0.872267,0.865456,0.906945,0.784793,0.884232,0.868636,0.905676,0.878918,0.912717,0.726111,0.879346,0.948275,0.873779,0.876208,0.899935,0.931025,0.73882,0.590649,0.333811,0.864108,0.870001,0.913545,0.759864,0.495412,0.737951,0.774246,0.889453,0.921105,0.680357,0.888961,0.929262,0.846138,0.911451,0.790568,0.874736,0.913185,0.853317,0.805257,0.836801,0.652376,0.740747,0.895554,0.879925,0.876104,0.855627,0.787117,0.89234,0.652786,0.617877,0.816019,0.900861,0.901091,0.919177,0.829355,0.880262,0.928842,0.767988,0.795765,0.908164,0.880233,0.73768,0.658931,0.696874,0.840143,0.922683,0.78629,0.76075,0.608511,0.847461,0.916977,0.904978,0.724809,0.905776
0.614233,0.69978,0.619566,0.606139,0.675545,0.676526,1,0.761384,0.63804,0.586514,0.561629,0.713309,0.693147,0.809986,0.636206,0.658407,0.668056,0.716672,0.730707,0.696074,0.717305,0.563481,0.651776,0.713088,0.641147,0.663423,0.743834,0.751636,0.368732,0.458597,0.3923,0.672106,0.617711,0.637405,0.548371,0.514434,0.534035,0.655195,0.658968,0.675312,0.674037,0.714448,0.619942,0.741596,0.612486,0.621131,0.728744,0.728209,0.663342,0.666915,0.680821,0.591646,0.636925,0.683425,0.684678,0.779151,0.671137,0.621475,0.590364,0.406527,0.500126,0.722178,0.697728,0.676559,0.711919,0.609001,0.755795,0.733458,0.630774,0.525904,0.684979,0.594095,0.617883,0.719302,0.540763,0.627378,0.631973,0.572744,0.52492,0.565575,0.619842,0.670692,0.68603,0.553292,0.671556
0.652279,0.669121,0.662259,0.592407,0.686738,0.75576,0.761384,1,0.635214,0.586097,0.598148,0.775354,0.763961,0.844163,0.738815,0.624447,0.724928,0.653893,0.731289,0.745618,0.78868,0.567469,0.666099,0.730638,0.602812,0.633632,0.751074,0.764545,0.465284,0.568948,0.345334,0.752913,0.652088,0.736354,0.560285,0.32732,0.548365,0.720591,0.719782,0.739021,0.692699,0.667606,0.673544,0.749764,0.644958,0.606289,0.688644,0.723994,0.814905,0.69271,0.700947,0.531086,0.623265,0.772594,0.772105,0.821007,0.679022,0.637061,0.673901,0.526451,0.64626,0.615213,0.766891,0.73438,0.755058,0.674783,0.721522,0.756185,0.660771,0.587081,0.695269,0.685158,0.656487,0.635091,0.598444,0.696972,0.708291,0.633798,0.58897,0.516916,0.619249,0.751927,0.788972,0.528899,0.747486
0.723595,0.712058,0.729317,0.687966,0.735453,0.794943,0.63804,0.635214,1,0.464434,0.422041,0.769449,0.69592,0.743934,0.745999,0.685336,0.686252,0.811632,0.756351,0.736969,0.778014,0.677038,0.787404,0.798881,0.723576,0.716384,0.828559,0.820222,0.61985,0.466418,0.343003,0.678992,0.723404,0.75921,0.615428,0.378938,0.643411,0.620082,0.75847,0.771733,0.589024,0.739507,0.770778,0.757904,0.743708,0.653365,0.745206,0.704563,0.695827,0.766381,0.707497,0.415037,0.451748,0.791879,0.686853,0.762193,0.63552,0.68017,0.698117,0.441164,0.572854,0.778862,0.748012,0.762033,0.767614,0.625881,0.757166,0.798855,0.670054,0.761386,0.762759,0.791739,0.545255,0.602689,0.584415,0.674484,0.731798,0.666264,0.643719,0.493763,0.731938,0.757658,0.732425,0.538984,0.715928
0.732751,0.627735,0.731675,0.75771,0.720279,0.726695,0.586514,0.586097,0.464434,1,0.937365,0.545126,0.732594,0.685048,0.657282,0.452815,0.779984,0.690775,0.711218,0.584613,0.63986,0.495364,0.58128,0.748397,0.629044,0.617437,0.660337,0.656524,0.515828,0.564992,0.33851,0.610652,0.552429,0.664247,0.742482,0.504339,0.658706,0.749386,0.571561,0.696196,0.579431,0.748789,0.67987,0.615572,0.683883,0.715293,0.707945,0.714429,0.581216,0.463582,0.638956,0.914878,0.925982,0.652655,0.788782,0.65324,0.70574,0.426655,0.810131,0.577387,0.413201,0.626037,0.637285,0.653321,0.666183,0.713826,0.695791,0.73034,0.600263,0.418132,0.674417,0.603476,0.624275,0.69858,0.510889,0.667336,0.653182,0.530348,0.45714,0.492824,0.575312,0.672862,0.663615,0.624207,0.679277
0.71982,0.643623,0.717615,0.719794,0.697938,0.697484,0.561629,0.598148,0.422041,0.937365,1,0.511155,0.764638,0.669875,0.616132,0.426487,0.813435,0.695408,0.694753,0.51711,0.579753,0.430197,0.54282,0.728734,0.611711,0.60557,0.618121,0.615266,0.434399,0.476513,0.28623,0.638472,0.519332,0.666836,0.752518,0.452187,0.652455,0.76112,0.519218,0.646781,0.552931,0.679832,0.672848,0.628622,0.666586,0.68544,0.70248,0.724655,0.592593,0.394829,0.630102,0.912261,0.930204,0.639599,0.783116,0.615475,0.67392,0.383768,0.801272,0.651687,0.427457,0.621694,0.596959,0.595721,0.605925,0.68536,0.687753,0.710287,0.597025,0.410063,0.638196,0.574972,0.658209,0.64522,0.527808,0.654308,0.621545,0.53869,0.457979,0.476183,0.588746,0.625166,0.621611,0.647367,0.638234
0.788209,0.784825,0.821426,0.753974,0.796791,0.859706,0.713309,0.775354,0.769449,0.545126,0.511155,1,0.884513,0.885755,0.762119,0.867014,0.8529,0.767103,0.826326,0.880727,0.880982,0.72041,0.880184,0.884212,0.713669,0.825556,0.837565,0.888045,0.706708,0.617099,0.397312,0.791217,0.840934,0.840335,0.649636,0.395648,0.624933,0.787017,0.864902,0.824939,0.648482,0.732789,0.835767,0.892925,0.831742,0.701602,0.771296,0.826986,0.859578,0.808939,0.838306,0.526775,0.620288,0.896227,0.863141,0.911463,0.773774,0.863544,0.817738,0.654762,0.566202,0.772997,0.845591,0.855342,0.874103,0.754197,0.856352,0.89373,0.791287,0.780933,0.815572,0.839122,0.688723,0.613681,0.688913,0.846128,0.867676,0.724015,0.727723,0.704271,0.753695,0.844838,0.858079,0.575596,0.780858
0.897781,0.815974,0.898197,0.843795,0.859576,0.872267,0.693147,0.763961,0.69592,0.732594,0.764638,0.884513,1,0.865615,0.746217,0.753288,0.977677,0.811029,0.884296,0.812584,0.846444,0.693235,0.830539,0.923761,0.755552,0.823506,0.858926,0.884717,0.713714,0.636245,0.380129,0.872355,0.832773,0.893842,0.826528,0.440393,0.725053,0.917293,0.828972,0.863231,0.70649,0.77607,0.871866,0.862977,0.888371,0.773382,0.824819,0.886153,0.83645,0.719594,0.816319,0.685177,0.789109,0.906893,0.948877,0.87526,0.763402,0.7432,0.92995,0.699355,0.575889,0.797451,0.850632,0.843894,0.858764,0.840072,0.901117,0.925182,0.830261,0.764162,0.864813,0.850468,0.741278,0.602048,0.783387,0.896893,0.898274,0.791794,0.731807,0.680422,0.778078,0.876443,0.867117,0.737057,0.78655
0.803552,0.874948,0.816277,0.797136,0.839286,0.865456,0.809986,0.844163,0.743934,0.685048,0.669875,0.885755,0.865615,1,0.808716,0.839476,0.86895,0.786295,0.887135,0.83432,0.870076,0.635151,0.787003,0.878816,0.763039,0.783689,0.86537,0.877956,0.62977,0.688272,0.304496,0.79828,0.750103,0.798535,0.669626,0.395279,0.679882,0.801362,0.779162,0.798838,0.738962,0.798196,0.823463,0.921031,0.798049,0.764793,0.838214,0.842453,0.8233,0.789831,0.845408,0.687097,0.755336,0.882444,0.88577,0.968699,0.791287,0.797659,0.81546,0.608515,0.643926,0.783918,0.845672,0.838594,0.850112,0.779421,0.872807,0.878417,0.748774,0.695716,0.847119,0.751978,0.676718,0.723901,0.718245,0.757837,0.819441,0.743432,0.680918,0.667261,0.805259,0.813875,0.838628,0.648036,0.796642
0.818496,0.761161,0.824299,0.759106,0.755833,0.906945,0.636206,0.738815,0.745999,0.657282,0.616132,0.762119,0.746217,0.808716,1,0.711193,0.774536,0.77876,0.828978,0.829322,0.851858,0.63542,0.720304,0.840937,0.789862,0.741455,0.852615,0.82169,0.666842,0.54864,0.34938,0.736376,0.79024,0.824255,0.682467,0.380504,0.694591,0.63064,0.804173,0.855255,0.646265,0.808932,0.844167,0.792109,0.805995,0.72341,0.757422,0.804235,0.750322,0.738301,0.758875,0.580314,0.652744,0.797912,0.773273,0.821676,0.781221,0.714195,0.786453,0.542693,0.670256,0.737711,0.843347,0.836912,0.837561,0.777083,0.769687,0.823234,0.668393,0.670509,0.79607,0.785319,0.634107,0.603519,0.62579,0.730638,0.825314,0.725745,0.622924,0.51008,0.79004,0.826762,0.834646,0.608529,0.879365
0.721778,0.815326,0.755632,0.734849,0.804561,0.784793,0.658407,0.624447,0.685336,0.452815,0.426487,0.867014,0.753288,0.839476,0.711193,1,0.721122,0.665808,0.812133,0.857628,0.843574,0.597379,0.742747,0.801481,0.728348,0.737064,0.782078,0.82072,0.699159,0.652107,0.271963,0.683464,0.784723,0.730528,0.537945,0.275876,0.55466,0.653778,0.769388,0.741844,0.650229,0.636693,0.787448,0.862609,0.777489,0.666417,0.742236,0.740749,0.751114,0.79197,0.798864,0.448538,0.528368,0.751005,0.755566,0.875419,0.785606,0.951101,0.716761,0.532664,0.444047,0.705192,0.769653,0.857918,0.82582,0.678569,0.740492,0.775909,0.622328,0.68393,0.772116,0.658571,0.594752,0.517129,0.629761,0.705663,0.79432,0.704931,0.538336,0.590913,0.731476,0.738538,0.778088,0.576648,0.685365
0.9065,0.839676,0.910699,0.852596,0.844573,0.884232,0.668056,0.724928,0.686252,0.779984,0.813435,0.8529,0.977677,0.86895,0.774536,0.721122,1,0.828848,0.870664,0.777212,0.811367,0.648214,0.827361,0.930696,0.785391,0.841461,0.848672,0.860235,0.690341,0.612279,0.329473,0.849151,0.795328,0.879401,0.830097,0.47158,0.774516,0.891854,0.784694,0.83123,0.674376,0.81192,0.88802,0.873264,0.886701,0.783027,0.825189,0.891762,0.799585,0.694108,0.826605,0.770058,0.851748,0.887674,0.93987,0.861,0.777631,0.690599,0.947022,0.736456,0.596079,0.794565,0.833319,0.806402,0.829432,0.843505,0.906512,0.925375,0.810072,0.73478,0.858764,0.825731,0.734411,0.63152,0.770048,0.85598,0.876469,0.755583,0.749579,0.686627,0.796504,0.849141,0.827365,0.732498,0.802536
0.859913,0.757425,0.86332,0.826634,0.830057,0.868636,0.716672,0.653893,0.811632,0.690775,0.695408,0.767103,0.811029,0.786295,0.77876,0.665808,0.828848,1,0.860865,0.77034,0.812642,0.68407,0.826634,0.904811,0.838167,0.795997,0.871632,0.827328,0.608101,0.480291,0.350276,0.794197,0.765797,0.843595,0.797584,0.521765,0.768312,0.73819,0.793952,0.850177,0.610602,0.872884,0.852011,0.773807,0.846856,0.759994,0.849702,0.847662,0.723249,0.678815,0.789936,0.671799,0.746731,0.822304,0.794806,0.801102,0.75425,0.658588,0.828085,0.580624,0.58683,0.926058,0.803805,0.798932,0.825561,0.785571,0.862326,0.91199,0.801825,0.764263,0.817769,0.829918,0.645326,0.692363,0.67521,0.782885,0.826003,0.781967,0.698829,0.508603,0.781894,0.828862,0.825627,0.653198,0.849934
0.925827,0.838759,0.941134,0.931378,0.941295,0.905676,0.730707,0.731289,0.756351,0.711218,0.694753,0.826326,0.884296,0.887135,0.828978,0.812133,0.870664,0.860865,1,0.889572,0.936269,0.766183,0.803159,0.942228,0.86227,0.8402,0.932492,0.901452,0.748052,0.625519,0.40374,0.87563,0.873301,0.929258,0.860735,0.533683,0.761991,0.833431,0.870558,0.915618,0.809299,0.872378,0.924249,0.825508,0.934745,0.882715,0.937081,0.888361,0.80827,0.77182,0.83379,0.644571,0.746815,0.877945,0.858995,0.888138,0.78833,0.80641,0.865774,0.591182,0.577507,0.866851,0.910715,0.922907,0.936445,0.885625,0.88332,0.935292,0.800316,0.805373,0.923097,0.847411,0.754742,0.676215,0.830458,0.865786,0.918165,0.914076,0.658853,0.579911,0.797957,0.912542,0.931057,0.785092,0.873293
0.861229,0.704943,0.872333,0.80379,0.848541,0.878918,0.696074,0.745618,0.736969,0.584613,0.51711,0.880727,0.812584,0.83432,0.829322,0.857628,0.777212,0.77034,0.889572,1,0.974413,0.794823,0.817769,0.877385,0.788496,0.843475,0.89106,0.884495,0.734268,0.679254,0.435177,0.821748,0.913573,0.888611,0.68821,0.461258,0.715399,0.744769,0.948009,0.912363,0.71014,0.798547,0.85246,0.791517,0.879705,0.73304,0.827803,0.84942,0.865949,0.827183,0.813989,0.493422,0.621938,0.856926,0.831949,0.88312,0.751391,0.891133,0.791646,0.509989,0.540466,0.798301,0.903624,0.971924,0.969998,0.854737,0.804624,0.888093,0.799679,0.827222,0.879276,0.831756,0.656351,0.55986,0.739126,0.873276,0.926019,0.832847,0.65573,0.617192,0.746986,0.924152,0.944678,0.645641,0.838198
0.896771,0.755338,0.905056,0.860719,0.887021,0.912717,0.717305,0.78868,0.778014,0.63986,0.579753,0.880982,0.846444,0.870076,0.851858,0.843574,0.811367,0.812642,0.936269,0.974413,1,0.83145,0.8346,0.91043,0.819291,0.850392,0.930103,0.913494,0.756638,0.687775,0.432178,0.852893,0.928448,0.919113,0.753616,0.486351,0.73488,0.776068,0.947183,0.939511,0.760482,0.839468,0.885833,0.810958,0.909022,0.813069,0.879983,0.876145,0.872867,0.821943,0.821726,0.532443,0.656343,0.888784,0.856198,0.899382,0.781213,0.867624,0.825299,0.551684,0.610429,0.817444,0.944033,0.975903,0.984031,0.873007,0.847322,0.914986,0.796651,0.846387,0.922709,0.871372,0.724508,0.622945,0.769131,0.889646,0.938341,0.878671,0.692473,0.623139,0.78734,0.947901,0.957534,0.700168,0.87848
0.739035,0.522303,0.753665,0.692345,0.685497,0.726111,0.563481,0.567469,0.677038,0.495364,0.430197,0.72041,0.693235,0.635151,0.63542,0.597379,0.648214,0.68407,0.766183,0.794823,0.83145,1,0.771966,0.762296,0.712649,0.703955,0.778196,0.748587,0.572098,0.390048,0.509149,0.671218,0.84865,0.798317,0.677135,0.573602,0.696438,0.670421,0.836205,0.793671,0.606999,0.668125,0.725212,0.591758,0.759861,0.693099,0.717231,0.68431,0.737962,0.577881,0.59578,0.361326,0.483564,0.771306,0.695138,0.627671,0.502956,0.618121,0.667721,0.440789,0.454348,0.703806,0.765944,0.792191,0.815006,0.770322,0.66677,0.775327,0.713243,0.872726,0.789227,0.831931,0.563574,0.457342,0.703504,0.819055,0.786167,0.777075,0.651755,0.589981,0.681608,0.818569,0.786547,0.603507,0.722133
0.822011,0.723018,0.860685,0.77919,0.832816,0.879346,0.651776,0.666099,0.787404,0.58128,0.54282,0.880184,0.830539,0.787003,0.720304,0.742747,0.827361,0.826634,0.803159,0.817769,0.8346,0.771966,1,0.897799,0.820061,0.858045,0.843297,0.851038,0.688373,0.5223,0.313844,0.789843,0.836997,0.870475,0.718365,0.598939,0.710686,0.778663,0.858829,0.804562,0.563469,0.797521,0.849919,0.765656,0.847038,0.715264,0.787015,0.82518,0.820454,0.747676,0.726957,0.538981,0.656764,0.827303,0.815523,0.802511,0.734948,0.716957,0.821078,0.625505,0.526071,0.753349,0.838473,0.797158,0.851552,0.759664,0.826511,0.903091,0.767823,0.867094,0.846787,0.877604,0.676948,0.608197,0.701614,0.810377,0.862329,0.710169,0.835594,0.643677,0.773072,0.86628,0.829833,0.582094,0.816521
0.938749,0.850082,0.963573,0.910565,0.922733,0.948275,0.713088,0.730638,0.798881,0.748397,0.728734,0.884212,0.923761,0.878816,0.840937,0.801481,0.930696,0.904811,0.942228,0.877385,0.91043,0.762296,0.897799,1,0.878186,0.899357,0.936149,0.926219,0.784732,0.596036,0.380675,0.875424,0.868562,0.933331,0.823543,0.566737,0.786584,0.848101,0.874176,0.909211,0.75372,0.895437,0.961148,0.867432,0.956642,0.860667,0.90512,0.915889,0.823394,0.793035,0.85012,0.70297,0.791175,0.905055,0.900073,0.879446,0.813479,0.794314,0.929582,0.710297,0.571012,0.870296,0.880449,0.9056,0.917552,0.873829,0.914209,0.986779,0.846403,0.822454,0.920761,0.882502,0.78187,0.708723,0.778739,0.861283,0.931008,0.83403,0.756024,0.645551,0.81707,0.919972,0.908363,0.722559,0.883993
0.861145,0.775942,0.87281,0.794724,0.809124,0.873779,0.641147,0.602812,0.723576,0.629044,0.611711,0.713669,0.755552,0.763039,0.789862,0.728348,0.785391,0.838167,0.86227,0.788496,0.819291,0.712649,0.820061,0.878186,1,0.793414,0.854885,0.781988,0.590172,0.405407,0.1614,0.787879,0.799817,0.829077,0.728451,0.59345,0.765011,0.728869,0.768575,0.800434,0.666813,0.789997,0.882213,0.734469,0.848872,0.762969,0.840326,0.820526,0.744322,0.633693,0.727702,0.580473,0.6943,0.769391,0.737891,0.749458,0.752804,0.676136,0.760976,0.556416,0.500556,0.797905,0.798153,0.817133,0.824363,0.809016,0.768541,0.846345,0.663094,0.774611,0.845968,0.748121,0.658753,0.558268,0.684826,0.725877,0.813528,0.784547,0.647431,0.502244,0.758271,0.829408,0.813103,0.749011,0.861076
0.894124,0.74245,0.914857,0.844225,0.849716,0.876208,0.663423,0.633632,0.716384,0.617437,0.60557,0.825556,0.823506,0.783689,0.741455,0.737064,0.841461,0.795997,0.8402,0.843475,0.850392,0.703955,0.858045,0.899357,0.793414,1,0.832732,0.846567,0.702455,0.551999,0.337603,0.835001,0.856451,0.861428,0.717709,0.591816,0.698952,0.7243,0.845045,0.807348,0.613864,0.845499,0.910794,0.790422,0.923288,0.815015,0.869073,0.90756,0.817849,0.768513,0.828873,0.593883,0.681504,0.792448,0.776468,0.785749,0.749538,0.737503,0.821643,0.640412,0.490779,0.761809,0.8405,0.820824,0.870341,0.804171,0.881148,0.89014,0.758303,0.788007,0.901406,0.805558,0.773496,0.617344,0.699577,0.814389,0.875492,0.774785,0.761783,0.687272,0.771941,0.845053,0.82811,0.711934,0.797369
0.911639,0.828759,0.903404,0.854211,0.877021,0.899935,0.743834,0.751074,0.828559,0.660337,0.618121,0.837565,0.858926,0.86537,0.852615,0.782078,0.848672,0.871632,0.932492,0.89106,0.930103,0.778196,0.843297,0.936149,0.854885,0.832732,1,0.906692,0.766623,0.586512,0.392778,0.84221,0.875419,0.896895,0.777073,0.527765,0.807462,0.808084,0.868807,0.925687,0.797288,0.880867,0.898483,0.820837,0.900289,0.834059,0.870915,0.883128,0.778808,0.797513,0.793101,0.585928,0.689847,0.86648,0.855307,0.880487,0.736535,0.775662,0.851257,0.554708,0.656139,0.836118,0.909713,0.917472,0.9225,0.865642,0.85473,0.942902,0.843496,0.850147,0.928541,0.871696,0.697436,0.6791,0.772263,0.818583,0.898042,0.863767,0.742715,0.605658,0.797635,0.922015,0.913441,0.679681,0.901102
0.860896,0.783436,0.869589,0.819353,0.888813,0.931025,0.751636,0.764545,0.820222,0.656524,0.615266,0.888045,0.884717,0.877956,0.82169,0.82072,0.860235,0.827328,0.901452,0.884495,0.913494,0.748587,0.851038,0.926219,0.781988,0.846567,0.906692,1,0.74483,0.622138,0.452858,0.860477,0.883304,0.882187,0.744588,0.455546,0.673368,0.789838,0.909285,0.913468,0.739268,0.87492,0.863054,0.845088,0.872794,0.750955,0.838903,0.864358,0.807766,0.851142,0.831545,0.597816,0.666592,0.890739,0.886198,0.89825,0.786186,0.849785,0.853816,0.559549,0.557991,0.806358,0.87824,0.901643,0.922008,0.771585,0.903868,0.91867,0.794665,0.798925,0.896085,0.858022,0.724773,0.677251,0.730727,0.854729,0.910926,0.768141,0.742487,0.676811,0.846621,0.92175,0.893375,0.689519,0.81864
0.765923,0.629169,0.794625,0.796283,0.7882,0.73882,0.368732,0.465284,0.61985,0.515828,0.434399,0.706708,0.713714,0.62977,0.666842,0.699159,0.690341,0.608101,0.748052,0.734268,0.756638,0.572098,0.688373,0.784732,0.590172,0.702455,0.766623,0.74483,1,0.638512,0.256088,0.670651,0.751293,0.765342,0.655961,0.358414,0.572587,0.62537,0.725907,0.767495,0.61393,0.712677,0.772307,0.605094,0.814386,0.721573,0.674901,0.698076,0.552745,0.740185,0.634809,0.412332,0.482824,0.688948,0.713675,0.703549,0.606253,0.749611,0.777596,0.477277,0.383832,0.589334,0.721002,0.779294,0.772297,0.665497,0.662346,0.757614,0.667855,0.662287,0.770684,0.751626,0.558078,0.441324,0.601534,0.653824,0.771594,0.715774,0.588854,0.412856,0.578642,0.748982,0.744766,0.462198,0.658137
0.61029,0.532897,0.607181,0.641823,0.673457,0.590649,0.458597,0.568948,0.466418,0.564992,0.476513,0.617099,0.636245,0.688272,0.54864,0.652107,0.612279,0.480291,0.625519,0.679254,0.687775,0.390048,0.5223,0.596036,0.405407,0.551999,0.586512,0.622138,0.638512,1,0.237069,0.547503,0.571378,0.558413,0.521087,0.116617,0.447452,0.591609,0.593533,0.587102,0.507269,0.581847,0.545851,0.59817,0.598475,0.518214,0.548477,0.559458,0.591906,0.700527,0.605616,0.454355,0.536667,0.60078,0.672938,0.736075,0.584306,0.658828,0.632441,0.313504,0.411076,0.460228,0.649937,0.670681,0.668405,0.607462,0.628629,0.595547,0.51437,0.450891,0.647009,0.494315,0.440942,0.447886,0.586135,0.575613,0.659148,0.576988,0.41156,0.432077,0.546151,0.609143,0.625038,0.378241,0.452606
0.348062,0.254828,0.366068,0.348192,0.35158,0.333811,0.3923,0.345334,0.343003,0.33851,0.28623,0.397312,0.380129,0.304496,0.34938,0.271963,0.329473,0.350276,0.40374,0.435177,0.432178,0.509149,0.313844,0.380675,0.1614,0.337603,0.392778,0.452858,0.256088,0.237069,1,0.217297,0.413997,0.428854,0.397249,0.273282,0.290287,0.307148,0.483475,0.462636,0.299563,0.35247,0.341115,0.314312,0.373838,0.331672,0.330747,0.356652,0.354537,0.364086,0.308008,0.253243,0.255705,0.344426,0.333827,0.318553,0.367721,0.314222,0.357716,0.194041,0.300124,0.440379,0.439239,0.412727,0.422721,0.408637,0.439841,0.437702,0.475922,0.382934,0.282448,0.421163,0.304382,0.418671,0.45236,0.524524,0.415012,0.315931,0.292551,0.493387,0.350908,0.414039,0.425392,0.363995,0.351774
0.880584,0.717305,0.871641,0.806891,0.837735,0.864108,0.672106,0.752913,0.678992,0.610652,0.638472,0.791217,0.872355,0.79828,0.736376,0.683464,0.849151,0.794197,0.87563,0.821748,0.852893,0.671218,0.789843,0.875424,0.787879,0.835001,0.84221,0.860477,0.670651,0.547503,0.217297,1,0.847921,0.893594,0.771715,0.509847,0.676593,0.82799,0.850443,0.862931,0.742806,0.831323,0.848917,0.745295,0.873592,0.764505,0.871968,0.869574,0.822777,0.72019,0.774348,0.56675,0.699742,0.854897,0.832569,0.804029,0.676544,0.724486,0.78878,0.636513,0.515845,0.764257,0.836869,0.842316,0.885597,0.807902,0.831075,0.875265,0.783826,0.76074,0.8796,0.813066,0.747772,0.531207,0.713415,0.831538,0.898698,0.830207,0.716766,0.55648,0.693477,0.905823,0.880857,0.67119,0.81331
0.879591,0.668902,0.881555,0.809646,0.820753,0.870001,0.617711,0.652088,0.723404,0.552429,0.519332,0.840934,0.832773,0.750103,0.79024,0.784723,0.795328,0.765797,0.873301,0.913573,0.928448,0.84865,0.836997,0.868562,0.799817,0.856451,0.875419,0.883304,0.751293,0.571378,0.413997,0.847921,1,0.900787,0.761129,0.492426,0.674186,0.766243,0.939002,0.913387,0.654651,0.788125,0.857936,0.742162,0.89714,0.770812,0.810892,0.860611,0.84909,0.729243,0.783851,0.436837,0.582257,0.827698,0.814075,0.793288,0.708305,0.820793,0.782551,0.547561,0.515431,0.757963,0.893096,0.918275,0.937107,0.842295,0.810939,0.86565,0.77342,0.8682,0.912706,0.865446,0.703628,0.466399,0.726965,0.917136,0.925496,0.868985,0.706915,0.619619,0.789813,0.927761,0.89777,0.695855,0.82571
0.92272,0.742706,0.950115,0.885285,0.908892,0.913545,0.637405,0.736354,0.75921,0.664247,0.666836,0.840335,0.893842,0.798535,0.824255,0.730528,0.879401,0.843595,0.929258,0.888611,0.919113,0.798317,0.870475,0.933331,0.829077,0.861428,0.896895,0.882187,0.765342,0.558413,0.428854,0.893594,0.900787,1,0.877934,0.585781,0.787765,0.82065,0.93156,0.927964,0.707882,0.846565,0.926507,0.763449,0.940056,0.819891,0.881469,0.876467,0.845223,0.760052,0.770009,0.581854,0.705709,0.871997,0.851486,0.823327,0.750069,0.75557,0.880008,0.622237,0.573377,0.82223,0.928017,0.900832,0.937497,0.875425,0.846025,0.941707,0.817707,0.861253,0.887211,0.925811,0.74895,0.6076,0.803595,0.915128,0.935789,0.873504,0.735519,0.586401,0.750664,0.944419,0.93875,0.704841,0.88419
0.839073,0.638803,0.853055,0.858064,0.839685,0.759864,0.548371,0.560285,0.615428,0.742482,0.752518,0.649636,0.826528,0.669626,0.682467,0.537945,0.830097,0.797584,0.860735,0.68821,0.753616,0.677135,0.718365,0.823543,0.728451,0.717709,0.777073,0.744588,0.655961,0.521087,0.397249,0.771715,0.761129,0.877934,1,0.579693,0.742912,0.802934,0.756946,0.803605,0.605103,0.795408,0.786817,0.609909,0.832062,0.787249,0.787223,0.755597,0.637093,0.556812,0.635255,0.660624,0.743251,0.738998,0.77055,0.688262,0.664163,0.555129,0.837854,0.489138,0.429815,0.724628,0.788309,0.725121,0.778797,0.76665,0.797129,0.821787,0.718749,0.684703,0.770193,0.807067,0.714763,0.596094,0.782052,0.831603,0.791927,0.802293,0.597292,0.453192,0.642097,0.830491,0.80231,0.692999,0.760456
0.541109,0.421962,0.589711,0.585657,0.528581,0.495412,0.514434,0.32732,0.378938,0.504339,0.452187,0.395648,0.440393,0.395279,0.380504,0.275876,0.47158,0.521765,0.533683,0.461258,0.486351,0.573602,0.598939,0.566737,0.59345,0.591816,0.527765,0.455546,0.358414,0.116617,0.273282,0.509847,0.492426,0.585781,0.579693,1,0.558007,0.505728,0.485184,0.486649,0.447049,0.637675,0.543824,0.313045,0.56771,0.662587,0.641819,0.596214,0.418168,0.333308,0.361542,0.490046,0.5512,0.366126,0.397556,0.352212,0.454082,0.261032,0.455747,0.400602,0.220054,0.510246,0.492452,0.441753,0.529873,0.521865,0.491888,0.586739,0.416873,0.495498,0.531571,0.523122,0.567552,0.5047,0.398464,0.473185,0.437221,0.471402,0.454809,0.417451,0.317064,0.542667,0.456271,0.391987,0.536638
0.811611,0.691691,0.808336,0.746286,0.732421,0.737951,0.534035,0.548365,0.643411,0.658706,0.652455,0.624933,0.725053,0.679882,0.694591,0.55466,0.774516,0.768312,0.761991,0.715399,0.73488,0.696438,0.710686,0.786584,0.765011,0.698952,0.807462,0.673368,0.572587,0.447452,0.290287,0.676593,0.674186,0.787765,0.742912,0.558007,1,0.710621,0.689954,0.734087,0.616321,0.761053,0.769469,0.633223,0.760167,0.695736,0.737428,0.716369,0.599007,0.547066,0.587907,0.645639,0.725555,0.727078,0.72797,0.661861,0.568729,0.498082,0.777167,0.552749,0.55136,0.70099,0.759592,0.733847,0.754478,0.810567,0.679713,0.800662,0.720377,0.762541,0.748618,0.758377,0.489316,0.521599,0.720047,0.668791,0.752708,0.696375,0.667824,0.588164,0.635683,0.760878,0.745232,0.599086,0.779465
0.808482,0.711643,0.817718,0.770548,0.804978,0.774246,0.655195,0.720591,0.620082,0.749386,0.76112,0.787017,0.917293,0.801362,0.63064,0.653778,0.891854,0.73819,0.833431,0.744769,0.776068,0.670421,0.778663,0.848101,0.728869,0.7243,0.808084,0.789838,0.62537,0.591609,0.307148,0.82799,0.766243,0.82065,0.802934,0.505728,0.710621,1,0.739383,0.785788,0.717097,0.732894,0.775567,0.72681,0.799591,0.73686,0.776318,0.810465,0.780237,0.571432,0.724333,0.683988,0.800532,0.828821,0.895458,0.785179,0.655609,0.647813,0.843255,0.628572,0.469904,0.695783,0.76086,0.782539,0.799023,0.814658,0.807039,0.860748,0.804676,0.69943,0.821664,0.767316,0.708915,0.606185,0.740996,0.828688,0.808198,0.746841,0.632451,0.581749,0.640414,0.83263,0.816429,0.686357,0.719531
0.863973,0.643155,0.871755,0.791372,0.853993,0.889453,0.658968,0.719782,0.75847,0.571561,0.519218,0.864902,0.828972,0.779162,0.804173,0.769388,0.784694,0.793952,0.870558,0.948009,0.947183,0.836205,0.858829,0.874176,0.768575,0.845045,0.868807,0.909285,0.725907,0.593533,0.483475,0.850443,0.939002,0.93156,0.756946,0.485184,0.689954,0.739383,1,0.934878,0.635558,0.80688,0.84526,0.737903,0.882446,0.704762,0.80435,0.831882,0.858827,0.80719,0.750279,0.460752,0.590645,0.86115,0.823344,0.838265,0.716478,0.830816,0.800939,0.483433,0.506183,0.795902,0.921319,0.930724,0.961372,0.819475,0.818998,0.890802,0.806969,0.868258,0.866147,0.898813,0.68293,0.550325,0.733449,0.927092,0.942394,0.824541,0.714075,0.626737,0.762606,0.960649,0.95041,0.653077,0.848506
0.912959,0.716361,0.895696,0.846965,0.873346,0.921105,0.675312,0.739021,0.771733,0.696196,0.646781,0.824939,0.863231,0.798838,0.855255,0.741844,0.83123,0.850177,0.915618,0.912363,0.939511,0.793671,0.804562,0.909211,0.800434,0.807348,0.925687,0.913468,0.767495,0.587102,0.462636,0.862931,0.913387,0.927964,0.803605,0.486649,0.734087,0.785788,0.934878,1,0.730171,0.861611,0.871897,0.769692,0.902426,0.786618,0.857169,0.8853,0.820438,0.78571,0.804474,0.572042,0.679601,0.871942,0.870958,0.850864,0.758494,0.788417,0.862867,0.538489,0.584284,0.836405,0.918646,0.949443,0.953018,0.853165,0.834326,0.913174,0.81852,0.816103,0.900191,0.908594,0.69932,0.598849,0.710827,0.906049,0.929152,0.862843,0.701061,0.567133,0.761524,0.952829,0.948253,0.70352,0.904399
0.7286,0.702199,0.722838,0.683325,0.740598,0.680357,0.674037,0.692699,0.589024,0.579431,0.552931,0.648482,0.70649,0.738962,0.646265,0.650229,0.674376,0.610602,0.809299,0.71014,0.760482,0.606999,0.563469,0.75372,0.666813,0.613864,0.797288,0.739268,0.61393,0.507269,0.299563,0.742806,0.654651,0.707882,0.605103,0.447049,0.616321,0.717097,0.635558,0.730171,1,0.673331,0.72667,0.647439,0.724065,0.750766,0.786281,0.702765,0.610003,0.624756,0.691605,0.547062,0.616761,0.693551,0.690279,0.701298,0.544861,0.628675,0.640789,0.510706,0.512675,0.652328,0.728495,0.765689,0.761137,0.732591,0.659098,0.743131,0.631442,0.589294,0.766987,0.622593,0.650852,0.584973,0.686875,0.614197,0.704058,0.729334,0.496428,0.508607,0.56646,0.714224,0.735415,0.579649,0.689818
0.867152,0.729231,0.877687,0.866328,0.857983,0.888961,0.714448,0.667606,0.739507,0.748789,0.679832,0.732789,0.77607,0.798196,0.808932,0.636693,0.81192,0.872884,0.872378,0.798547,0.839468,0.668125,0.797521,0.895437,0.789997,0.845499,0.880867,0.87492,0.712677,0.581847,0.35247,0.831323,0.788125,0.846565,0.795408,0.637675,0.761053,0.732894,0.80688,0.861611,0.673331,1,0.83915,0.727811,0.856467,0.815312,0.853063,0.862799,0.675748,0.759946,0.764162,0.699053,0.761167,0.790807,0.792,0.803456,0.736239,0.674306,0.826116,0.542865,0.566866,0.788796,0.831219,0.80874,0.863727,0.791669,0.866237,0.898999,0.767742,0.719622,0.870181,0.815603,0.704618,0.738215,0.690807,0.752946,0.837278,0.756619,0.728773,0.55636,0.742647,0.876392,0.825039,0.618356,0.845073
0.950193,0.868441,0.97604,0.917788,0.9067,0.929262,0.619942,0.673544,0.770778,0.67987,0.672848,0.835767,0.871866,0.823463,0.844167,0.787448,0.88802,0.852011,0.924249,0.85246,0.885833,0.725212,0.849919,0.961148,0.882213,0.910794,0.898483,0.863054,0.772307,0.545851,0.341115,0.848917,0.857936,0.926507,0.786817,0.543824,0.769469,0.775567,0.84526,0.871897,0.72667,0.83915,1,0.84872,0.974398,0.884425,0.908031,0.89866,0.828841,0.762829,0.843056,0.624138,0.727967,0.844867,0.814516,0.821232,0.795331,0.761935,0.885064,0.718626,0.583252,0.840096,0.881189,0.883995,0.893239,0.885467,0.85621,0.944649,0.766674,0.821348,0.907747,0.847645,0.762486,0.630996,0.757978,0.829279,0.920335,0.853198,0.702253,0.623529,0.797562,0.873065,0.880582,0.758712,0.877939
0.798666,0.914983,0.80283,0.776821,0.789617,0.846138,0.741596,0.749764,0.757904,0.615572,0.628622,0.892925,0.862977,0.921031,0.792109,0.862609,0.873264,0.773807,0.825508,0.791517,0.810958,0.591758,0.765656,0.867432,0.734469,0.790422,0.820837,0.845088,0.605094,0.59817,0.314312,0.745295,0.742162,0.763449,0.609909,0.313045,0.633223,0.72681,0.737903,0.769692,0.647439,0.727811,0.84872,1,0.813275,0.73922,0.784357,0.827769,0.805561,0.77636,0.874376,0.637521,0.694613,0.85989,0.849049,0.912399,0.784517,0.805582,0.827932,0.694318,0.628949,0.792325,0.786377,0.807532,0.789502,0.744682,0.841087,0.859997,0.697607,0.685041,0.80431,0.730502,0.668281,0.63608,0.661383,0.758821,0.80731,0.698766,0.638509,0.679801,0.809301,0.7513,0.763617,0.641251,0.751813
0.967038,0.803651,0.982836,0.940584,0.924702,0.911451,0.612486,0.644958,0.743708,0.683883,0.666586,0.831742,0.888371,0.798049,0.805995,0.777489,0.886701,0.846856,0.934745,0.879705,0.909022,0.759861,0.847038,0.956642,0.848872,0.923288,0.900289,0.872794,0.814386,0.598475,0.373838,0.873592,0.89714,0.940056,0.832062,0.56771,0.760167,0.799591,0.882446,0.902426,0.724065,0.856467,0.974398,0.813275,1,0.89511,0.917214,0.916973,0.811527,0.762758,0.833491,0.618516,0.727591,0.855971,0.839874,0.824641,0.773717,0.791365,0.907217,0.673309,0.530629,0.843473,0.891041,0.91159,0.924623,0.886454,0.88176,0.946395,0.800026,0.82744,0.932976,0.871387,0.791781,0.614924,0.788683,0.877447,0.94372,0.894535,0.708279,0.609083,0.765481,0.909864,0.902244,0.764378,0.862715
0.871238,0.807213,0.890477,0.936595,0.847082,0.790568,0.621131,0.606289,0.653365,0.715293,0.68544,0.701602,0.773382,0.764793,0.72341,0.666417,0.783027,0.759994,0.882715,0.73304,0.813069,0.693099,0.715264,0.860667,0.762969,0.815015,0.834059,0.750955,0.721573,0.518214,0.331672,0.764505,0.770812,0.819891,0.787249,0.662587,0.695736,0.73686,0.704762,0.786618,0.750766,0.815312,0.884425,0.73922,0.89511,1,0.918744,0.853466,0.703985,0.615136,0.765138,0.650481,0.728117,0.726344,0.733523,0.733654,0.718903,0.637362,0.790916,0.686288,0.563456,0.755858,0.804975,0.791541,0.81503,0.824035,0.787606,0.849494,0.671913,0.69622,0.86559,0.774375,0.757241,0.651582,0.69627,0.743177,0.779216,0.830954,0.614246,0.579037,0.668394,0.770216,0.768638,0.686977,0.790937
0.90674,0.814099,0.919566,0.920236,0.89717,0.874736,0.728744,0.688644,0.745206,0.707945,0.70248,0.771296,0.824819,0.838214,0.757422,0.742236,0.825189,0.849702,0.937081,0.827803,0.879983,0.717231,0.787015,0.90512,0.840326,0.869073,0.870915,0.838903,0.674901,0.548477,0.330747,0.871968,0.810892,0.881469,0.787223,0.641819,0.737428,0.776318,0.80435,0.857169,0.786281,0.853063,0.908031,0.784357,0.917214,0.918744,1,0.918996,0.804924,0.708516,0.847163,0.67883,0.762704,0.809927,0.792676,0.818514,0.79734,0.715127,0.805932,0.666884,0.572796,0.870794,0.866738,0.870898,0.898539,0.840616,0.863638,0.897334,0.733715,0.748438,0.905122,0.80617,0.756338,0.669818,0.70836,0.800461,0.85412,0.852741,0.666636,0.588435,0.724016,0.837945,0.854918,0.767739,0.846519
0.925943,0.800021,0.922467,0.87106,0.84881,0.913185,0.728209,0.723994,0.704563,0.714429,0.724655,0.826986,0.886153,0.842453,0.804235,0.740749,0.891762,0.847662,0.888361,0.84942,0.876145,0.68431,0.82518,0.915889,0.820526,0.90756,0.883128,0.864358,0.698076,0.559458,0.356652,0.869574,0.860611,0.876467,0.755597,0.596214,0.716369,0.810465,0.831882,0.8853,0.702765,0.862799,0.89866,0.827769,0.916973,0.853466,0.918996,1,0.836352,0.708763,0.869417,0.681545,0.785516,0.834166,0.858906,0.846426,0.830408,0.735112,0.857046,0.691042,0.633818,0.836847,0.883386,0.869449,0.891806,0.850209,0.908613,0.916943,0.795102,0.750643,0.914722,0.827462,0.783674,0.637299,0.691325,0.843891,0.873592,0.81606,0.763667,0.647412,0.774447,0.867827,0.858585,0.767072,0.869384
0.810459,0.705976,0.823105,0.735024,0.77307,0.853317,0.663342,0.814905,0.695827,0.581216,0.592593,0.859578,0.83645,0.8233,0.750322,0.751114,0.799585,0.723249,0.80827,0.865949,0.872867,0.737962,0.820454,0.823394,0.744322,0.817849,0.778808,0.807766,0.552745,0.591906,0.354537,0.822777,0.84909,0.845223,0.637093,0.418168,0.599007,0.780237,0.858827,0.820438,0.610003,0.675748,0.828841,0.805561,0.811527,0.703985,0.804924,0.836352,1,0.707946,0.822278,0.480344,0.634502,0.828466,0.809567,0.815742,0.735177,0.733993,0.739503,0.644098,0.612223,0.73345,0.84884,0.849808,0.863622,0.819198,0.774307,0.838063,0.717066,0.791288,0.83319,0.798691,0.67622,0.505596,0.657473,0.863789,0.859138,0.755388,0.678722,0.634449,0.750201,0.832154,0.85823,0.676319,0.780974
0.738383,0.71865,0.741442,0.714222,0.806408,0.805257,0.666915,0.69271,0.766381,0.463582,0.394829,0.808939,0.719594,0.789831,0.738301,0.79197,0.694108,0.678815,0.77182,0.827183,0.821943,0.577881,0.747676,0.793035,0.633693,0.768513,0.797513,0.851142,0.740185,0.700527,0.364086,0.72019,0.729243,0.760052,0.556812,0.333308,0.547066,0.571432,0.80719,0.78571,0.624756,0.759946,0.762829,0.77636,0.762758,0.615136,0.708516,0.708763,0.707946,1,0.715613,0.399026,0.459922,0.755655,0.713228,0.839356,0.689647,0.809714,0.720554,0.392852,0.447149,0.679145,0.790064,0.8012,0.816862,0.646218,0.742454,0.787974,0.669178,0.707321,0.76517,0.73294,0.57868,0.551854,0.645983,0.684504,0.802076,0.68069,0.608439,0.575476,0.726565,0.786585,0.785609,0.475608,0.686692
0.82323,0.788127,0.826866,0.787111,0.781641,0.836801,0.680821,0.700947,0.707497,0.638956,0.630102,0.838306,0.816319,0.845408,0.758875,0.798864,0.826605,0.789936,0.83379,0.813989,0.821726,0.59578,0.726957,0.85012,0.727702,0.828873,0.793101,0.831545,0.634809,0.605616,0.308008,0.774348,0.783851,0.770009,0.635255,0.361542,0.587907,0.724333,0.750279,0.804474,0.691605,0.764162,0.843056,0.874376,0.833491,0.765138,0.847163,0.869417,0.822278,0.715613,1,0.638425,0.705551,0.785331,0.807468,0.853808,0.781759,0.771945,0.785809,0.643248,0.611291,0.824415,0.791924,0.828353,0.830879,0.780905,0.845397,0.840338,0.673321,0.657685,0.843764,0.730885,0.660811,0.583424,0.610888,0.789295,0.809418,0.74293,0.615038,0.603289,0.774398,0.74304,0.776457,0.692787,0.756144
0.645041,0.640417,0.658912,0.67765,0.651814,0.652376,0.591646,0.531086,0.415037,0.914878,0.912261,0.526775,0.685177,0.687097,0.580314,0.448538,0.770058,0.671799,0.644571,0.493422,0.532443,0.361326,0.538981,0.70297,0.580473,0.593883,0.585928,0.597816,0.412332,0.454355,0.253243,0.56675,0.436837,0.581854,0.660624,0.490046,0.645639,0.683988,0.460752,0.572042,0.547062,0.699053,0.624138,0.637521,0.618516,0.650481,0.67883,0.681545,0.480344,0.399026,0.638425,1,0.953683,0.603335,0.752289,0.638422,0.685706,0.396682,0.773449,0.634814,0.36439,0.615929,0.537335,0.551098,0.575657,0.594368,0.687266,0.683908,0.569393,0.324651,0.586611,0.500542,0.60378,0.71812,0.46326,0.559139,0.563005,0.432144,0.456332,0.490818,0.53002,0.565341,0.556891,0.556093,0.626917
0.769835,0.702057,0.777921,0.76568,0.739025,0.740747,0.636925,0.623265,0.451748,0.925982,0.930204,0.620288,0.789109,0.755336,0.652744,0.528368,0.851748,0.746731,0.746815,0.621938,0.656343,0.483564,0.656764,0.791175,0.6943,0.681504,0.689847,0.666592,0.482824,0.536667,0.255705,0.699742,0.582257,0.705709,0.743251,0.5512,0.725555,0.800532,0.590645,0.679601,0.616761,0.761167,0.727967,0.694613,0.727591,0.728117,0.762704,0.785516,0.634502,0.459922,0.705551,0.953683,1,0.693042,0.827661,0.713867,0.720761,0.476566,0.826528,0.705635,0.475899,0.694619,0.670793,0.667643,0.695518,0.75984,0.750179,0.788443,0.669015,0.487751,0.704592,0.608021,0.664225,0.694365,0.591381,0.68999,0.700986,0.580808,0.551576,0.554692,0.61675,0.693107,0.688142,0.638757,0.72697
