1,0.506297,0.864409,0.716543,0.637228,0.623665,0.177396,0.514467,0.50858,0.432566,0.606183,0.658121,0.715982,0.237768,0.43143,-0.161586,0.568733,0.523745,0.604563,0.661132,0.706695,0.487804,0.640061,0.646854,0.294107,0.724498,0.713853,0.562203,0.363654,0.454371,0.120851,0.61031,0.66399,0.649841,0.565784,0.224225,0.505537,0.378865,0.515094,0.331027,0.239782,0.513271,0.861347,-0.0145888,0.826177,0.767742,0.664991,0.43419,0.330304,0.53349,0.507857,0.650906,0.680589,0.507351,0.651207,-0.174264,0.225445,0.167826,0.704635,0.549657,0.408134,0.567378,0.661672,0.711388,0.653722,0.491129,0.642832,0.778481,0.285438,0.333498,0.705637,0.592061,0.528794,0.502438,0.484639,0.513938,0.627071,0.468094,0.297485,0.153137,0.378527,0.601669,0.534782,0.475938,0.597829
0.506297,1,0.23944,0.157163,0.331731,0.422891,0.373075,0.500117,0.314722,0.0334624,0.102324,0.612167,0.497396,0.752416,0.42793,0.608006,0.460584,0.253913,0.108973,0.330981,0.265995,0.281735,0.414093,0.223356,0.02627,0.147364,0.248948,0.188777,-0.0362797,0.205894,-0.299611,0.273592,0.0491671,-0.00418412,0.0639641,0.230958,0.218331,0.0380327,-0.0554121,0.187797,0.0380424,0.186168,0.605971,0.775007,0.399671,0.334438,0.32967,0.425848,0.166111,0.360194,0.496036,0.364122,0.371222,0.599662,0.616405,0.528938,0.611323,0.755707,0.520151,0.348139,0.217473,0.498865,0.252256,0.224429,0.222165,0.161015,0.339168,0.285022,0.25615,0.0844324,0.329122,0.0890959,-0.109696,0.123134,0.100784,0.0264421,0.155422,0.109774,-0.0428624,0.139593,0.0680695,0.241144,0.253625,-0.103972,0.0734624
0.864409,0.23944,1,0.876005,0.698274,0.669732,0.138839,0.5656,0.551865,0.607426,0.783871,0.516333,0.695574,0.0569087,0.372803,-0.374449,0.692367,0.617064,0.710102,0.704849,0.774082,0.530594,0.731475,0.787572,0.491796,0.773285,0.822515,0.689143,0.417668,0.474449,0.279995,0.489446,0.720029,0.8068,0.555799,0.259054,0.4611,0.587082,0.711824,0.422072,0.426001,0.587837,0.793088,-0.263279,0.882272,0.849871,0.733565,0.483352,0.453442,0.59742,0.499484,0.698282,0.712092,0.424212,0.595099,-0.330305,0.0719774,-0.055314,0.667918,0.608059,0.550458,0.523163,0.699564,0.763332,0.764307,0.594504,0.716707,0.862299,0.39739,0.402109,0.818679,0.677649,0.561276,0.494315,0.57457,0.660144,0.775107,0.500814,0.376475,0.203764,0.54257,0.713247,0.603079,0.617322,0.666429
0.716543,0.157163,0.876005,1,0.661881,0.556875,0.154527,0.4422,0.525221,0.536664,0.747507,0.402127,0.571285,0.0510029,0.361598,-0.39416,0.637363,0.462536,0.666597,0.614201,0.65006,0.482003,0.64643,0.752668,0.448934,0.641744,0.748451,0.682662,0.491182,0.558229,0.298986,0.437608,0.673296,0.732279,0.531973,0.335179,0.48259,0.457865,0.57304,0.425829,0.49669,0.614779,0.722859,-0.262147,0.786126,0.804095,0.659607,0.480237,0.397656,0.539117,0.500037,0.683182,0.699051,0.33902,0.492935,-0.304143,0.0920301,-0.116824,0.564792,0.497419,0.620687,0.491208,0.58247,0.626406,0.681381,0.495987,0.730826,0.768202,0.427863,0.431483,0.724116,0.656831,0.496528,0.351003,0.474365,0.623551,0.714258,0.398401,0.367357,0.215166,0.425837,0.740589,0.546888,0.554486,0.555149
0.637228,0.331731,0.698274,0.661881,1,0.651143,0.164906,0.582366,0.412988,0.387961,0.530661,0.604811,0.686234,0.173587,0.266088,-0.265101,0.426414,0.439427,0.589779,0.566353,0.643967,0.566776,0.55883,0.65521,0.319145,0.528183,0.690011,0.553912,0.388288,0.426925,0.237188,0.367746,0.369753,0.560381,0.422358,0.496151,0.639048,0.346031,0.471269,0.390848,0.373825,0.540188,0.700638,-0.0769324,0.606733,0.584664,0.593963,0.468386,0.0714215,0.62803,0.411081,0.506609,0.49628,0.35929,0.528654,-0.187999,0.215697,0.0188906,0.495852,0.523028,0.515246,0.448464,0.538791,0.553365,0.561561,0.460816,0.531871,0.693615,0.447503,0.414177,0.713924,0.566135,0.331253,0.260621,0.390676,0.465002,0.53053,0.328346,0.381698,0.216205,0.240801,0.515673,0.374734,0.454828,0.534728
0.623665,0.422891,0.669732,0.556875,0.651143,1,0.466823,0.723233,0.661299,0.347444,0.541884,0.597673,0.672194,0.288041,0.37264,-0.0897385,0.670728,0.704495,0.561629,0.643732,0.73056,0.531208,0.748944,0.763323,0.318549,0.563282,0.762477,0.679889,0.345166,0.267688,0.171321,0.362771,0.513548,0.543195,0.507053,0.170945,0.39418,0.332725,0.483612,0.398953,0.291188,0.44291,0.771149,0.0108769,0.612729,0.64667,0.576253,0.526703,0.29334,0.670297,0.644646,0.491967,0.58341,0.535345,0.710953,-0.10167,0.402149,0.183078,0.611506,0.560504,0.453211,0.577605,0.675018,0.64722,0.671117,0.364295,0.589709,0.797933,0.561588,0.487153,0.81181,0.539033,0.34922,0.261248,0.508368,0.57724,0.610391,0.557878,0.327633,0.0997328,0.35007,0.595702,0.381644,0.545524,0.559563
0.177396,0.373075,0.138839,0.154527,0.164906,0.466823,1,0.600619,0.445664,0.179348,0.291868,0.272564,0.312474,0.370229,0.328061,0.0517044,0.304079,0.382411,0.291009,0.295154,0.439769,0.260783,0.481441,0.515238,0.0106894,0.316462,0.407363,0.352007,0.37863,-0.159449,0.207469,0.129539,0.193984,0.256279,0.318683,0.0248079,0.152129,0.0937226,0.152715,0.249981,0.259974,0.275601,0.326018,0.256837,0.202037,0.240056,0.309604,0.335613,0.360965,0.301583,0.574748,0.272393,0.431178,0.312038,0.454066,0.188819,0.183569,0.239829,0.382894,0.437717,0.295551,0.335025,0.429855,0.369524,0.486904,0.201691,0.340677,0.446866,0.395011,0.430461,0.426206,0.106493,0.211104,0.265611,0.420995,0.465415,0.350944,0.517564,0.128385,-0.084895,0.314356,0.422823,0.152023,0.134242,0.246659
0.514467,0.500117,0.5656,0.4422,0.582366,0.723233,0.600619,1,0.531397,0.379228,0.528132,0.545006,0.630623,0.34343,0.345347,-0.0444186,0.503044,0.576126,0.522165,0.56565,0.67228,0.430376,0.765219,0.690168,0.200561,0.491687,0.677586,0.539384,0.306376,0.133642,0.161764,0.160291,0.334424,0.525572,0.375025,0.224544,0.337953,0.456827,0.310699,0.267727,0.350689,0.438443,0.648883,0.139378,0.587686,0.551452,0.635025,0.570846,0.322468,0.627316,0.651361,0.495165,0.533022,0.488383,0.631747,-0.045267,0.330825,0.221162,0.574081,0.644951,0.368991,0.565022,0.612196,0.594228,0.640774,0.519748,0.563659,0.713247,0.510374,0.385916,0.712449,0.383923,0.255637,0.411465,0.544322,0.561084,0.596138,0.432055,0.294865,0.240663,0.437465,0.506441,0.329169,0.328345,0.389546
0.50858,0.314722,0.551865,0.525221,0.412988,0.661299,0.445664,0.531397,1,0.252095,0.50292,0.433045,0.479892,0.174126,0.624596,-0.20291,0.588786,0.741633,0.621495,0.700437,0.62754,0.46556,0.713498,0.765572,0.381653,0.51629,0.622034,0.492425,0.429597,0.133999,0.108427,0.237414,0.508334,0.468584,0.313157,0.321649,0.417222,0.446637,0.436327,0.397957,0.317431,0.555384,0.63007,-0.101183,0.590456,0.519692,0.431451,0.66838,0.426185,0.612261,0.694705,0.395921,0.480095,0.412441,0.528281,-0.11823,0.337795,0.0389979,0.499422,0.350386,0.541925,0.706811,0.716604,0.685845,0.736365,0.536305,0.737257,0.75343,0.439103,0.562087,0.724753,0.475028,0.277612,0.415867,0.586937,0.600045,0.649291,0.5386,0.181942,-0.0825074,0.368156,0.659192,0.455623,0.42146,0.436335
0.432566,0.0334624,0.607426,0.536664,0.387961,0.347444,0.179348,0.379228,0.252095,1,0.668585,0.296675,0.512771,0.106996,0.149398,-0.241492,0.475787,0.294992,0.519488,0.490768,0.587466,0.336288,0.496356,0.469947,0.235127,0.352536,0.576961,0.46559,0.432387,0.353145,0.340901,0.301106,0.514377,0.670416,0.425585,0.114069,0.0868421,0.487291,0.534355,0.493074,0.324423,0.205548,0.439436,-0.184425,0.53794,0.539498,0.474499,-0.00135036,0.508783,0.344205,0.135766,0.56107,0.586644,0.23419,0.448988,-0.0592876,-0.255569,0.0215343,0.525434,0.489769,0.229352,0.00298576,0.306994,0.547785,0.566816,0.423537,0.315757,0.549836,0.120548,0.272896,0.478948,0.211118,0.479202,0.564253,0.382294,0.516974,0.601624,0.431227,0.105345,0.190768,0.501126,0.662003,0.667996,0.39907,0.377649
0.606183,0.102324,0.783871,0.747507,0.530661,0.541884,0.291868,0.528132,0.50292,0.668585,1,0.292035,0.609692,0.0346034,0.170377,-0.366095,0.651209,0.485699,0.658057,0.556241,0.660368,0.552183,0.615631,0.674401,0.346778,0.540204,0.71491,0.490325,0.54501,0.429866,0.447604,0.325592,0.643377,0.770881,0.52511,0.295991,0.248202,0.494344,0.661827,0.49496,0.386976,0.446158,0.543283,-0.212239,0.618637,0.669212,0.53516,0.263352,0.370206,0.490437,0.428175,0.576232,0.549959,0.317804,0.593682,-0.216223,-0.0158598,-0.0655304,0.662191,0.525142,0.488194,0.329834,0.614239,0.697496,0.698436,0.555292,0.596924,0.759314,0.241912,0.251973,0.643856,0.416496,0.566537,0.510772,0.530414,0.619195,0.712073,0.450869,0.181349,0.0965732,0.568337,0.6898,0.64234,0.430662,0.502276
0.658121,0.612167,0.516333,0.402127,0.604811,0.597673,0.272564,0.545006,0.433045,0.296675,0.292035,1,0.840719,0.232463,0.431649,0.126166,0.506912,0.460202,0.397708,0.73646,0.658636,0.525349,0.516345,0.440484,0.23655,0.44266,0.534938,0.369277,0.227526,0.535418,-0.0873988,0.37809,0.220678,0.305806,0.218782,0.450426,0.403138,0.163983,0.31821,0.291986,0.138223,0.294975,0.770045,0.173906,0.556781,0.575836,0.572332,0.514102,0.192476,0.636376,0.511431,0.355172,0.458609,0.758386,0.784315,-0.106323,0.44143,0.413567,0.614707,0.431182,0.386647,0.496277,0.487156,0.534455,0.56378,0.354077,0.538014,0.567811,0.441438,0.39316,0.553907,0.394653,0.177391,0.356773,0.206618,0.172101,0.34383,0.344752,0.170836,0.142594,0.121597,0.33247,0.355958,0.343148,0.316567
0.715982,0.497396,0.695574,0.571285,0.686234,0.672194,0.312474,0.630623,0.479892,0.512771,0.609692,0.840719,1,0.20674,0.444725,-0.0417911,0.671244,0.634927,0.551679,0.811719,0.773439,0.665411,0.667328,0.629464,0.360363,0.617244,0.700147,0.406086,0.426796,0.481615,0.139602,0.401497,0.417097,0.6111,0.407835,0.415,0.30451,0.323434,0.558494,0.451276,0.2602,0.364631,0.763304,0.0790917,0.600189,0.652044,0.60905,0.455435,0.342176,0.73595,0.562775,0.410647,0.52842,0.731755,0.842305,-0.113114,0.329798,0.288498,0.775193,0.630695,0.429304,0.481051,0.684372,0.709467,0.740283,0.530925,0.614041,0.751669,0.391381,0.464786,0.707008,0.329845,0.347748,0.530205,0.457153,0.384357,0.600506,0.56155,0.271504,0.109914,0.334357,0.500802,0.486926,0.413656,0.457906
0.237768,0.752416,0.0569087,0.0510029,0.173587,0.288041,0.370229,0.34343,0.174126,0.106996,0.0346034,0.232463,0.20674,1,0.256842,0.562109,0.261509,0.0667022,-0.0525004,0.09411,0.103815,0.212188,0.37352,0.159411,-0.168247,-0.0799927,0.207126,0.090731,0.0178352,0.013751,-0.177821,0.1667,0.0569182,-0.0162846,0.0900501,-0.0181957,-0.00943747,0.109392,-0.0544838,0.330302,0.106575,0.109538,0.389896,0.75033,0.202623,0.114774,0.0805848,0.274799,0.258145,0.178932,0.243131,0.352245,0.249133,0.235488,0.39336,0.813442,0.392044,0.688728,0.346777,0.322389,0.00286543,0.256226,0.0428235,0.0581268,0.0613648,-0.0282387,0.0551335,0.145056,0.0827817,-0.00650897,0.254518,-0.0652374,-0.0203582,0.0357299,0.0867482,0.0755682,0.212616,0.0143146,-0.154056,0.110177,0.214005,0.36357,0.26731,-0.106559,-0.0183713
0.43143,0.42793,0.372803,0.361598,0.266088,0.37264,0.328061,0.345347,0.624596,0.149398,0.170377,0.431649,0.444725,0.256842,1,0.0116104,0.472519,0.497038,0.289725,0.525333,0.394344,0.382752,0.550314,0.53216,0.419124,0.472325,0.396855,0.25762,0.10084,0.183354,-0.22694,-0.0248407,0.240516,0.262726,0.237418,0.202637,0.22766,0.149111,0.205775,0.216627,0.311105,0.343782,0.438564,0.0721911,0.43705,0.260598,0.325967,0.56669,0.367018,0.563523,0.604597,0.242719,0.347839,0.391126,0.314569,0.0258025,0.371611,0.145188,0.336304,0.248814,0.320003,0.572508,0.44805,0.483219,0.508908,0.514994,0.630379,0.477311,0.359363,0.454415,0.491399,0.19694,-0.0510285,0.355677,0.437159,0.368308,0.426517,0.383362,0.0972945,-0.154061,0.218598,0.373089,0.338344,0.256578,0.242245
-0.161586,0.608006,-0.374449,-0.39416,-0.265101,-0.0897385,0.0517044,-0.0444186,-0.20291,-0.241492,-0.366095,0.126166,-0.0417911,0.562109,0.0116104,1,0.140166,-0.17053,-0.44227,-0.197461,-0.255127,-0.232077,-0.198613,-0.429029,-0.20582,-0.464285,-0.425599,-0.325005,-0.493054,-0.105245,-0.446903,-0.119933,-0.420155,-0.519479,-0.424915,-0.0332219,-0.262704,-0.268361,-0.468034,-0.104071,-0.314235,-0.365543,-0.0145731,0.846421,-0.166876,-0.113076,-0.144838,-0.0676073,-0.12435,-0.215498,-0.00830816,-0.145578,-0.161627,0.412357,0.250559,0.700442,0.511011,0.890766,0.126685,-0.183928,-0.200928,0.0300633,-0.363033,-0.331381,-0.367836,-0.383253,-0.291337,-0.390617,0.00306279,-0.264843,-0.310075,-0.365631,-0.489804,-0.2823,-0.295223,-0.510871,-0.479769,-0.237389,-0.269126,0.108479,-0.28937,-0.333284,-0.159975,-0.559226,-0.456657
0.568733,0.460584,0.692367,0.637363,0.426414,0.670728,0.304079,0.503044,0.588786,0.475787,0.651209,0.506912,0.671244,0.261509,0.472519,0.140166,1,0.639179,0.423384,0.625992,0.601611,0.385972,0.659517,0.572867,0.47463,0.450772,0.590193,0.445744,0.173972,0.470678,0.0633925,0.306726,0.420334,0.469229,0.303272,0.316233,0.158309,0.275761,0.437856,0.382027,0.244958,0.286217,0.647085,0.11409,0.625129,0.676047,0.539652,0.452291,0.444517,0.51533,0.651383,0.52967,0.561044,0.660195,0.724948,-0.00745652,0.408834,0.347127,0.658238,0.379431,0.540257,0.566122,0.48783,0.616095,0.662645,0.440622,0.64488,0.645898,0.543465,0.306363,0.677723,0.340466,0.227794,0.21445,0.445762,0.424048,0.519084,0.481763,0.180858,0.137128,0.378456,0.529477,0.520342,0.313302,0.313863
0.523745,0.253913,0.617064,0.462536,0.439427,0.704495,0.382411,0.576126,0.741633,0.294992,0.485699,0.460202,0.634927,0.0667022,0.497038,-0.17053,0.639179,1,0.53819,0.696055,0.679402,0.435814,0.671925,0.757901,0.433286,0.688809,0.627432,0.459844,0.378634,0.0848909,0.315788,0.29051,0.564081,0.566806,0.421387,0.153143,0.222256,0.521515,0.514579,0.286528,0.259103,0.536851,0.601333,-0.124613,0.562395,0.595722,0.57689,0.596318,0.510119,0.678231,0.680459,0.362433,0.454728,0.571014,0.577309,-0.207986,0.292128,0.0498775,0.573552,0.446348,0.44624,0.708786,0.792695,0.709961,0.743961,0.500071,0.667412,0.787797,0.551004,0.535422,0.767944,0.446903,0.376719,0.466093,0.64799,0.567706,0.637492,0.65319,0.379357,0.0189989,0.346816,0.504424,0.238099,0.445286,0.494636
0.604563,0.108973,0.710102,0.666597,0.589779,0.561629,0.291009,0.522165,0.621495,0.519488,0.658057,0.397708,0.551679,-0.0525004,0.289725,-0.44227,0.423384,0.53819,1,0.689975,0.793403,0.605876,0.628864,0.764098,0.306103,0.654734,0.631397,0.594055,0.601473,0.255744,0.312756,0.398851,0.660169,0.693865,0.526931,0.279879,0.306222,0.610938,0.647582,0.498608,0.268726,0.452455,0.635887,-0.288929,0.587613,0.625645,0.500722,0.377301,0.340632,0.499271,0.470598,0.539025,0.553246,0.28945,0.476946,-0.254744,0.010732,-0.161869,0.532401,0.480729,0.530117,0.43372,0.668358,0.747232,0.745199,0.563725,0.637305,0.778523,0.260405,0.629343,0.621943,0.494781,0.547447,0.598979,0.599396,0.708375,0.666423,0.48032,0.412705,-0.0478545,0.425909,0.694631,0.612629,0.382214,0.540148
0.661132,0.330981,0.704849,0.614201,0.566353,0.643732,0.295154,0.56565,0.700437,0.490768,0.556241,0.73646,0.811719,0.09411,0.525333,-0.197461,0.625992,0.696055,0.689975,1,0.876823,0.665196,0.781367,0.74924,0.413148,0.619791,0.704725,0.484674,0.437538,0.420004,0.0577959,0.359466,0.530832,0.638152,0.383328,0.43209,0.325969,0.495705,0.609591,0.546585,0.148442,0.482606,0.733911,-0.163679,0.647733,0.657391,0.634031,0.552545,0.52525,0.69223,0.686923,0.445804,0.547593,0.617561,0.691863,-0.225997,0.269139,0.10177,0.592284,0.496467,0.555625,0.646193,0.749072,0.822639,0.850453,0.623233,0.768771,0.818258,0.422401,0.574595,0.758614,0.504638,0.45402,0.501166,0.505488,0.483446,0.63278,0.51543,0.370299,-0.00474776,0.422358,0.652508,0.554521,0.474729,0.379494
0.706695,0.265995,0.774082,0.65006,0.643967,0.73056,0.439769,0.67228,0.62754,0.587466,0.660368,0.658636,0.773439,0.103815,0.394344,-0.255127,0.601611,0.679402,0.793403,0.876823,1,0.644127,0.759239,0.826722,0.327207,0.723614,0.735391,0.593149,0.517412,0.348412,0.25749,0.419379,0.598791,0.768618,0.527785,0.282853,0.35646,0.543156,0.706832,0.525827,0.182953,0.519027,0.733449,-0.207776,0.688604,0.734762,0.705342,0.469631,0.543813,0.577918,0.615326,0.525434,0.575577,0.580661,0.716667,-0.240146,0.165218,0.0914331,0.698216,0.605105,0.528312,0.571915,0.750089,0.863029,0.861987,0.606933,0.673616,0.880452,0.430573,0.648629,0.781492,0.576822,0.581073,0.585459,0.620711,0.641494,0.674732,0.643135,0.431214,0.00412685,0.566905,0.688152,0.536789,0.522354,0.534725
0.487804,0.281735,0.530594,0.482003,0.566776,0.531208,0.260783,0.430376,0.46556,0.336288,0.552183,0.525349,0.665411,0.212188,0.382752,-0.232077,0.385972,0.435814,0.605876,0.665196,0.644127,1,0.54523,0.63358,0.232771,0.504914,0.580831,0.37259,0.560222,0.416838,0.18268,0.142164,0.470094,0.557946,0.417048,0.278678,0.11979,0.352608,0.619153,0.579724,0.227583,0.467955,0.489305,-0.032355,0.396193,0.397239,0.348937,0.462702,0.365873,0.623021,0.404272,0.341335,0.297999,0.41114,0.548793,-0.0039557,0.178272,0.0431528,0.504671,0.471856,0.356248,0.38581,0.60002,0.577224,0.572488,0.543131,0.567191,0.669354,0.242898,0.340379,0.565107,0.295825,0.377222,0.429758,0.28912,0.395179,0.557181,0.268522,0.0783433,-0.149522,0.344422,0.583849,0.517167,0.314672,0.330333
0.640061,0.414093,0.731475,0.64643,0.55883,0.748944,0.481441,0.765219,0.713498,0.496356,0.615631,0.516345,0.667328,0.37352,0.550314,-0.198613,0.659517,0.671925,0.628864,0.781367,0.759239,0.54523,1,0.856199,0.429099,0.648411,0.826729,0.611724,0.392673,0.234586,0.159304,0.279161,0.552328,0.640152,0.520267,0.256139,0.362304,0.569225,0.564105,0.550758,0.340632,0.44769,0.74694,-0.0458609,0.688739,0.622438,0.586986,0.647087,0.546376,0.705563,0.753867,0.640529,0.650621,0.412686,0.609472,-0.0504014,0.30805,0.110246,0.534642,0.644672,0.514408,0.647426,0.738085,0.780419,0.832683,0.616528,0.780323,0.852794,0.476588,0.465949,0.861118,0.514897,0.425429,0.428075,0.697464,0.650667,0.78826,0.530213,0.334875,0.142559,0.634098,0.798585,0.566449,0.561327,0.47682
0.646854,0.223356,0.787572,0.752668,0.65521,0.763323,0.515238,0.690168,0.765572,0.469947,0.674401,0.440484,0.629464,0.159411,0.53216,-0.429029,0.572867,0.757901,0.764098,0.74924,0.826722,0.63358,0.856199,1,0.399277,0.796992,0.829362,0.703682,0.635761,0.211725,0.37528,0.332945,0.713812,0.764754,0.645196,0.196566,0.471635,0.59493,0.70056,0.522354,0.42669,0.688457,0.704348,-0.227109,0.70688,0.690971,0.632752,0.633155,0.573281,0.692507,0.688921,0.60553,0.650244,0.365052,0.529106,-0.206858,0.119204,-0.104258,0.571614,0.668453,0.619771,0.633875,0.859648,0.797111,0.880167,0.617418,0.778371,0.932651,0.506113,0.646462,0.88617,0.65161,0.560617,0.481658,0.744941,0.816073,0.857194,0.672283,0.397099,0.0282918,0.54732,0.821891,0.465986,0.649263,0.636888
0.294107,0.02627,0.491796,0.448934,0.319145,0.318549,0.0106894,0.200561,0.381653,0.235127,0.346778,0.23655,0.360363,-0.168247,0.419124,-0.20582,0.47463,0.433286,0.306103,0.413148,0.327207,0.232771,0.429099,0.399277,1,0.486226,0.406637,0.440369,0.0278415,0.172367,0.0722781,-0.0866182,0.241522,0.359476,-0.00340288,0.386087,0.296644,0.377084,0.346637,0.020281,0.508947,0.309278,0.331704,-0.267132,0.473498,0.388176,0.484919,0.459372,0.173632,0.432101,0.306708,0.2372,0.313579,0.257658,0.269209,-0.33447,0.217155,-0.0962814,0.257233,0.170537,0.437704,0.37558,0.380667,0.302928,0.396908,0.338583,0.550361,0.451932,0.491562,0.253648,0.417992,0.404431,-0.00536097,0.167026,0.307791,0.168429,0.386685,0.248945,0.351618,0.228115,0.3735,0.265441,0.136094,0.392076,0.474295
0.724498,0.147364,0.773285,0.641744,0.528183,0.563282,0.316462,0.491687,0.51629,0.352536,0.540204,0.44266,0.617244,-0.0799927,0.472325,-0.464285,0.450772,0.688809,0.654734,0.619791,0.723614,0.504914,0.648411,0.796992,0.486226,1,0.685313,0.590711,0.478064,0.23883,0.387862,0.44251,0.64607,0.702951,0.634052,0.116373,0.430759,0.468205,0.685267,0.269072,0.343382,0.586272,0.601887,-0.326802,0.691858,0.67675,0.648804,0.541762,0.476845,0.551508,0.535303,0.555795,0.560309,0.382051,0.450584,-0.423755,0.0565496,-0.15076,0.55217,0.588321,0.45296,0.539314,0.777025,0.73349,0.770362,0.608365,0.69966,0.807904,0.359528,0.532427,0.710907,0.573093,0.569691,0.539436,0.663044,0.654508,0.703042,0.668046,0.435746,0.0552504,0.510047,0.560139,0.301075,0.675887,0.657676
0.713853,0.248948,0.822515,0.748451,0.690011,0.762477,0.407363,0.677586,0.622034,0.576961,0.71491,0.534938,0.700147,0.207126,0.396855,-0.425599,0.590193,0.627432,0.631397,0.704725,0.735391,0.580831,0.826729,0.829362,0.406637,0.685313,1,0.722769,0.524437,0.356336,0.268749,0.424138,0.627801,0.732316,0.559387,0.299636,0.441476,0.470714,0.617487,0.483532,0.559351,0.567087,0.758774,-0.227483,0.727285,0.65465,0.607188,0.522626,0.418523,0.785312,0.53853,0.642135,0.721169,0.321492,0.591478,-0.237795,0.115888,-0.0923601,0.568996,0.649716,0.393759,0.498026,0.715788,0.71188,0.803178,0.558082,0.677976,0.876643,0.465806,0.489948,0.87891,0.562574,0.513764,0.459472,0.574225,0.718555,0.874184,0.578747,0.369739,0.103088,0.556554,0.779246,0.541631,0.665268,0.675316
0.562203,0.188777,0.689143,0.682662,0.553912,0.679889,0.352007,0.539384,0.492425,0.46559,0.490325,0.369277,0.406086,0.090731,0.25762,-0.325005,0.445744,0.459844,0.594055,0.484674,0.593149,0.37259,0.611724,0.703682,0.440369,0.590711,0.722769,1,0.348176,0.260937,0.273885,0.345348,0.561421,0.57805,0.403865,0.186491,0.501867,0.405745,0.373377,0.152029,0.546354,0.647566,0.632107,-0.238217,0.740435,0.697199,0.712947,0.453879,0.346424,0.4873,0.417677,0.649473,0.768541,0.320441,0.445025,-0.279134,0.10151,-0.0657321,0.45697,0.512472,0.385451,0.403636,0.525541,0.465772,0.577884,0.300986,0.573372,0.724052,0.534151,0.506367,0.65026,0.655765,0.351156,0.347232,0.365335,0.601338,0.621923,0.356912,0.391593,0.249306,0.397324,0.637392,0.299119,0.542472,0.72166
0.363654,-0.0362797,0.417668,0.491182,0.388288,0.345166,0.37863,0.306376,0.429597,0.432387,0.54501,0.227526,0.426796,0.0178352,0.10084,-0.493054,0.173972,0.378634,0.601473,0.437538,0.517412,0.560222,0.392673,0.635761,0.0278415,0.478064,0.524437,0.348176,1,0.199822,0.507761,0.315459,0.593468,0.580023,0.626203,-0.00679188,0.247778,0.329068,0.59043,0.497705,0.255132,0.412159,0.388304,-0.222704,0.2766,0.348844,0.19269,0.190914,0.382219,0.397705,0.22873,0.329032,0.38013,0.0548502,0.282763,-0.112973,-0.249961,-0.243318,0.408471,0.480556,0.366951,0.150444,0.57506,0.520816,0.572517,0.33744,0.348971,0.587998,0.159169,0.450304,0.500184,0.29435,0.662975,0.430777,0.483071,0.628039,0.688966,0.582998,0.116676,-0.17542,0.308922,0.615723,0.367556,0.427153,0.462834
0.454371,0.205894,0.474449,0.558229,0.426925,0.267688,-0.159449,0.133642,0.133999,0.353145,0.429866,0.535418,0.481615,0.013751,0.183354,-0.105245,0.470678,0.0848909,0.255744,0.420004,0.348412,0.416838,0.234586,0.211725,0.172367,0.23883,0.356336,0.260937,0.199822,1,-0.064826,0.318583,0.228248,0.296738,0.26662,0.392064,0.161958,-0.0219519,0.278609,0.192074,0.131112,0.23032,0.429178,-0.119482,0.412243,0.468877,0.393703,0.190313,0.176389,0.316234,0.2243,0.398668,0.304026,0.328214,0.402868,-0.254641,0.118117,0.0550084,0.379757,0.135127,0.346161,0.204903,0.116724,0.351379,0.341305,0.337809,0.418635,0.33056,0.197827,0.0891966,0.297189,0.277369,0.276148,0.125469,-0.0679149,0.134839,0.267167,-0.0221796,0.0910584,0.11589,0.140634,0.276831,0.434096,0.326202,0.157238
0.120851,-0.299611,0.279995,0.298986,0.237188,0.171321,0.207469,0.161764,0.108427,0.340901,0.447604,-0.0873988,0.139602,-0.177821,-0.22694,-0.446903,0.0633925,0.315788,0.312756,0.0577959,0.25749,0.18268,0.159304,0.37528,0.0722781,0.387862,0.268749,0.273885,0.507761,-0.064826,1,0.210307,0.485912,0.397376,0.468099,-0.0695848,0.186491,0.407632,0.459235,0.239461,0.179246,0.350738,0.0705682,-0.285701,0.109987,0.286424,0.238421,0.125985,0.211346,0.0894321,0.0337597,0.289388,0.146225,-0.0156972,0.132067,-0.228025,-0.346562,-0.256165,0.15892,0.372955,0.332652,0.0372571,0.350818,0.226183,0.271789,0.00651018,0.142293,0.372547,0.206188,0.080691,0.257878,0.324524,0.559711,0.253736,0.294935,0.309681,0.327791,0.304408,0.0622762,0.24657,0.253713,0.35929,0.0268762,0.372168,0.355219
0.61031,0.273592,0.489446,0.437608,0.367746,0.362771,0.129539,0.160291,0.237414,0.301106,0.325592,0.37809,0.401497,0.1667,-0.0248407,-0.119933,0.306726,0.29051,0.398851,0.359466,0.419379,0.142164,0.279161,0.332945,-0.0866182,0.44251,0.424138,0.345348,0.315459,0.318583,0.210307,1,0.520472,0.325893,0.390865,0.0727066,0.324266,0.149449,0.397389,0.313321,-0.00462295,0.310627,0.544921,0.0181338,0.478972,0.5597,0.411126,0.110742,0.263554,0.176822,0.244957,0.577724,0.552201,0.248453,0.43918,-0.0545107,-0.0829731,0.114482,0.486457,0.461064,0.305598,0.188996,0.354802,0.4543,0.419525,0.144253,0.249446,0.416443,-0.00302634,0.220943,0.434082,0.250381,0.577277,0.278939,0.194151,0.370539,0.364212,0.366306,0.193123,0.165277,0.186144,0.466876,0.435379,0.335682,0.38246
0.66399,0.0491671,0.720029,0.673296,0.369753,0.513548,0.193984,0.334424,0.508334,0.514377,0.643377,0.220678,0.417097,0.0569182,0.240516,-0.420155,0.420334,0.564081,0.660169,0.530832,0.598791,0.470094,0.552328,0.713812,0.241522,0.64607,0.627801,0.561421,0.593468,0.228248,0.485912,0.520472,1,0.708308,0.6272,-0.0513752,0.211186,0.580022,0.634279,0.397788,0.248322,0.533555,0.567849,-0.237475,0.6296,0.6969,0.534177,0.281496,0.555925,0.401878,0.322276,0.649789,0.611839,0.235714,0.398863,-0.162523,-0.178641,-0.138031,0.512644,0.517896,0.466892,0.369215,0.686711,0.605465,0.633217,0.326784,0.522646,0.750043,0.286533,0.29677,0.656911,0.563972,0.74905,0.454077,0.508882,0.653382,0.716214,0.491752,0.228884,0.190119,0.359542,0.752056,0.486326,0.537684,0.535245
0.649841,-0.00418412,0.8068,0.732279,0.560381,0.543195,0.256279,0.525572,0.468584,0.670416,0.770881,0.305806,0.6111,-0.0162846,0.262726,-0.519479,0.469229,0.566806,0.693865,0.638152,0.768618,0.557946,0.640152,0.764754,0.359476,0.702951,0.732316,0.57805,0.580023,0.296738,0.397376,0.325893,0.708308,1,0.55151,0.0803904,0.283554,0.585731,0.687434,0.387827,0.414356,0.592823,0.541608,-0.368736,0.674824,0.672415,0.656641,0.279325,0.554411,0.435205,0.364522,0.479731,0.555274,0.277188,0.45445,-0.330477,-0.128514,-0.206585,0.60463,0.604432,0.381211,0.356818,0.712325,0.684214,0.71415,0.583742,0.53188,0.82496,0.22112,0.451015,0.712965,0.516549,0.592946,0.610848,0.569154,0.675096,0.759804,0.553583,0.366599,0.116805,0.610535,0.689748,0.507975,0.559487,0.581415
0.565784,0.0639641,0.555799,0.531973,0.422358,0.507053,0.318683,0.375025,0.313157,0.425585,0.52511,0.218782,0.407835,0.0900501,0.237418,-0.424915,0.303272,0.421387,0.526931,0.383328,0.527785,0.417048,0.520267,0.645196,-0.00340288,0.634052,0.559387,0.403865,0.626203,0.26662,0.468099,0.390865,0.6272,0.55151,1,-0.115444,0.208099,0.250452,0.47367,0.442933,0.107207,0.30565,0.488707,-0.219952,0.392559,0.444282,0.295539,0.179507,0.299073,0.399861,0.455461,0.564595,0.522018,0.103,0.284951,-0.173318,-0.0612913,-0.173815,0.385167,0.459485,0.305346,0.278686,0.525317,0.653324,0.583833,0.395258,0.452973,0.616167,0.139962,0.329036,0.52265,0.323223,0.749693,0.325833,0.576278,0.677457,0.606865,0.52577,0.233064,-0.108667,0.265238,0.577912,0.37226,0.504156,0.376108
0.224225,0.230958,0.259054,0.335179,0.496151,0.170945,0.0248079,0.224544,0.321649,0.114069,0.295991,0.450426,0.415,-0.0181957,0.202637,-0.0332219,0.316233,0.153143,0.279879,0.43209,0.282853,0.278678,0.256139,0.196566,0.386087,0.116373,0.299636,0.186491,-0.00679188,0.392064,-0.0695848,0.0727066,-0.0513752,0.0803904,-0.115444,1,0.401922,0.0891774,0.0764948,0.0777829,0.210352,0.230322,0.328237,-0.0414574,0.27857,0.263016,0.309801,0.326418,-0.154679,0.389647,0.310421,0.214598,0.2399,0.309728,0.371903,-0.192224,0.336246,0.0908924,0.190009,0.00641943,0.40578,0.304661,0.168844,0.26495,0.351186,0.367994,0.517418,0.287588,0.299172,0.223401,0.230007,0.239536,-0.0188762,0.110472,0.061355,0.0285966,0.123975,-0.00775823,0.226419,0.183111,0.0368807,0.202332,0.182813,0.110242,0.105993
0.505537,0.218331,0.4611,0.48259,0.639048,0.39418,0.152129,0.337953,0.417222,0.0868421,0.248202,0.403138,0.30451,-0.00943747,0.22766,-0.262704,0.158309,0.222256,0.306222,0.325969,0.35646,0.11979,0.362304,0.471635,0.296644,0.430759,0.441476,0.501867,0.247778,0.161958,0.186491,0.324266,0.211186,0.283554,0.208099,0.401922,1,0.185329,0.248238,0.133269,0.260726,0.517027,0.506564,-0.142198,0.52362,0.427457,0.491886,0.451922,-0.0816033,0.320161,0.309748,0.337958,0.39029,0.134894,0.227473,-0.324718,0.134894,-0.0518678,0.204239,0.353714,0.492471,0.36926,0.417883,0.311607,0.343194,0.210439,0.442527,0.4557,0.301399,0.305455,0.465014,0.675872,0.178337,0.097975,0.2551,0.251996,0.301556,0.262391,0.234508,0.232261,0.177317,0.341922,0.0953828,0.517579,0.504551
0.378865,0.0380327,0.587082,0.457865,0.346031,0.332725,0.0937226,0.456827,0.446637,0.487291,0.494344,0.163983,0.323434,0.109392,0.149111,-0.268361,0.275761,0.521515,0.610938,0.495705,0.543156,0.352608,0.569225,0.59493,0.377084,0.468205,0.470714,0.405745,0.329068,-0.0219519,0.407632,0.149449,0.580022,0.585731,0.250452,0.0891774,0.185329,1,0.596105,0.447442,0.329735,0.469737,0.462145,-0.150324,0.555778,0.535495,0.501226,0.489265,0.476582,0.379966,0.241796,0.46198,0.324222,0.168608,0.331797,-0.0316745,-0.0405122,-0.0321325,0.407542,0.514259,0.427873,0.39449,0.551899,0.457955,0.470888,0.326181,0.436686,0.594728,0.179464,0.276602,0.517142,0.490389,0.413015,0.508752,0.441643,0.403262,0.601953,0.232973,0.287639,0.238919,0.563557,0.603939,0.409756,0.350434,0.371425
0.515094,-0.0554121,0.711824,0.57304,0.471269,0.483612,0.152715,0.310699,0.436327,0.534355,0.661827,0.31821,0.558494,-0.0544838,0.205775,-0.468034,0.437856,0.514579,0.647582,0.609591,0.706832,0.619153,0.564105,0.70056,0.346637,0.685267,0.617487,0.373377,0.59043,0.278609,0.459235,0.397389,0.634279,0.687434,0.47367,0.0764948,0.248238,0.596105,1,0.664338,0.217744,0.412376,0.445753,-0.343956,0.473867,0.516858,0.369282,0.327049,0.522442,0.424619,0.239139,0.387458,0.309087,0.181191,0.414961,-0.219494,-0.223539,-0.183932,0.477828,0.581725,0.509363,0.236194,0.622344,0.675893,0.668771,0.476821,0.467702,0.683441,0.155821,0.398006,0.632067,0.47121,0.607638,0.472282,0.531403,0.550507,0.682141,0.569182,0.219569,-0.0365847,0.654233,0.657065,0.556652,0.649454,0.577321
0.331027,0.187797,0.422072,0.425829,0.390848,0.398953,0.249981,0.267727,0.397957,0.493074,0.49496,0.291986,0.451276,0.330302,0.216627,-0.104071,0.382027,0.286528,0.498608,0.546585,0.525827,0.579724,0.550758,0.522354,0.020281,0.269072,0.483532,0.152029,0.497705,0.192074,0.239461,0.313321,0.397788,0.387827,0.442933,0.0777829,0.133269,0.447442,0.664338,1,0.00407682,0.152342,0.439211,0.0817329,0.245845,0.296469,0.1056,0.28591,0.404548,0.4156,0.350566,0.338141,0.258401,0.157169,0.416635,0.257254,0.0444622,0.134519,0.356894,0.504822,0.414614,0.214351,0.399532,0.546843,0.47863,0.293363,0.344462,0.460533,-0.00560059,0.274361,0.471728,0.170977,0.409618,0.221698,0.34596,0.331448,0.486264,0.337589,0.0494036,-0.19682,0.417904,0.68805,0.676254,0.275353,0.130417
0.239782,0.0380424,0.426001,0.49669,0.373825,0.291188,0.259974,0.350689,0.317431,0.324423,0.386976,0.138223,0.2602,0.106575,0.311105,-0.314235,0.244958,0.259103,0.268726,0.148442,0.182953,0.227583,0.340632,0.42669,0.508947,0.343382,0.559351,0.546354,0.255132,0.131112,0.179246,-0.00462295,0.248322,0.414356,0.107207,0.210352,0.260726,0.329735,0.217744,0.00407682,1,0.502997,0.357949,-0.139648,0.505691,0.353815,0.389988,0.377014,0.148844,0.462445,0.112977,0.34955,0.492654,0.0484851,0.220512,-0.122107,-0.066838,-0.156026,0.332602,0.334969,0.158954,0.103794,0.228905,0.114184,0.316708,0.207272,0.294548,0.385222,0.306528,0.366469,0.376531,0.283274,0.0159654,0.347393,0.286314,0.432903,0.580697,0.247374,0.0974186,0.247822,0.334534,0.365234,0.170843,0.418946,0.561161
0.513271,0.186168,0.587837,0.614779,0.540188,0.44291,0.275601,0.438443,0.555384,0.205548,0.446158,0.294975,0.364631,0.109538,0.343782,-0.365543,0.286217,0.536851,0.452455,0.482606,0.519027,0.467955,0.44769,0.688457,0.309278,0.586272,0.567087,0.647566,0.412159,0.23032,0.350738,0.310627,0.533555,0.592823,0.30565,0.230322,0.517027,0.469737,0.412376,0.152342,0.502997,1,0.473875,-0.167348,0.652627,0.575214,0.689157,0.605813,0.448369,0.441036,0.415952,0.451032,0.45835,0.276735,0.328453,-0.202948,0.0302627,-0.113207,0.438457,0.467427,0.479633,0.570176,0.607072,0.400987,0.50047,0.368424,0.559508,0.660254,0.365753,0.44564,0.585833,0.633216,0.363902,0.386301,0.264222,0.473225,0.578515,0.268004,0.252213,0.135825,0.352773,0.540635,0.149599,0.450375,0.551137
0.861347,0.605971,0.793088,0.722859,0.700638,0.771149,0.326018,0.648883,0.63007,0.439436,0.543283,0.770045,0.763304,0.389896,0.438564,-0.0145731,0.647085,0.601333,0.635887,0.733911,0.733449,0.489305,0.74694,0.704348,0.331704,0.601887,0.758774,0.632107,0.388304,0.429178,0.0705682,0.544921,0.567849,0.541608,0.488707,0.328237,0.506564,0.462145,0.445753,0.439211,0.357949,0.473875,1,0.135423,0.821144,0.810173,0.671621,0.594637,0.323074,0.685338,0.620907,0.661704,0.74438,0.605259,0.781318,-0.0199881,0.409043,0.311648,0.745208,0.572625,0.511703,0.630536,0.643955,0.675465,0.687413,0.389272,0.677554,0.786576,0.468342,0.485835,0.777233,0.598102,0.414654,0.417346,0.50874,0.513637,0.657937,0.467573,0.33878,0.214184,0.320122,0.666411,0.520899,0.479378,0.553459
-0.0145888,0.775007,-0.263279,-0.262147,-0.0769324,0.0108769,0.256837,0.139378,-0.101183,-0.184425,-0.212239,0.173906,0.0790917,0.75033,0.0721911,0.846421,0.11409,-0.124613,-0.288929,-0.163679,-0.207776,-0.032355,-0.0458609,-0.227109,-0.267132,-0.326802,-0.227483,-0.238217,-0.222704,-0.119482,-0.285701,0.0181338,-0.237475,-0.368736,-0.219952,-0.0414574,-0.142198,-0.150324,-0.343956,0.0817329,-0.139648,-0.167348,0.135423,1,-0.0915507,-0.0605366,-0.0945969,0.0716577,-0.0324123,-0.0505187,0.0798015,-0.00216341,-0.0184488,0.324186,0.303645,0.843258,0.439555,0.832709,0.230873,0.116959,-0.0385187,0.0748807,-0.157569,-0.27703,-0.26415,-0.313522,-0.191281,-0.229181,-0.0195811,-0.232417,-0.147163,-0.319532,-0.357796,-0.186506,-0.215868,-0.350276,-0.242029,-0.159841,-0.301037,0.137152,-0.226221,-0.101731,-0.0345882,-0.467266,-0.319096
0.826177,0.399671,0.882272,0.786126,0.606733,0.612729,0.202037,0.587686,0.590456,0.53794,0.618637,0.556781,0.600189,0.202623,0.43705,-0.166876,0.625129,0.562395,0.587613,0.647733,0.688604,0.396193,0.688739,0.70688,0.473498,0.691858,0.727285,0.740435,0.2766,0.412243,0.109987,0.478972,0.6296,0.674824,0.392559,0.27857,0.52362,0.555778,0.473867,0.245845,0.505691,0.652627,0.821144,-0.0915507,1,0.889862,0.831939,0.556777,0.457514,0.551475,0.504932,0.769873,0.805956,0.529277,0.627828,-0.212064,0.195104,0.156137,0.722429,0.554695,0.451334,0.539481,0.596021,0.641449,0.67849,0.523911,0.68403,0.774296,0.401238,0.38258,0.733167,0.661164,0.403166,0.49604,0.499814,0.579029,0.689943,0.430022,0.240265,0.363003,0.457384,0.662067,0.493421,0.562625,0.584991
0.767742,0.334438,0.849871,0.804095,0.584664,0.64667,0.240056,0.551452,0.519692,0.539498,0.669212,0.575836,0.652044,0.114774,0.260598,-0.113076,0.676047,0.595722,0.625645,0.657391,0.734762,0.397239,0.622438,0.690971,0.388176,0.67675,0.65465,0.697199,0.348844,0.468877,0.286424,0.5597,0.6969,0.672415,0.444282,0.263016,0.427457,0.535495,0.516858,0.296469,0.353815,0.575214,0.810173,-0.0605366,0.889862,1,0.83855,0.47075,0.485144,0.487913,0.507822,0.726926,0.768485,0.653667,0.735006,-0.227127,0.175421,0.219954,0.768792,0.5671,0.579337,0.527567,0.643391,0.634594,0.711628,0.383699,0.638334,0.765079,0.455898,0.413496,0.699837,0.667844,0.52482,0.434527,0.464635,0.52698,0.607233,0.465516,0.352471,0.384765,0.350771,0.633522,0.443166,0.533376,0.512595
0.664991,0.32967,0.733565,0.659607,0.593963,0.576253,0.309604,0.635025,0.431451,0.474499,0.53516,0.572332,0.60905,0.0805848,0.325967,-0.144838,0.539652,0.57689,0.500722,0.634031,0.705342,0.348937,0.586986,0.632752,0.484919,0.648804,0.607188,0.712947,0.19269,0.393703,0.238421,0.411126,0.534177,0.656641,0.295539,0.309801,0.491886,0.501226,0.369282,0.1056,0.389988,0.689157,0.671621,-0.0945969,0.831939,0.83855,1,0.545102,0.459607,0.482535,0.530531,0.620399,0.674598,0.601988,0.616511,-0.311758,0.191711,0.156228,0.638645,0.577319,0.527129,0.558974,0.584132,0.552951,0.609079,0.415769,0.62791,0.731056,0.52334,0.38273,0.663095,0.64653,0.382225,0.437936,0.320432,0.407417,0.506498,0.336372,0.417753,0.440408,0.402128,0.498483,0.271831,0.478502,0.507278
0.43419,0.425848,0.483352,0.480237,0.468386,0.526703,0.335613,0.570846,0.66838,-0.00135036,0.263352,0.514102,0.455435,0.274799,0.56669,-0.0676073,0.452291,0.596318,0.377301,0.552545,0.469631,0.462702,0.647087,0.633155,0.459372,0.541762,0.522626,0.453879,0.190914,0.190313,0.125985,0.110742,0.281496,0.279325,0.179507,0.326418,0.451922,0.489265,0.327049,0.28591,0.377014,0.605813,0.594637,0.0716577,0.556777,0.47075,0.545102,1,0.325106,0.64213,0.639168,0.397391,0.313598,0.447422,0.465423,-0.0839753,0.538789,0.175051,0.378296,0.447419,0.542998,0.781168,0.574622,0.425088,0.489129,0.377379,0.697659,0.608586,0.585575,0.347734,0.645513,0.535682,0.103237,0.172412,0.336794,0.282788,0.493136,0.227745,0.244697,0.170822,0.320157,0.446993,0.163224,0.380961,0.316471
0.330304,0.166111,0.453442,0.397656,0.0714215,0.29334,0.360965,0.322468,0.426185,0.508783,0.370206,0.192476,0.342176,0.258145,0.367018,-0.12435,0.444517,0.510119,0.340632,0.52525,0.543813,0.365873,0.546376,0.573281,0.173632,0.476845,0.418523,0.346424,0.382219,0.176389,0.211346,0.263554,0.555925,0.554411,0.299073,-0.154679,-0.0816033,0.476582,0.522442,0.404548,0.148844,0.448369,0.323074,-0.0324123,0.457514,0.485144,0.459607,0.325106,1,0.254407,0.378141,0.392081,0.397587,0.295678,0.331006,0.08731,-0.117473,0.0804252,0.42796,0.494652,0.329578,0.345246,0.476251,0.500851,0.590371,0.420667,0.415236,0.529591,0.216376,0.364675,0.510473,0.266039,0.436769,0.411443,0.385641,0.450495,0.588959,0.464927,0.168847,0.00900369,0.572981,0.626835,0.367262,0.358052,0.269528
0.53349,0.360194,0.59742,0.539117,0.62803,0.670297,0.301583,0.627316,0.612261,0.344205,0.490437,0.636376,0.73595,0.178932,0.563523,-0.215498,0.51533,0.678231,0.499271,0.69223,0.577918,0.623021,0.705563,0.692507,0.432101,0.551508,0.785312,0.4873,0.397705,0.316234,0.0894321,0.176822,0.401878,0.435205,0.399861,0.389647,0.320161,0.379966,0.424619,0.4156,0.462445,0.441036,0.685338,-0.0505187,0.551475,0.487913,0.482535,0.64213,0.254407,1,0.574423,0.417725,0.495145,0.475409,0.569954,-0.152188,0.386125,0.0294253,0.497841,0.496316,0.32366,0.561197,0.647795,0.611806,0.664991,0.544191,0.692008,0.717538,0.500899,0.466872,0.734369,0.395707,0.222276,0.410464,0.479717,0.480469,0.698326,0.452298,0.299843,-0.00270745,0.24147,0.526342,0.355168,0.455865,0.46051
0.507857,0.496036,0.499484,0.500037,0.411081,0.644646,0.574748,0.651361,0.694705,0.135766,0.428175,0.511431,0.562775,0.243131,0.604597,-0.00830816,0.651383,0.680459,0.470598,0.686923,0.615326,0.404272,0.753867,0.688921,0.306708,0.535303,0.53853,0.417677,0.22873,0.2243,0.0337597,0.244957,0.322276,0.364522,0.455461,0.310421,0.309748,0.241796,0.239139,0.350566,0.112977,0.415952,0.620907,0.0798015,0.504932,0.507822,0.530531,0.639168,0.378141,0.574423,1,0.44236,0.536627,0.545249,0.568077,-0.0961383,0.541777,0.184489,0.460065,0.402461,0.56989,0.778538,0.64969,0.710379,0.704501,0.534627,0.808457,0.675213,0.503457,0.446229,0.65907,0.345007,0.249283,0.229502,0.539778,0.474425,0.456631,0.411583,0.316736,-0.0372404,0.286339,0.515872,0.344553,0.246933,0.22104
0.650906,0.364122,0.698282,0.683182,0.506609,0.491967,0.272393,0.495165,0.395921,0.56107,0.576232,0.355172,0.410647,0.352245,0.242719,-0.145578,0.52967,0.362433,0.539025,0.445804,0.525434,0.341335,0.640529,0.60553,0.2372,0.555795,0.642135,0.649473,0.329032,0.398668,0.289388,0.577724,0.649789,0.479731,0.564595,0.214598,0.337958,0.46198,0.387458,0.338141,0.34955,0.451032,0.661704,-0.00216341,0.769873,0.726926,0.620399,0.397391,0.392081,0.417725,0.44236,1,0.796779,0.312963,0.495467,-0.0088977,0.0517458,0.147358,0.515866,0.490578,0.427034,0.390453,0.418308,0.558647,0.598119,0.425819,0.587421,0.64303,0.332134,0.166246,0.63129,0.473812,0.593971,0.338193,0.419732,0.610992,0.618161,0.298643,0.132531,0.378455,0.405865,0.739152,0.568502,0.449146,0.364808
