1,0.792347,0.894349,0.827327,0.749745,0.830509,0.496432,0.227964,0.566348,0.699085,0.689613,0.7349,0.774673,0.769846,0.585553,0.526306,0.819971,0.712962,0.784853,0.765375,0.83291,0.245071,0.708385,0.753114,0.604415,0.71875,0.705424,0.651243,0.397357,0.508258,0.465436,0.355479,0.630095,0.624133,0.271656,0.340516,0.125244,0.462089,0.701096,0.691756,0.281779,0.707362,0.920023,0.710761,0.859668,0.74614,0.699411,0.697409,0.49716,0.192305,0.559541,0.71583,0.73167,0.737937,0.683251,0.799938,0.760913,0.679995,0.853203,0.389461,0.380396,0.674952,0.733396,0.748927,0.806775,0.698111,0.667208,0.746981,0.496178,0.648327,0.705543,0.664667,0.597588,0.4225,0.449573,0.626393,0.68433,0.297748,0.687296,0.474111,0.724882,0.70278,0.653971,0.0300435,0.702912
0.792347,1,0.690773,0.590743,0.561516,0.569813,0.480973,0.0995069,0.300893,0.46296,0.522621,0.668139,0.760031,0.872198,0.504186,0.704495,0.710567,0.548433,0.658432,0.606126,0.590623,0.0737991,0.503697,0.541553,0.570003,0.602616,0.544656,0.427256,0.0238347,0.224068,0.219405,0.285146,0.462516,0.293227,0.0393013,0.438276,0.0677266,0.376489,0.528915,0.552105,0.377361,0.364215,0.783398,0.907018,0.67902,0.603834,0.528832,0.726096,0.341525,-0.0246283,0.445171,0.632156,0.688811,0.665827,0.758164,0.845897,0.631872,0.830604,0.782657,0.343701,0.233135,0.618087,0.559401,0.5367,0.543067,0.586591,0.420094,0.540993,0.461169,0.261322,0.443326,0.387313,0.249582,0.251944,0.327353,0.388827,0.465816,0.300878,0.384528,0.391936,0.465864,0.511947,0.470972,-0.0311413,0.348638
0.894349,0.690773,1,0.900332,0.770611,0.802675,0.408231,0.110232,0.583708,0.665868,0.724694,0.801356,0.780586,0.699365,0.599691,0.496324,0.861953,0.778091,0.83297,0.828896,0.843466,0.124723,0.771156,0.785707,0.605112,0.661475,0.704683,0.607112,0.452672,0.483028,0.440366,0.301534,0.660876,0.565061,0.300498,0.391757,0.0701944,0.463052,0.69063,0.676529,0.308105,0.665409,0.87913,0.624076,0.950776,0.782332,0.676626,0.670437,0.540221,0.127535,0.584367,0.6809,0.702984,0.792441,0.750877,0.799132,0.757469,0.594023,0.885574,0.400062,0.332901,0.738246,0.815696,0.746688,0.825634,0.689987,0.714377,0.792952,0.438562,0.650533,0.733687,0.774566,0.467464,0.474286,0.391893,0.661764,0.686999,0.283522,0.554901,0.384471,0.702668,0.651029,0.689242,-0.107423,0.666077
0.827327,0.590743,0.900332,1,0.745434,0.796929,0.395175,0.147609,0.638737,0.643771,0.638452,0.640157,0.654304,0.70976,0.556128,0.421205,0.712502,0.711515,0.789556,0.731236,0.79079,0.14884,0.68942,0.736506,0.50865,0.595165,0.703518,0.605491,0.502895,0.563529,0.422013,0.268366,0.596224,0.586353,0.379311,0.236008,0.00403823,0.435114,0.719993,0.700593,0.327027,0.655073,0.82846,0.535216,0.901214,0.739804,0.620126,0.665321,0.508415,0.243954,0.488719,0.707171,0.676288,0.682131,0.606316,0.72511,0.725122,0.51481,0.749631,0.319391,0.274131,0.603294,0.649832,0.693489,0.768033,0.711325,0.616495,0.715412,0.322598,0.707526,0.706698,0.751776,0.470788,0.503528,0.458817,0.667063,0.711012,0.352223,0.581332,0.277856,0.706403,0.725838,0.737,-0.0403793,0.690957
0.749745,0.561516,0.770611,0.745434,1,0.778744,0.510559,0.322475,0.559695,0.505255,0.569466,0.640361,0.609476,0.6356,0.428729,0.262212,0.578281,0.717972,0.637014,0.788472,0.844398,0.381295,0.729555,0.785631,0.571127,0.630781,0.809744,0.775613,0.384352,0.566192,0.283427,0.309366,0.721587,0.561826,0.317613,0.465042,0.252214,0.539194,0.823782,0.760038,0.349501,0.681083,0.670783,0.457124,0.713989,0.751627,0.826816,0.674243,0.549178,0.40382,0.379679,0.618501,0.595016,0.487621,0.49929,0.593099,0.649479,0.415851,0.637125,0.382803,0.473429,0.62008,0.742083,0.770905,0.814816,0.618303,0.704119,0.746246,0.461692,0.725492,0.763315,0.739313,0.577725,0.31215,0.463159,0.733893,0.726007,0.311708,0.608961,0.477552,0.605454,0.761416,0.74465,-0.126785,0.725579
0.830509,0.569813,0.802675,0.796929,0.778744,1,0.523702,0.333862,0.677127,0.557792,0.529055,0.640896,0.602762,0.734869,0.535566,0.335539,0.641118,0.776167,0.644833,0.738744,0.831118,0.404932,0.644422,0.823518,0.576393,0.625929,0.692185,0.698766,0.467684,0.642448,0.469853,0.334034,0.629218,0.5994,0.300154,0.388809,0.0586316,0.484326,0.793644,0.710652,0.389888,0.794786,0.778945,0.47962,0.780414,0.717187,0.649091,0.707252,0.525356,0.373132,0.467757,0.589108,0.537323,0.509256,0.48507,0.685412,0.800949,0.43203,0.65211,0.388108,0.36872,0.643413,0.673925,0.760888,0.791094,0.694257,0.687519,0.801457,0.425267,0.750449,0.715981,0.788287,0.627014,0.389162,0.345135,0.636744,0.761822,0.28856,0.734885,0.493571,0.699565,0.800704,0.739611,-0.0972052,0.824668
0.496432,0.480973,0.408231,0.395175,0.510559,0.523702,1,0.32949,0.380782,0.37575,0.391851,0.274623,0.435964,0.538508,0.271071,0.240435,0.253757,0.389128,0.493856,0.458479,0.540831,0.0575206,0.461967,0.490748,0.343865,0.387761,0.545958,0.429537,0.305224,0.42788,0.0098494,0.462826,0.320445,0.472864,0.0558264,0.260866,0.274448,0.129785,0.512783,0.496771,0.287413,0.434932,0.402987,0.481327,0.391144,0.344438,0.422876,0.488461,0.388789,0.369265,0.391469,0.383266,0.297468,0.244527,0.179994,0.440466,0.471848,0.302203,0.293722,0.324127,0.235398,0.415751,0.439944,0.471991,0.484981,0.379861,0.421208,0.452031,0.446454,0.38331,0.543904,0.46455,0.564444,0.167707,0.130182,0.565682,0.510188,0.0780083,0.428936,0.202779,0.481126,0.723391,0.497059,0.0858512,0.448284
0.227964,0.0995069,0.110232,0.147609,0.322475,0.333862,0.32949,1,0.133352,0.130201,0.136134,0.234507,0.225552,0.202372,0.228061,-0.043942,0.135622,0.157251,0.115579,0.218417,0.178466,0.182217,0.0961584,0.289554,0.0888829,0.244008,0.193423,0.358019,0.141881,0.190347,0.22631,0.239004,0.478001,0.156498,-0.0997047,0.188623,0.139307,-0.0331886,0.380379,0.242394,0.113255,0.372464,0.0586736,0.073612,0.090335,0.245084,0.249577,0.169858,0.298797,0.496953,0.199997,0.105732,-0.0222076,0.119613,0.13585,0.0240194,0.108281,0.112548,0.0967472,0.0880159,0.416928,0.271554,0.151782,0.259159,0.170407,-0.0105147,0.288223,0.259518,0.173024,0.213679,0.219007,0.262071,0.427427,0.217623,0.317324,0.189371,0.340308,0.128686,0.350215,0.179427,0.147923,0.296461,0.283407,0.251475,0.310411
0.566348,0.300893,0.583708,0.638737,0.559695,0.677127,0.380782,0.133352,1,0.394517,0.485469,0.503692,0.49579,0.406682,0.563684,0.083294,0.494609,0.619678,0.5676,0.593465,0.682124,0.142515,0.565162,0.73782,0.378404,0.463422,0.520571,0.46959,0.527965,0.504435,0.311592,0.364488,0.438021,0.43323,0.406084,0.136806,0.158119,0.476561,0.671231,0.52215,0.193316,0.625004,0.487382,0.172518,0.528359,0.48857,0.427728,0.41444,0.483368,0.316978,0.27504,0.401288,0.315405,0.35878,0.307931,0.493042,0.686566,0.223061,0.495614,0.514701,-0.00862243,0.298444,0.573111,0.686591,0.65967,0.649079,0.550835,0.701329,0.347436,0.688669,0.715804,0.727648,0.430845,0.256353,0.523897,0.658252,0.538931,0.282102,0.656704,0.4081,0.453438,0.528714,0.484693,-0.00816231,0.537429
0.699085,0.46296,0.665868,0.643771,0.505255,0.557792,0.37575,0.130201,0.394517,1,0.794838,0.506093,0.575322,0.43781,0.403417,0.231575,0.530923,0.600574,0.669784,0.67251,0.730711,0.353659,0.73439,0.667581,0.544898,0.535653,0.714932,0.559266,0.520777,0.393935,0.234247,0.250852,0.328141,0.623099,0.258892,0.296748,-0.00458823,0.426115,0.491336,0.399606,0.0805169,0.600164,0.594978,0.507111,0.624914,0.478186,0.545311,0.618624,0.365906,0.305442,0.604779,0.58683,0.49921,0.546468,0.47293,0.533455,0.498375,0.325569,0.637647,0.319572,0.23063,0.522362,0.650568,0.66015,0.732473,0.642938,0.646634,0.70055,0.388658,0.600316,0.699575,0.566661,0.449447,0.586041,0.444679,0.62118,0.528373,0.3074,0.46305,0.110089,0.591943,0.508699,0.474859,0.155837,0.585675
0.689613,0.522621,0.724694,0.638452,0.569466,0.529055,0.391851,0.136134,0.485469,0.794838,1,0.577496,0.653014,0.450056,0.638153,0.209603,0.608192,0.678521,0.680999,0.717419,0.762227,0.260312,0.759462,0.678154,0.66989,0.645201,0.716221,0.579047,0.448222,0.271171,0.295409,0.289549,0.496091,0.581288,0.326591,0.436423,0.0947246,0.397117,0.527799,0.376482,0.215518,0.601571,0.583579,0.517129,0.697363,0.587821,0.54332,0.51279,0.480274,0.281713,0.466859,0.704388,0.672036,0.552347,0.57897,0.611663,0.603671,0.397808,0.71864,0.440536,0.387448,0.513085,0.705067,0.728968,0.800613,0.585516,0.656677,0.713841,0.415119,0.519662,0.771536,0.611484,0.478604,0.47681,0.537899,0.590896,0.470342,0.382964,0.445532,0.185211,0.44311,0.460482,0.381136,0.126361,0.512499
0.7349,0.668139,0.801356,0.640157,0.640361,0.640896,0.274623,0.234507,0.503692,0.506093,0.577496,1,0.908124,0.618647,0.635661,0.607745,0.854738,0.67334,0.741536,0.792173,0.697229,0.161763,0.561428,0.717682,0.57046,0.504581,0.51648,0.451348,0.160877,0.398772,0.253602,0.336878,0.620419,0.322173,0.0623066,0.472379,-0.00589487,0.403294,0.584435,0.513012,0.190923,0.41071,0.634413,0.590526,0.711896,0.566585,0.572555,0.634361,0.63452,0.138931,0.589168,0.483469,0.507088,0.82471,0.864911,0.630578,0.643012,0.681156,0.819782,0.370516,0.227286,0.779704,0.811257,0.676237,0.699418,0.541324,0.599366,0.732836,0.397972,0.460562,0.548091,0.64715,0.25866,0.496234,0.48399,0.543149,0.566001,0.182607,0.506492,0.454926,0.377714,0.42352,0.488221,-0.138485,0.510735
0.774673,0.760031,0.780586,0.654304,0.609476,0.602762,0.435964,0.225552,0.49579,0.575322,0.653014,0.908124,1,0.680179,0.647811,0.723512,0.892136,0.624932,0.765894,0.806567,0.69085,0.0866447,0.57274,0.680107,0.610075,0.486184,0.510916,0.4653,0.106667,0.390037,0.131543,0.398762,0.541105,0.361037,0.012205,0.40872,-0.0443894,0.31663,0.541144,0.434372,0.0946164,0.389136,0.648155,0.735416,0.715165,0.511225,0.568003,0.636525,0.648442,0.118434,0.575462,0.555015,0.505838,0.781559,0.842547,0.681674,0.621621,0.782396,0.827062,0.336866,0.196157,0.718907,0.794738,0.675651,0.6984,0.531866,0.543347,0.684496,0.394232,0.356968,0.559102,0.587232,0.292636,0.536111,0.469911,0.608224,0.536255,0.275901,0.520254,0.301888,0.384311,0.490867,0.515639,-0.159241,0.425408
0.769846,0.872198,0.699365,0.70976,0.6356,0.734869,0.538508,0.202372,0.406682,0.43781,0.450056,0.618647,0.680179,1,0.551319,0.618279,0.629476,0.613314,0.60914,0.613069,0.639524,0.194913,0.521338,0.59,0.603398,0.582631,0.628199,0.50734,0.125274,0.379699,0.229973,0.35432,0.518489,0.335026,0.139902,0.459546,-0.0220317,0.370121,0.667872,0.651118,0.447627,0.477349,0.787264,0.816477,0.706876,0.6797,0.546433,0.806433,0.401425,0.168793,0.42227,0.625387,0.613587,0.577921,0.662287,0.862641,0.705702,0.70153,0.683628,0.303224,0.310832,0.64493,0.523736,0.569188,0.596329,0.624789,0.477679,0.612407,0.386675,0.405012,0.525726,0.557382,0.340308,0.324455,0.338181,0.463338,0.556661,0.255058,0.489928,0.357867,0.551227,0.667232,0.574784,-0.0240242,0.520568
0.585553,0.504186,0.599691,0.556128,0.428729,0.535566,0.271071,0.228061,0.563684,0.403417,0.638153,0.635661,0.647811,0.551319,1,0.354375,0.601612,0.722302,0.598933,0.57746,0.546019,0.0813088,0.45714,0.547183,0.591823,0.535522,0.465025,0.341077,0.0766016,0.181867,0.359429,0.224958,0.593273,0.272126,0.238542,0.287163,-0.0453281,0.156971,0.507047,0.355874,0.163926,0.48889,0.577588,0.470382,0.551869,0.573867,0.340549,0.538787,0.376941,0.207756,0.382059,0.497941,0.47086,0.543863,0.640674,0.633368,0.615589,0.508465,0.572137,0.243866,0.241188,0.436113,0.518858,0.553562,0.604803,0.476015,0.395383,0.624067,0.252956,0.39818,0.549837,0.613311,0.262756,0.521077,0.474765,0.419343,0.442405,0.162459,0.423731,0.340387,0.333294,0.341609,0.315951,0.163133,0.418344
0.526306,0.704495,0.496324,0.421205,0.262212,0.335539,0.240435,-0.043942,0.083294,0.231575,0.209603,0.607745,0.723512,0.618279,0.354375,1,0.683758,0.292041,0.482349,0.465313,0.304791,-0.15886,0.169894,0.187982,0.325415,0.116205,0.093761,0.112263,-0.273534,0.236171,-0.0543734,0.172865,0.234604,0.0757744,-0.133984,0.208104,-0.28257,-0.0412486,0.217179,0.320851,-0.00512439,-0.0147345,0.549065,0.756733,0.47777,0.262669,0.2917,0.50276,0.336679,-0.159464,0.335573,0.378258,0.353438,0.562458,0.637286,0.556961,0.324785,0.871481,0.564208,-0.0527507,0.0697085,0.417423,0.366168,0.216263,0.262556,0.271313,0.0738216,0.172391,0.0391898,-0.0388778,0.0571442,0.146459,-0.0200661,0.331439,0.124949,0.231529,0.250432,-0.00710205,0.230904,0.179637,0.21006,0.326439,0.424811,-0.326246,0.112586
0.819971,0.710567,0.861953,0.712502,0.578281,0.641118,0.253757,0.135622,0.494609,0.530923,0.608192,0.854738,0.892136,0.629476,0.601612,0.683758,1,0.596092,0.709183,0.786183,0.648643,0.0485519,0.54348,0.631489,0.497464,0.472853,0.438134,0.523881,0.192833,0.367279,0.310761,0.311113,0.553559,0.365684,0.102448,0.382633,-0.0241518,0.342096,0.480962,0.438746,0.0919059,0.471015,0.735164,0.642435,0.798571,0.57579,0.572639,0.503111,0.561542,0.0312418,0.503259,0.556841,0.574219,0.801157,0.817776,0.719264,0.596815,0.706866,0.881258,0.299562,0.275058,0.659876,0.737983,0.651914,0.668626,0.482051,0.538069,0.64339,0.348902,0.385164,0.514725,0.568858,0.294877,0.466182,0.383283,0.499797,0.484169,0.272807,0.503929,0.384722,0.469855,0.422911,0.530394,-0.153731,0.465214
0.712962,0.548433,0.778091,0.711515,0.717972,0.776167,0.389128,0.157251,0.619678,0.600574,0.678521,0.67334,0.624932,0.613314,0.722302,0.292041,0.596092,1,0.673498,0.731152,0.808647,0.285742,0.672864,0.785959,0.625785,0.601785,0.729962,0.600689,0.404065,0.459992,0.439824,0.22448,0.609208,0.464545,0.327818,0.411839,-0.059002,0.493612,0.723476,0.582531,0.410564,0.704489,0.732959,0.49182,0.7521,0.722289,0.548702,0.740932,0.47635,0.211364,0.404612,0.598558,0.588076,0.532666,0.577221,0.696057,0.729195,0.437994,0.675599,0.284484,0.231756,0.639157,0.73332,0.766311,0.814996,0.754024,0.611113,0.791106,0.465221,0.675783,0.744475,0.78811,0.495728,0.545534,0.397676,0.615172,0.622214,0.220434,0.481668,0.412709,0.590515,0.630074,0.606942,0.000641577,0.679613
0.784853,0.658432,0.83297,0.789556,0.637014,0.644833,0.493856,0.115579,0.5676,0.669784,0.680999,0.741536,0.765894,0.60914,0.598933,0.482349,0.709183,0.673498,1,0.707964,0.779116,0.0679033,0.669247,0.695067,0.539229,0.627317,0.609878,0.454072,0.362984,0.421058,0.234593,0.301849,0.575601,0.639321,0.30804,0.315529,0.1082,0.418656,0.654301,0.577789,0.154162,0.500653,0.758952,0.583953,0.832894,0.61724,0.502541,0.598797,0.537911,0.196202,0.723306,0.61777,0.590499,0.761447,0.715905,0.698288,0.646068,0.616626,0.784644,0.396139,0.129298,0.559039,0.766259,0.65353,0.756694,0.680866,0.640473,0.720987,0.43113,0.608876,0.671892,0.632507,0.42703,0.541638,0.390003,0.710762,0.67194,0.325988,0.51565,0.262672,0.603947,0.6077,0.581314,0.00201375,0.522151
0.765375,0.606126,0.828896,0.731236,0.788472,0.738744,0.458479,0.218417,0.593465,0.67251,0.717419,0.792173,0.806567,0.613069,0.57746,0.465313,0.786183,0.731152,0.707964,1,0.850146,0.306037,0.703633,0.859917,0.63523,0.586753,0.765189,0.722306,0.302015,0.515991,0.225595,0.35456,0.659659,0.512524,0.18429,0.492202,0.141444,0.43566,0.715378,0.586752,0.211032,0.625431,0.64917,0.568322,0.742645,0.627754,0.738998,0.713841,0.571858,0.363051,0.546602,0.621397,0.549425,0.632542,0.651636,0.635265,0.68271,0.528821,0.697469,0.464234,0.376082,0.699021,0.812357,0.831301,0.848933,0.545918,0.71606,0.855276,0.443596,0.62899,0.78248,0.768539,0.405639,0.53987,0.547864,0.728297,0.684295,0.282964,0.602367,0.433336,0.514958,0.649608,0.680456,-0.158773,0.63354
0.83291,0.590623,0.843466,0.79079,0.844398,0.831118,0.540831,0.178466,0.682124,0.730711,0.762227,0.697229,0.69085,0.639524,0.546019,0.304791,0.648643,0.808647,0.779116,0.850146,1,0.425198,0.871594,0.864616,0.656878,0.696939,0.840723,0.7615,0.5647,0.638163,0.355657,0.376795,0.655176,0.69429,0.467935,0.478493,0.202308,0.582132,0.824794,0.744116,0.30168,0.752388,0.749255,0.533516,0.801609,0.743833,0.704184,0.733524,0.587983,0.41033,0.542414,0.692883,0.613934,0.561455,0.530752,0.699446,0.797579,0.456412,0.715551,0.573222,0.324296,0.62504,0.840055,0.862714,0.93703,0.736639,0.832695,0.853235,0.567596,0.789602,0.887624,0.789699,0.644083,0.442627,0.567831,0.784853,0.761876,0.32287,0.730428,0.398296,0.617464,0.788475,0.719363,-0.0923028,0.74956
0.245071,0.0737991,0.124723,0.14884,0.381295,0.404932,0.0575206,0.182217,0.142515,0.353659,0.260312,0.161763,0.0866447,0.194913,0.0813088,-0.15886,0.0485519,0.285742,0.0679033,0.306037,0.425198,1,0.302985,0.407444,0.347301,0.221261,0.380164,0.502708,0.164605,0.203686,0.10911,0.0228893,0.147415,0.329956,0.20199,0.372861,0.0666395,0.523797,0.336614,0.135948,0.11494,0.335909,0.0998149,0.0700836,0.155045,0.221642,0.368233,0.348406,0.208442,0.430763,0.0997511,0.0967839,0.169745,-0.0587657,0.0538185,0.136182,0.217192,-0.0565759,0.0860754,0.311763,0.239875,0.111264,0.348265,0.387529,0.402018,0.236179,0.509035,0.432582,0.211666,0.434379,0.333939,0.22807,0.415611,0.152825,0.224006,0.185003,0.295526,0.271716,0.413449,0.197657,-0.0177977,0.298088,0.147399,-0.0621134,0.440498
0.708385,0.503697,0.771156,0.68942,0.729555,0.644422,0.461967,0.0961584,0.565162,0.73439,0.759462,0.561428,0.57274,0.521338,0.45714,0.169894,0.54348,0.672864,0.669247,0.703633,0.871594,0.302985,1,0.757819,0.579044,0.67633,0.776535,0.590292,0.573024,0.399545,0.260853,0.310805,0.482885,0.578002,0.458615,0.368696,0.205185,0.540148,0.650166,0.654178,0.307743,0.624324,0.668134,0.529205,0.68614,0.670614,0.629205,0.61479,0.37273,0.309395,0.471063,0.577144,0.506299,0.510674,0.505412,0.673958,0.651958,0.33954,0.691372,0.574596,0.26445,0.504718,0.736578,0.749605,0.793741,0.644534,0.830563,0.758505,0.458886,0.659931,0.821581,0.719167,0.526718,0.278832,0.540306,0.653246,0.561607,0.237526,0.570463,0.266412,0.586552,0.623801,0.585373,0.00553939,0.566518
0.753114,0.541553,0.785707,0.736506,0.785631,0.823518,0.490748,0.289554,0.73782,0.667581,0.678154,0.717682,0.680107,0.59,0.547183,0.187982,0.631489,0.785959,0.695067,0.859917,0.864616,0.407444,0.757819,1,0.593496,0.714752,0.82145,0.667714,0.479799,0.510856,0.382095,0.393281,0.616549,0.533377,0.185911,0.386543,0.168102,0.619636,0.758235,0.605604,0.373277,0.724726,0.650491,0.459756,0.725152,0.630561,0.655796,0.708358,0.488783,0.344425,0.477802,0.502403,0.496709,0.586004,0.563867,0.629339,0.779574,0.358077,0.659286,0.587564,0.236864,0.68576,0.793417,0.899157,0.849465,0.68727,0.778645,0.964891,0.542878,0.766243,0.835065,0.849318,0.52206,0.394498,0.565809,0.708133,0.701984,0.365057,0.64799,0.442166,0.581022,0.692459,0.595623,-0.0174961,0.693449
0.604415,0.570003,0.605112,0.50865,0.571127,0.576393,0.343865,0.0888829,0.378404,0.544898,0.66989,0.57046,0.610075,0.603398,0.591823,0.325415,0.497464,0.625785,0.539229,0.63523,0.656878,0.347301,0.579044,0.593496,1,0.63568,0.616503,0.490868,0.0785853,0.167566,0.185428,0.143335,0.545034,0.39574,0.17361,0.604201,0.0795516,0.328555,0.575612,0.381104,0.219936,0.456832,0.563198,0.575452,0.585568,0.580395,0.54973,0.670102,0.425045,0.227435,0.378369,0.584335,0.497286,0.386703,0.577869,0.581094,0.580532,0.479528,0.560621,0.39174,0.428578,0.540936,0.638267,0.586531,0.691908,0.485035,0.58125,0.67074,0.241104,0.326343,0.614826,0.521207,0.320156,0.39529,0.386903,0.584359,0.480663,0.29517,0.362928,0.252442,0.378623,0.444957,0.306298,-0.120267,0.437577
0.71875,0.602616,0.661475,0.595165,0.630781,0.625929,0.387761,0.244008,0.463422,0.535653,0.645201,0.504581,0.486184,0.582631,0.535522,0.116205,0.472853,0.601785,0.627317,0.586753,0.696939,0.221261,0.67633,0.714752,0.63568,1,0.736018,0.487909,0.301045,0.173799,0.417756,0.307326,0.678593,0.547523,0.266488,0.334638,0.336431,0.511161,0.683312,0.556129,0.327074,0.632599,0.705289,0.509705,0.660147,0.673792,0.520396,0.553023,0.253695,0.151175,0.470338,0.595319,0.627614,0.496917,0.506983,0.607701,0.675987,0.455328,0.596049,0.563886,0.379692,0.522775,0.533802,0.680907,0.663667,0.526497,0.636627,0.724222,0.395472,0.500044,0.68614,0.546649,0.437744,0.188686,0.515634,0.57755,0.559018,0.366413,0.489921,0.408771,0.61759,0.552856,0.444826,0.183518,0.537821
0.705424,0.544656,0.704683,0.703518,0.809744,0.692185,0.545958,0.193423,0.520571,0.714932,0.716221,0.51648,0.510916,0.628199,0.465025,0.093761,0.438134,0.729962,0.609878,0.765189,0.840723,0.380164,0.776535,0.82145,0.616503,0.736018,1,0.719283,0.487154,0.506209,0.333371,0.415828,0.604876,0.6106,0.325008,0.456047,0.263889,0.555057,0.74693,0.674321,0.464402,0.745105,0.647898,0.475715,0.665985,0.692083,0.719588,0.752886,0.390163,0.417039,0.419179,0.682325,0.646356,0.479658,0.418241,0.613972,0.729729,0.270093,0.550945,0.506127,0.419203,0.675256,0.673797,0.800918,0.849727,0.679625,0.686635,0.828391,0.529087,0.726026,0.88971,0.763868,0.51849,0.3497,0.553718,0.722554,0.680528,0.301894,0.518665,0.341972,0.648626,0.717174,0.576436,0.13536,0.716609
0.651243,0.427256,0.607112,0.605491,0.775613,0.698766,0.429537,0.358019,0.46959,0.559266,0.579047,0.451348,0.4653,0.50734,0.341077,0.112263,0.523881,0.600689,0.454072,0.722306,0.7615,0.502708,0.590292,0.667714,0.490868,0.487909,0.719283,1,0.481897,0.576123,0.276631,0.257587,0.596612,0.527545,0.420389,0.570882,0.279107,0.485532,0.718731,0.549195,0.263734,0.770514,0.498,0.311456,0.581904,0.647368,0.686477,0.511815,0.590897,0.571972,0.311282,0.652674,0.539199,0.264632,0.302613,0.489655,0.509051,0.20285,0.496869,0.356886,0.52987,0.505434,0.588922,0.744186,0.784539,0.426435,0.684315,0.652563,0.534838,0.632403,0.734608,0.606195,0.659895,0.393141,0.459164,0.603592,0.619658,0.400834,0.560123,0.43039,0.516954,0.633761,0.618334,0.0206384,0.73621
0.397357,0.0238347,0.452672,0.502895,0.384352,0.467684,0.305224,0.141881,0.527965,0.520777,0.448222,0.160877,0.106667,0.125274,0.0766016,-0.273534,0.192833,0.404065,0.362984,0.302015,0.5647,0.164605,0.573024,0.479799,0.0785853,0.301045,0.487154,0.481897,1,0.556987,0.421193,0.161255,0.211205,0.536408,0.528222,0.0679201,0.226501,0.408397,0.42349,0.406758,0.30292,0.627221,0.308215,-0.0523911,0.439663,0.389196,0.220437,0.154146,0.284257,0.400491,0.236517,0.317647,0.227435,0.248358,-0.0170856,0.233988,0.389336,-0.177048,0.337534,0.308913,0.089607,0.258776,0.381976,0.512632,0.475101,0.489979,0.533432,0.44722,0.483283,0.679816,0.574604,0.553224,0.591861,0.234108,0.294683,0.403951,0.397562,0.148653,0.383898,0.0876394,0.52935,0.43976,0.37583,0.28245,0.591905
0.508258,0.224068,0.483028,0.563529,0.566192,0.642448,0.42788,0.190347,0.504435,0.393935,0.271171,0.398772,0.390037,0.379699,0.181867,0.236171,0.367279,0.459992,0.421058,0.515991,0.638163,0.203686,0.399545,0.510856,0.167566,0.173799,0.506209,0.576123,0.556987,1,0.278838,0.327904,0.397952,0.528701,0.287329,0.184066,0.0647633,0.193765,0.530826,0.627025,0.210435,0.562489,0.427355,0.178039,0.486875,0.433736,0.380521,0.446456,0.541076,0.430368,0.3314,0.457784,0.30707,0.289588,0.101738,0.295262,0.592291,0.171229,0.34981,0.172562,0.215777,0.455943,0.481688,0.571202,0.608255,0.478852,0.367933,0.449784,0.505941,0.612307,0.5408,0.592949,0.487473,0.361244,0.312918,0.591309,0.683394,0.107358,0.624448,0.242427,0.481184,0.696458,0.601595,-0.139619,0.701772
0.465436,0.219405,0.440366,0.422013,0.283427,0.469853,0.0098494,0.22631,0.311592,0.234247,0.295409,0.253602,0.131543,0.229973,0.359429,-0.0543734,0.310761,0.439824,0.234593,0.225595,0.355657,0.10911,0.260853,0.382095,0.185428,0.417756,0.333371,0.276631,0.421193,0.278838,1,0.056001,0.531693,0.291942,0.242929,-0.00871626,-0.0316798,0.192353,0.308623,0.376614,0.383887,0.630656,0.490393,0.0949328,0.445988,0.476519,0.148834,0.259541,0.0278598,-0.0103434,0.107291,0.304484,0.366128,0.367119,0.244493,0.338479,0.529717,0.109041,0.35073,0.196694,0.335648,0.28995,0.22631,0.301593,0.338696,0.391125,0.304633,0.383619,0.375884,0.460486,0.339668,0.38079,0.414863,0.0827844,0.204404,0.0648185,0.414056,0.261983,0.400326,0.153547,0.413194,0.321243,0.242326,0.227084,0.387837
0.355479,0.285146,0.301534,0.268366,0.309366,0.334034,0.462826,0.239004,0.364488,0.250852,0.289549,0.336878,0.398762,0.35432,0.224958,0.172865,0.311113,0.22448,0.301849,0.35456,0.376795,0.0228893,0.310805,0.393281,0.143335,0.307326,0.415828,0.257587,0.161255,0.327904,0.056001,1,0.326372,0.360439,-0.045256,0.147193,0.0661869,0.199047,0.384403,0.390043,0.110461,0.334387,0.304448,0.24987,0.271557,0.170723,0.433871,0.269914,0.361728,0.0765189,0.222922,0.287485,0.326035,0.285446,0.209794,0.282691,0.411781,0.265259,0.259865,0.308719,0.182598,0.429438,0.372403,0.327974,0.446669,0.310898,0.223778,0.38296,0.230775,0.282866,0.469186,0.323675,0.335524,-0.0605355,0.273259,0.447497,0.305826,0.185581,0.475962,0.250624,0.332676,0.468584,0.302055,0.0639276,0.281725
0.630095,0.462516,0.660876,0.596224,0.721587,0.629218,0.320445,0.478001,0.438021,0.328141,0.496091,0.620419,0.541105,0.518489,0.593273,0.234604,0.553559,0.609208,0.575601,0.659659,0.655176,0.147415,0.482885,0.616549,0.545034,0.678593,0.604876,0.596612,0.211205,0.397952,0.531693,0.326372,1,0.49783,0.294535,0.473655,0.213812,0.204253,0.768088,0.658291,0.247074,0.636025,0.595006,0.35957,0.645338,0.72431,0.563787,0.519471,0.51155,0.267031,0.485535,0.598994,0.515258,0.482721,0.52701,0.462289,0.59293,0.469762,0.525413,0.363161,0.631112,0.555049,0.560092,0.572775,0.665976,0.366889,0.613128,0.644795,0.368359,0.542335,0.660119,0.578016,0.508041,0.316107,0.491605,0.56652,0.675714,0.292502,0.566693,0.433904,0.505914,0.598226,0.583635,0.0585831,0.566946
0.624133,0.293227,0.565061,0.586353,0.561826,0.5994,0.472864,0.156498,0.43323,0.623099,0.581288,0.322173,0.361037,0.335026,0.272126,0.0757744,0.365684,0.464545,0.639321,0.512524,0.69429,0.329956,0.578002,0.533377,0.39574,0.547523,0.6106,0.527545,0.536408,0.528701,0.291942,0.360439,0.49783,1,0.407091,0.279908,0.283379,0.298036,0.559944,0.522145,0.233581,0.585908,0.543065,0.293434,0.628609,0.394701,0.549051,0.386274,0.383115,0.368287,0.500167,0.575832,0.530859,0.392924,0.257815,0.337841,0.473014,0.254322,0.44006,0.405066,0.420056,0.339087,0.566556,0.495228,0.691792,0.460506,0.605887,0.546159,0.285018,0.622946,0.727152,0.475424,0.66091,0.320038,0.288701,0.670028,0.600782,0.270007,0.581638,0.256283,0.5932,0.701832,0.508145,0.12782,0.627996
0.271656,0.0393013,0.300498,0.379311,0.317613,0.300154,0.0558264,-0.0997047,0.406084,0.258892,0.326591,0.0623066,0.012205,0.139902,0.238542,-0.133984,0.102448,0.327818,0.30804,0.18429,0.467935,0.20199,0.458615,0.185911,0.17361,0.266488,0.325008,0.420389,0.528222,0.287329,0.242929,-0.045256,0.294535,0.407091,1,0.156875,0.16247,0.330755,0.498675,0.32992,0.172753,0.415612,0.271294,-0.0479527,0.322913,0.472648,0.209638,0.0932274,0.291106,0.320514,0.141074,0.482177,0.247511,0.0217792,0.00511589,0.225258,0.23807,-0.0115065,0.21277,0.256586,0.153534,-0.0494105,0.155437,0.276104,0.407961,0.290752,0.443583,0.226343,0.152943,0.507891,0.459272,0.29511,0.478471,0.20995,0.354557,0.261532,0.248657,0.137023,0.339528,0.113296,0.338876,0.289678,0.326305,0.203428,0.342239
0.340516,0.438276,0.391757,0.236008,0.465042,0.388809,0.260866,0.188623,0.136806,0.296748,0.436423,0.472379,0.40872,0.459546,0.287163,0.208104,0.382633,0.411839,0.315529,0.492202,0.478493,0.372861,0.368696,0.386543,0.604201,0.334638,0.456047,0.570882,0.0679201,0.184066,-0.00871626,0.147193,0.473655,0.279908,0.156875,1,0.296289,0.235592,0.445612,0.355823,0.309947,0.274366,0.273639,0.379663,0.404269,0.458286,0.455993,0.457067,0.455684,0.337002,0.286596,0.439803,0.365086,0.235876,0.417312,0.428828,0.321888,0.258625,0.40726,0.459058,0.547498,0.468893,0.522877,0.486103,0.521099,0.19049,0.533305,0.462647,0.288341,0.181915,0.486829,0.303528,0.252581,0.253416,0.273824,0.350692,0.301767,0.169898,0.173217,0.396487,0.163037,0.29247,0.228082,-0.0802478,0.380774
0.125244,0.0677266,0.0701944,0.00403823,0.252214,0.0586316,0.274448,0.139307,0.158119,-0.00458823,0.0947246,-0.00589487,-0.0443894,-0.0220317,-0.0453281,-0.28257,-0.0241518,-0.059002,0.1082,0.141444,0.202308,0.0666395,0.205185,0.168102,0.0795516,0.336431,0.263889,0.279107,0.226501,0.0647633,-0.0316798,0.0661869,0.213812,0.283379,0.16247,0.296289,1,0.133484,0.22265,0.252435,0.137729,0.199125,0.0138322,-0.0803734,0.030803,0.21536,0.213292,-0.00973097,0.0253355,0.398612,0.15169,0.0940803,0.110063,-0.0423744,-0.130736,0.0181681,0.0875326,-0.108796,-0.037238,0.5258,0.201177,0.0190975,0.166415,0.234323,0.139132,-0.121,0.314307,0.174098,0.266325,0.148147,0.292383,0.11899,0.15474,-0.10413,0.18189,0.252142,0.25426,-0.0247289,0.116434,0.474715,0.153363,0.0761761,0.0369593,0.174529,0.213683
0.462089,0.376489,0.463052,0.435114,0.539194,0.484326,0.129785,-0.0331886,0.476561,0.426115,0.397117,0.403294,0.31663,0.370121,0.156971,-0.0412486,0.342096,0.493612,0.418656,0.43566,0.582132,0.523797,0.540148,0.619636,0.328555,0.511161,0.555057,0.485532,0.408397,0.193765,0.192353,0.199047,0.204253,0.298036,0.330755,0.235592,0.133484,1,0.517169,0.299407,0.299975,0.458974,0.393298,0.193551,0.453246,0.462957,0.428022,0.38076,0.301761,0.137295,0.228898,0.243735,0.396318,0.288702,0.324781,0.422563,0.479759,0.149373,0.494102,0.437288,-0.112712,0.360823,0.551221,0.594521,0.514383,0.636588,0.567324,0.611073,0.45643,0.533991,0.483441,0.47336,0.306685,0.10983,0.321627,0.398982,0.363896,0.440111,0.403069,0.240965,0.285419,0.311637,0.299771,0.000573094,0.429008
0.701096,0.528915,0.69063,0.719993,0.823782,0.793644,0.512783,0.380379,0.671231,0.491336,0.527799,0.584435,0.541144,0.667872,0.507047,0.217179,0.480962,0.723476,0.654301,0.715378,0.824794,0.336614,0.650166,0.758235,0.575612,0.683312,0.74693,0.718731,0.42349,0.530826,0.308623,0.384403,0.768088,0.559944,0.498675,0.445612,0.22265,0.517169,1,0.771164,0.334856,0.70977,0.662377,0.408534,0.669845,0.754779,0.701318,0.689319,0.630923,0.382769,0.488136,0.641377,0.51477,0.381466,0.432833,0.578617,0.646128,0.455198,0.557091,0.453902,0.360542,0.529137,0.642754,0.6931,0.768298,0.622039,0.734203,0.752958,0.398554,0.732847,0.792429,0.698788,0.63094,0.37511,0.492299,0.735577,0.74878,0.307528,0.656444,0.475492,0.630882,0.760701,0.768836,-0.0112618,0.68205
0.691756,0.552105,0.676529,0.700593,0.760038,0.710652,0.496771,0.242394,0.52215,0.399606,0.376482,0.513012,0.434372,0.651118,0.355874,0.320851,0.438746,0.582531,0.577789,0.586752,0.744116,0.135948,0.654178,0.605604,0.381104,0.556129,0.674321,0.549195,0.406758,0.627025,0.376614,0.390043,0.658291,0.522145,0.32992,0.355823,0.252435,0.299407,0.771164,1,0.44058,0.585942,0.747106,0.494732,0.62902,0.697361,0.650429,0.70152,0.345816,0.272516,0.392014,0.596692,0.571193,0.460767,0.385877,0.623413,0.68715,0.459518,0.54501,0.417489,0.380099,0.501468,0.542891,0.556345,0.648443,0.625181,0.560314,0.554192,0.41893,0.642062,0.666347,0.590883,0.485951,0.120542,0.420793,0.607264,0.72457,0.113378,0.614264,0.50868,0.638804,0.790348,0.775232,-0.0836404,0.635807
0.281779,0.377361,0.308105,0.327027,0.349501,0.389888,0.287413,0.113255,0.193316,0.0805169,0.215518,0.190923,0.0946164,0.447627,0.163926,-0.00512439,0.0919059,0.410564,0.154162,0.211032,0.30168,0.11494,0.307743,0.373277,0.219936,0.327074,0.464402,0.263734,0.30292,0.210435,0.383887,0.110461,0.247074,0.233581,0.172753,0.309947,0.137729,0.299975,0.334856,0.44058,1,0.328057,0.337156,0.313331,0.34822,0.369185,0.247474,0.421425,-0.0040003,0.162025,-0.0927588,0.345557,0.407008,0.236865,0.250265,0.4011,0.439322,0.122177,0.262891,0.30259,0.268678,0.401851,0.182832,0.296265,0.278579,0.351015,0.249671,0.326405,0.323658,0.25129,0.363566,0.376167,0.281986,-0.0490833,0.230069,0.0731403,0.273525,0.122947,0.0909116,0.306538,0.305609,0.420567,0.193897,0.256433,0.298466
0.707362,0.364215,0.665409,0.655073,0.681083,0.794786,0.434932,0.372464,0.625004,0.600164,0.601571,0.41071,0.389136,0.477349,0.48889,-0.0147345,0.471015,0.704489,0.500653,0.625431,0.752388,0.335909,0.624324,0.724726,0.456832,0.632599,0.745105,0.770514,0.627221,0.562489,0.630656,0.334387,0.636025,0.585908,0.415612,0.274366,0.199125,0.458974,0.70977,0.585942,0.328057,1,0.630567,0.221818,0.625264,0.706184,0.541121,0.516509,0.412796,0.454106,0.34765,0.589351,0.506317,0.324221,0.257729,0.551283,0.704395,0.139047,0.507638,0.353827,0.420363,0.488377,0.567627,0.698644,0.756918,0.614325,0.648657,0.727558,0.547676,0.744518,0.769008,0.728291,0.678409,0.311267,0.376565,0.610102,0.718749,0.392056,0.630976,0.384168,0.697616,0.646303,0.586046,0.163137,0.771792
0.920023,0.783398,0.87913,0.82846,0.670783,0.778945,0.402987,0.0586736,0.487382,0.594978,0.583579,0.634413,0.648155,0.787264,0.577588,0.549065,0.735164,0.732959,0.758952,0.64917,0.749255,0.0998149,0.668134,0.650491,0.563198,0.705289,0.647898,0.498,0.308215,0.427355,0.490393,0.304448,0.595006,0.543065,0.271294,0.273639,0.0138322,0.393298,0.662377,0.747106,0.337156,0.630567,1,0.726384,0.872793,0.759767,0.612983,0.71772,0.341971,-0.0158779,0.481013,0.692287,0.754225,0.699409,0.663448,0.861195,0.745268,0.690731,0.816896,0.294312,0.303289,0.599014,0.636332,0.617557,0.718459,0.723085,0.542678,0.651431,0.385243,0.569295,0.620968,0.597683,0.471288,0.326685,0.302131,0.553459,0.630966,0.225958,0.55075,0.418413,0.767974,0.68479,0.667686,-0.044874,0.599019
0.710761,0.907018,0.624076,0.535216,0.457124,0.47962,0.481327,0.073612,0.172518,0.507111,0.517129,0.590526,0.735416,0.816477,0.470382,0.756733,0.642435,0.49182,0.583953,0.568322,0.533516,0.0700836,0.529205,0.459756,0.575452,0.509705,0.475715,0.311456,-0.0523911,0.178039,0.0949328,0.24987,0.35957,0.293434,-0.0479527,0.379663,-0.0803734,0.193551,0.408534,0.494732,0.313331,0.221818,0.726384,1,0.616692,0.475688,0.473131,0.75116,0.245295,-0.0604379,0.428418,0.55916,0.596423,0.617248,0.726868,0.779695,0.525151,0.839924,0.69846,0.249049,0.235683,0.556595,0.500841,0.460789,0.480055,0.491797,0.383535,0.457782,0.31754,0.147002,0.402617,0.33987,0.21812,0.287023,0.30408,0.352565,0.352677,0.145333,0.314312,0.232396,0.401831,0.524843,0.441687,-0.0603203,0.269397
0.859668,0.67902,0.950776,0.901214,0.713989,0.780414,0.391144,0.090335,0.528359,0.624914,0.697363,0.711896,0.715165,0.706876,0.551869,0.47777,0.798571,0.7521,0.832894,0.742645,0.801609,0.155045,0.68614,0.725152,0.585568,0.660147,0.665985,0.581904,0.439663,0.486875,0.445988,0.271557,0.645338,0.628609,0.322913,0.404269,0.030803,0.453246,0.669845,0.62902,0.34822,0.625264,0.872793,0.616692,1,0.773687,0.57816,0.634648,0.554648,0.0911313,0.554864,0.714962,0.749308,0.741605,0.709035,0.785303,0.740276,0.605072,0.853911,0.396441,0.332831,0.674001,0.763991,0.705728,0.792874,0.665873,0.668059,0.734386,0.408296,0.591555,0.698079,0.688776,0.494892,0.489902,0.355499,0.63747,0.683444,0.357665,0.531762,0.300532,0.680628,0.681876,0.639276,-0.0816093,0.654243
0.74614,0.603834,0.782332,0.739804,0.751627,0.717187,0.344438,0.245084,0.48857,0.478186,0.587821,0.566585,0.511225,0.6797,0.573867,0.262669,0.57579,0.722289,0.61724,0.627754,0.743833,0.221642,0.670614,0.630561,0.580395,0.673792,0.692083,0.647368,0.389196,0.433736,0.476519,0.170723,0.72431,0.394701,0.472648,0.458286,0.21536,0.462957,0.754779,0.697361,0.369185,0.706184,0.759767,0.475688,0.773687,1,0.534315,0.63065,0.451926,0.287674,0.489664,0.694445,0.646667,0.444127,0.514938,0.730902,0.73188,0.441356,0.675081,0.384429,0.433088,0.560194,0.593436,0.67949,0.716512,0.595323,0.653307,0.669893,0.499335,0.606757,0.665465,0.686203,0.449427,0.390386,0.439814,0.556778,0.713287,0.33699,0.548061,0.414479,0.622933,0.582123,0.577057,0.0311346,0.646498
0.699411,0.528832,0.676626,0.620126,0.826816,0.649091,0.422876,0.249577,0.427728,0.545311,0.54332,0.572555,0.568003,0.546433,0.340549,0.2917,0.572639,0.548702,0.502541,0.738998,0.704184,0.368233,0.629205,0.655796,0.54973,0.520396,0.719588,0.686477,0.220437,0.380521,0.148834,0.433871,0.563787,0.549051,0.209638,0.455993,0.213292,0.428022,0.701318,0.650429,0.247474,0.541121,0.612983,0.473131,0.57816,0.534315,1,0.611437,0.498779,0.246347,0.317426,0.591143,0.594508,0.463685,0.49227,0.498359,0.451477,0.41899,0.585119,0.372802,0.493324,0.58549,0.665704,0.575556,0.733752,0.479559,0.60564,0.630039,0.192254,0.574332,0.70588,0.549543,0.497987,0.231389,0.391472,0.656304,0.527524,0.215325,0.488325,0.502241,0.527981,0.619001,0.682919,-0.175703,0.552085
0.697409,0.726096,0.670437,0.665321,0.674243,0.707252,0.488461,0.169858,0.41444,0.618624,0.51279,0.634361,0.636525,0.806433,0.538787,0.50276,0.503111,0.740932,0.598797,0.713841,0.733524,0.348406,0.61479,0.708358,0.670102,0.553023,0.752886,0.511815,0.154146,0.446456,0.259541,0.269914,0.519471,0.386274,0.0932274,0.457067,-0.00973097,0.38076,0.689319,0.70152,0.421425,0.516509,0.71772,0.75116,0.634648,0.63065,0.611437,1,0.344378,0.221575,0.469161,0.547708,0.544355,0.523475,0.593191,0.7364,0.712906,0.597771,0.578566,0.362853,0.233402,0.667175,0.646545,0.618791,0.67866,0.708987,0.549707,0.715764,0.395027,0.499027,0.649078,0.650528,0.3033,0.450852,0.412068,0.583513,0.674006,0.163071,0.462924,0.338531,0.503584,0.688009,0.613503,-0.0875987,0.575842
0.49716,0.341525,0.540221,0.508415,0.549178,0.525356,0.388789,0.298797,0.483368,0.365906,0.480274,0.63452,0.648442,0.401425,0.376941,0.336679,0.561542,0.47635,0.537911,0.571858,0.587983,0.208442,0.37273,0.488783,0.425045,0.253695,0.390163,0.590897,0.284257,0.541076,0.0278598,0.361728,0.51155,0.383115,0.291106,0.455684,0.0253355,0.301761,0.630923,0.345816,-0.0040003,0.412796,0.341971,0.245295,0.554648,0.451926,0.498779,0.344378,1,0.279113,0.467934,0.501743,0.372708,0.344942,0.415868,0.342171,0.40286,0.405261,0.541804,0.275486,0.22669,0.508581,0.665286,0.524929,0.61883,0.324491,0.550052,0.492588,0.261917,0.383193,0.53442,0.478237,0.494465,0.4727,0.332312,0.624634,0.511355,0.225881,0.466276,0.24284,0.265387,0.429965,0.488737,-0.199841,0.502304
0.192305,-0.0246283,0.127535,0.243954,0.40382,0.373132,0.369265,0.496953,0.316978,0.305442,0.281713,0.138931,0.118434,0.168793,0.207756,-0.159464,0.0312418,0.211364,0.196202,0.363051,0.41033,0.430763,0.309395,0.344425,0.227435,0.151175,0.417039,0.571972,0.400491,0.430368,-0.0103434,0.0765189,0.267031,0.368287,0.320514,0.337002,0.398612,0.137295,0.382769,0.272516,0.162025,0.454106,-0.0158779,-0.0604379,0.0911313,0.287674,0.246347,0.221575,0.279113,1,0.18989,0.265679,0.0215396,-0.0240966,-0.0612035,0.0662611,0.208707,-0.159682,-0.00475696,0.234746,0.358403,0.129864,0.212364,0.445992,0.38386,0.0904922,0.413825,0.360019,0.246878,0.470301,0.423437,0.437571,0.384701,0.354871,0.439842,0.355262,0.415218,0.0847668,0.389638,0.258288,0.174159,0.342689,0.228335,0.265296,0.518176
0.559541,0.445171,0.584367,0.488719,0.379679,0.467757,0.391469,0.199997,0.27504,0.604779,0.466859,0.589168,0.575462,0.42227,0.382059,0.335573,0.503259,0.404612,0.723306,0.546602,0.542414,0.0997511,0.471063,0.477802,0.378369,0.470338,0.419179,0.311282,0.236517,0.3314,0.107291,0.222922,0.485535,0.500167,0.141074,0.286596,0.15169,0.228898,0.488136,0.392014,-0.0927588,0.34765,0.481013,0.428418,0.554864,0.489664,0.317426,0.469161,0.467934,0.18989,1,0.407821,0.34567,0.532294,0.530071,0.38944,0.455895,0.447417,0.539726,0.320046,0.144246,0.524961,0.563921,0.418902,0.503855,0.397809,0.60581,0.568795,0.404619,0.439372,0.477573,0.467004,0.218434,0.562303,0.189484,0.53117,0.62017,0.199129,0.484907,0.190935,0.44549,0.377615,0.434076,0.0441107,0.472005
0.71583,0.632156,0.6809,0.707171,0.618501,0.589108,0.383266,0.105732,0.401288,0.58683,0.704388,0.483469,0.555015,0.625387,0.497941,0.378258,0.556841,0.598558,0.61777,0.621397,0.692883,0.0967839,0.577144,0.502403,0.584335,0.595319,0.682325,0.652674,0.317647,0.457784,0.304484,0.287485,0.598994,0.575832,0.482177,0.439803,0.0940803,0.243735,0.641377,0.596692,0.345557,0.589351,0.692287,0.55916,0.714962,0.694445,0.591143,0.547708,0.501743,0.265679,0.407821,1,0.81649,0.458203,0.489864,0.618273,0.616864,0.514215,0.636172,0.315839,0.531471,0.52806,0.461007,0.570481,0.750478,0.511851,0.469158,0.505549,0.331611,0.463792,0.676224,0.449272,0.442599,0.392314,0.510871,0.584509,0.58842,0.425824,0.485907,0.345822,0.609934,0.610927,0.563624,0.0431048,0.542348
