1,0.845526,0.942891,0.874106,0.808462,0.801034,0.52984,0.534806,0.342334,0.757751,0.733003,0.848587,0.872112,0.881117,0.674662,0.826309,0.886248,0.720511,0.573362,0.877033,0.877914,0.691124,0.642885,0.877063,0.427856,0.834343,0.879138,0.762373,0.363919,0.544611,0.422344,0.390515,0.754543,0.82743,0.517992,0.490817,0.247181,0.69228,0.928742,0.850542,0.719949,0.649269,0.917618,0.831068,0.955577,0.885026,0.882332,0.822563,0.366751,0.715557,0.757709,0.833091,0.881552,0.752519,0.87203,0.844974,0.86911,0.884755,0.922185,0.306027,0.545076,0.732142,0.727233,0.900614,0.865226,0.541668,0.655879,0.92223,0.516644,0.769662,0.888185,0.768948,0.438974,0.621581,0.529366,0.809516,0.699146,0.470841,0.461533,0.296502,0.66324,0.921779,0.865819,0.705759,0.591025
0.845526,1,0.783275,0.815636,0.724519,0.703922,0.379438,0.593162,0.347703,0.648785,0.712517,0.74812,0.890671,0.835641,0.573056,0.842747,0.860484,0.649814,0.415099,0.794672,0.738124,0.679733,0.589566,0.753236,0.469467,0.562685,0.728694,0.573293,0.218982,0.433723,0.245925,0.340125,0.604171,0.602183,0.50113,0.257382,-0.100126,0.687877,0.72511,0.713712,0.595034,0.456161,0.86217,0.925887,0.811637,0.715875,0.822034,0.717013,0.287148,0.639289,0.65039,0.713967,0.764944,0.768155,0.871401,0.866317,0.718317,0.846038,0.851311,0.135169,0.544543,0.636386,0.622764,0.7954,0.712742,0.53648,0.517864,0.827751,0.582703,0.714356,0.716053,0.58349,0.307871,0.531589,0.627087,0.646107,0.467881,0.247966,0.35146,0.244121,0.59239,0.748405,0.769864,0.710027,0.408371
0.942891,0.783275,1,0.921957,0.848159,0.848629,0.538755,0.477395,0.407949,0.796068,0.774831,0.818476,0.844853,0.85733,0.654939,0.732163,0.883914,0.75392,0.631789,0.887519,0.87345,0.73903,0.711197,0.905488,0.435564,0.822025,0.918226,0.753941,0.425609,0.551373,0.43331,0.379865,0.753222,0.806,0.535127,0.468614,0.273571,0.680674,0.929127,0.884005,0.67116,0.709717,0.912869,0.803326,0.978779,0.919375,0.861191,0.785807,0.321171,0.622975,0.696967,0.845856,0.896304,0.717486,0.850806,0.82821,0.82045,0.788623,0.902737,0.298141,0.58449,0.715553,0.766372,0.908356,0.907387,0.509189,0.650243,0.932248,0.471203,0.780284,0.843744,0.786292,0.369995,0.567611,0.439405,0.791756,0.780845,0.411522,0.490017,0.37633,0.728951,0.909612,0.854552,0.628887,0.550044
0.874106,0.815636,0.921957,1,0.855538,0.820367,0.523968,0.561375,0.329284,0.722172,0.706376,0.781091,0.863248,0.865872,0.655983,0.806544,0.871838,0.734918,0.577987,0.848756,0.83519,0.683103,0.685055,0.893576,0.41791,0.713797,0.867719,0.723235,0.393021,0.551636,0.317933,0.388568,0.698688,0.741416,0.597323,0.398781,0.143189,0.658956,0.851896,0.84987,0.594695,0.610105,0.87506,0.844931,0.90948,0.855567,0.853614,0.728477,0.414636,0.619449,0.670946,0.780836,0.831104,0.750981,0.855977,0.826594,0.775109,0.808761,0.881469,0.225281,0.573669,0.676196,0.76578,0.888759,0.880098,0.506965,0.605081,0.916076,0.444133,0.815114,0.780715,0.685092,0.387002,0.639954,0.500989,0.80339,0.712093,0.385637,0.406877,0.394162,0.759793,0.836947,0.790819,0.57593,0.525411
0.808462,0.724519,0.848159,0.855538,1,0.834294,0.569561,0.473876,0.355382,0.727235,0.73486,0.746907,0.787493,0.784295,0.590105,0.728872,0.815,0.709572,0.691782,0.81966,0.863164,0.684148,0.72208,0.854795,0.476652,0.718528,0.832066,0.688346,0.395981,0.478776,0.354511,0.54702,0.770328,0.767036,0.557853,0.370805,0.337604,0.622149,0.835725,0.806352,0.670822,0.772635,0.781019,0.785737,0.847088,0.769567,0.778139,0.740272,0.458395,0.65223,0.643703,0.755356,0.826235,0.677243,0.807527,0.790394,0.707685,0.749979,0.834195,0.405777,0.448279,0.683648,0.776453,0.851189,0.872563,0.496242,0.631494,0.885883,0.477273,0.736368,0.780791,0.805071,0.35978,0.612517,0.4059,0.75456,0.713677,0.419148,0.361029,0.455612,0.653388,0.806446,0.794401,0.653363,0.527051
0.801034,0.703922,0.848629,0.820367,0.834294,1,0.310149,0.39116,0.300946,0.755735,0.695787,0.64014,0.691619,0.719839,0.515076,0.65815,0.758619,0.705533,0.530886,0.796949,0.782269,0.687809,0.576649,0.766379,0.439829,0.713273,0.795039,0.569851,0.2243,0.411288,0.219427,0.442634,0.687584,0.715949,0.326443,0.335415,0.217467,0.521706,0.799832,0.783688,0.576504,0.551185,0.83215,0.787435,0.842134,0.783047,0.802601,0.705087,0.202767,0.453188,0.65834,0.74617,0.792959,0.575082,0.743022,0.75869,0.74437,0.698566,0.849908,0.375485,0.560433,0.66088,0.658797,0.87074,0.787962,0.382365,0.442266,0.804702,0.255676,0.682122,0.723878,0.66499,0.252286,0.554745,0.389035,0.772294,0.709738,0.410982,0.384245,0.310253,0.580459,0.82385,0.85924,0.571268,0.436026
0.52984,0.379438,0.538755,0.523968,0.569561,0.310149,1,0.526018,0.11819,0.514631,0.430039,0.594765,0.591564,0.584549,0.57195,0.53366,0.613636,0.359468,0.697789,0.492348,0.665017,0.383402,0.626051,0.616907,0.114061,0.574835,0.565259,0.643613,0.474252,0.327546,0.304385,0.52577,0.480696,0.626131,0.55445,0.23305,0.245875,0.48874,0.638201,0.638042,0.411527,0.676682,0.473447,0.397094,0.569001,0.492647,0.394061,0.549744,0.687356,0.60901,0.461488,0.459374,0.514728,0.591343,0.567048,0.50849,0.622574,0.526781,0.49796,0.115504,0.325877,0.436324,0.573641,0.503721,0.644611,0.517538,0.702985,0.613028,0.452731,0.503925,0.550011,0.560836,0.456814,0.440012,0.32774,0.450629,0.542207,0.315726,0.257117,0.224824,0.433652,0.566206,0.483688,0.276467,0.657314
0.534806,0.593162,0.477395,0.561375,0.473876,0.39116,0.526018,1,0.384415,0.531223,0.491744,0.468719,0.646674,0.494652,0.391557,0.609751,0.643973,0.455932,0.333409,0.519299,0.534156,0.54892,0.472488,0.570997,0.126921,0.426133,0.492812,0.343549,0.0718951,0.221484,0.0709161,0.312496,0.46907,0.414293,0.375051,0.090871,-0.0172442,0.360811,0.511498,0.529361,0.22972,0.338135,0.440775,0.578527,0.481693,0.45544,0.478733,0.491829,0.465823,0.543563,0.388811,0.432533,0.506706,0.577075,0.617404,0.576317,0.45818,0.598311,0.588307,0.187087,0.515499,0.599601,0.351768,0.49364,0.529531,0.41423,0.443418,0.581182,0.294358,0.459926,0.511308,0.30604,0.233243,0.352367,0.350579,0.500514,0.322707,0.234092,0.412981,0.224608,0.418904,0.484156,0.475354,0.363138,0.612787
0.342334,0.347703,0.407949,0.329284,0.355382,0.300946,0.11819,0.384415,1,0.304239,0.435521,0.315086,0.415324,0.318792,0.134264,0.282702,0.408206,0.548535,0.316826,0.44531,0.391708,0.521617,0.358293,0.513105,0.185302,0.226489,0.365234,0.144073,-0.115341,0.421847,0.244528,-0.011672,0.240725,0.229881,0.0645899,-0.0813032,0.0593655,0.342656,0.33544,0.293434,0.21099,0.381798,0.268452,0.419244,0.340865,0.377177,0.371468,0.180105,0.193577,0.0873681,0.174638,0.418687,0.495095,0.270444,0.307531,0.420398,0.12471,0.257757,0.321101,0.463211,0.315454,0.348164,0.141477,0.298188,0.426265,0.379444,0.351038,0.434926,0.282726,0.265599,0.250301,0.448695,0.0775358,0.131308,0.169438,0.245771,0.185755,-0.00989846,0.319747,0.107216,0.288498,0.28296,0.21485,0.400689,0.246407
0.757751,0.648785,0.796068,0.722172,0.727235,0.755735,0.514631,0.531223,0.304239,1,0.826739,0.679812,0.657892,0.618457,0.503395,0.571185,0.802989,0.560853,0.50916,0.785414,0.763034,0.762241,0.601877,0.728985,0.335307,0.681722,0.743506,0.608452,0.310726,0.291297,0.191661,0.499184,0.57133,0.670563,0.196576,0.324173,0.143529,0.473294,0.739046,0.713348,0.463668,0.638483,0.757305,0.674687,0.814573,0.672152,0.70732,0.717362,0.396893,0.5359,0.561439,0.742842,0.744994,0.539166,0.72709,0.660359,0.678811,0.667019,0.819555,0.237467,0.526775,0.626465,0.695417,0.783406,0.773279,0.292923,0.452298,0.763898,0.224053,0.554581,0.703161,0.644013,0.104741,0.45312,0.272701,0.68817,0.687928,0.289044,0.363292,0.311723,0.460375,0.774707,0.78442,0.552599,0.39808
0.733003,0.712517,0.774831,0.706376,0.73486,0.695787,0.430039,0.491744,0.435521,0.826739,1,0.727135,0.713376,0.627078,0.501891,0.562806,0.77027,0.604294,0.485477,0.782192,0.724229,0.808586,0.670062,0.699581,0.402216,0.574011,0.704681,0.581996,0.290631,0.313904,0.206269,0.438327,0.589777,0.514878,0.316563,0.265912,0.124374,0.453559,0.698,0.677164,0.50106,0.606958,0.702958,0.667089,0.764234,0.665256,0.707214,0.657467,0.290273,0.517604,0.542026,0.769888,0.730589,0.599384,0.778869,0.688,0.599031,0.609186,0.777659,0.247669,0.464529,0.637505,0.632713,0.697237,0.725294,0.307918,0.517587,0.744945,0.314356,0.431818,0.571582,0.604961,0.130166,0.345289,0.298223,0.499898,0.585855,0.150852,0.47198,0.308963,0.567555,0.716553,0.778083,0.58733,0.343729
0.848587,0.74812,0.818476,0.781091,0.746907,0.64014,0.594765,0.468719,0.315086,0.679812,0.727135,1,0.881377,0.799533,0.6506,0.726478,0.830475,0.643025,0.602609,0.721541,0.796937,0.585705,0.755639,0.823219,0.404853,0.792368,0.769969,0.743789,0.341002,0.524424,0.421429,0.415987,0.646798,0.751859,0.542938,0.429487,0.0650127,0.539615,0.800553,0.803896,0.578228,0.651533,0.760125,0.716704,0.846871,0.724503,0.825201,0.703448,0.527516,0.693853,0.697806,0.793173,0.788275,0.879758,0.894997,0.697006,0.740939,0.750959,0.833034,0.242473,0.442998,0.728963,0.761482,0.714081,0.83167,0.443779,0.791615,0.830163,0.445847,0.651646,0.699473,0.705405,0.486091,0.621615,0.587957,0.717219,0.618414,0.467776,0.320856,0.302394,0.678626,0.758826,0.686041,0.61292,0.523919
0.872112,0.890671,0.844853,0.863248,0.787493,0.691619,0.591564,0.646674,0.415324,0.657892,0.713376,0.881377,1,0.849116,0.683441,0.874313,0.935167,0.662709,0.619752,0.789963,0.843864,0.68421,0.716838,0.861603,0.416593,0.728629,0.783518,0.713267,0.298301,0.483959,0.384591,0.402074,0.734634,0.7138,0.629145,0.346713,0.0369845,0.621004,0.826406,0.825421,0.607593,0.609345,0.832098,0.889436,0.860498,0.76829,0.818097,0.72617,0.437908,0.760911,0.695235,0.782647,0.867083,0.851329,0.948397,0.861176,0.762288,0.854315,0.87835,0.278645,0.507867,0.737894,0.71909,0.794808,0.87581,0.586981,0.732842,0.89585,0.571857,0.77378,0.75029,0.678103,0.480127,0.645589,0.644401,0.74422,0.581545,0.373397,0.4611,0.301135,0.719817,0.785838,0.741505,0.655839,0.630286
0.881117,0.835641,0.85733,0.865872,0.784295,0.719839,0.584549,0.494652,0.318792,0.618457,0.627078,0.799533,0.849116,1,0.677811,0.798255,0.807334,0.743141,0.637225,0.825453,0.834557,0.622685,0.686619,0.88513,0.491493,0.693989,0.878472,0.760888,0.4577,0.609265,0.46227,0.424115,0.698636,0.748806,0.503352,0.397836,0.167554,0.796919,0.874739,0.880012,0.649482,0.647211,0.872941,0.831013,0.885777,0.795162,0.871158,0.813801,0.393125,0.660124,0.72188,0.723751,0.756728,0.766811,0.809642,0.889459,0.843959,0.78156,0.824759,0.152301,0.497767,0.659805,0.729939,0.855382,0.805488,0.660337,0.727933,0.923409,0.667294,0.812443,0.819452,0.733253,0.556262,0.674367,0.541645,0.703034,0.696578,0.433925,0.336313,0.321977,0.663027,0.864169,0.792738,0.602519,0.554924
0.674662,0.573056,0.654939,0.655983,0.590105,0.515076,0.57195,0.391557,0.134264,0.503395,0.501891,0.6506,0.683441,0.677811,1,0.677752,0.649171,0.308403,0.530526,0.705408,0.677523,0.384419,0.567686,0.640639,0.332255,0.57264,0.596834,0.738249,0.470953,0.411647,0.366565,0.434634,0.489945,0.61574,0.398927,0.218919,0.0149678,0.488883,0.69307,0.62212,0.533044,0.554015,0.702444,0.613805,0.660663,0.529032,0.574457,0.645412,0.322483,0.720814,0.594285,0.611642,0.58606,0.530043,0.649787,0.618941,0.572641,0.672012,0.620508,-0.00308816,0.306768,0.537649,0.605359,0.677266,0.659454,0.486012,0.631166,0.68346,0.57039,0.653462,0.54815,0.558615,0.43831,0.550033,0.511029,0.525745,0.456783,0.37707,0.385738,0.0994816,0.470185,0.750372,0.559166,0.43173,0.507805
0.826309,0.842747,0.732163,0.806544,0.728872,0.65815,0.53366,0.609751,0.282702,0.571185,0.562806,0.726478,0.874313,0.798255,0.677752,1,0.826373,0.630552,0.540577,0.765448,0.817023,0.589012,0.549293,0.78442,0.326276,0.629092,0.711557,0.649262,0.172573,0.468005,0.191046,0.367577,0.637144,0.687047,0.543423,0.306822,0.0357632,0.594226,0.763138,0.734464,0.559141,0.476574,0.776149,0.891101,0.75572,0.695647,0.715348,0.639287,0.486583,0.693964,0.638305,0.674597,0.765425,0.716056,0.82513,0.861264,0.706077,0.939428,0.807557,0.264573,0.414229,0.62432,0.610368,0.789474,0.774684,0.606612,0.575579,0.836603,0.518588,0.733419,0.73132,0.589959,0.421468,0.715633,0.644094,0.73036,0.485544,0.322971,0.452136,0.138587,0.542953,0.743629,0.694287,0.613804,0.591421
0.886248,0.860484,0.883914,0.871838,0.815,0.758619,0.613636,0.643973,0.408206,0.802989,0.77027,0.830475,0.935167,0.807334,0.649171,0.826373,1,0.650302,0.580595,0.801592,0.865688,0.769251,0.655659,0.836646,0.376478,0.767607,0.779203,0.662478,0.32273,0.444008,0.312636,0.396426,0.70943,0.760771,0.550018,0.389981,0.104538,0.60361,0.852615,0.804425,0.602036,0.697746,0.843911,0.867812,0.892201,0.808678,0.786508,0.748164,0.451332,0.743178,0.664232,0.799958,0.900279,0.781699,0.939041,0.815064,0.775095,0.85862,0.92561,0.337668,0.521854,0.771865,0.731124,0.845375,0.885992,0.500473,0.616467,0.882415,0.468576,0.762888,0.752676,0.695628,0.359618,0.589749,0.522842,0.784724,0.69141,0.353104,0.450443,0.263867,0.640237,0.808506,0.800386,0.595763,0.593161
0.720511,0.649814,0.75392,0.734918,0.709572,0.705533,0.359468,0.455932,0.548535,0.560853,0.604294,0.643025,0.662709,0.743141,0.308403,0.630552,0.650302,1,0.67071,0.686857,0.750303,0.706085,0.638293,0.830404,0.427172,0.620921,0.808495,0.567053,0.280721,0.486983,0.238448,0.335396,0.572114,0.601015,0.33447,0.243601,0.190609,0.579239,0.734638,0.791659,0.573947,0.530253,0.648996,0.692539,0.745063,0.714345,0.803176,0.572066,0.363472,0.320419,0.51022,0.677511,0.721895,0.652309,0.674701,0.716315,0.635229,0.63864,0.717709,0.480884,0.460183,0.576384,0.657077,0.717142,0.742249,0.472108,0.566495,0.793527,0.303812,0.512427,0.661406,0.667696,0.38839,0.501176,0.369684,0.66151,0.673385,0.432978,0.375344,0.430692,0.630603,0.651603,0.668356,0.600947,0.512625
0.573362,0.415099,0.631789,0.577987,0.691782,0.530886,0.697789,0.333409,0.316826,0.50916,0.485477,0.602609,0.619752,0.637225,0.530526,0.540577,0.580595,0.67071,1,0.585625,0.791802,0.550684,0.774704,0.761837,0.27765,0.623437,0.689761,0.692856,0.592732,0.345675,0.3095,0.546462,0.611617,0.6576,0.424643,0.192261,0.271195,0.520251,0.73641,0.761652,0.539058,0.686917,0.563131,0.528447,0.663205,0.581799,0.602146,0.590056,0.472478,0.503181,0.419603,0.53959,0.646459,0.543032,0.601723,0.597075,0.620178,0.548433,0.554582,0.347306,0.283053,0.507455,0.739428,0.657017,0.787339,0.497939,0.749269,0.719777,0.391653,0.530296,0.613511,0.722304,0.559696,0.525287,0.332515,0.552501,0.672283,0.427452,0.356337,0.336962,0.562569,0.626866,0.537949,0.454134,0.674024
0.877033,0.794672,0.887519,0.848756,0.81966,0.796949,0.492348,0.519299,0.44531,0.785414,0.782192,0.721541,0.789963,0.825453,0.705408,0.765448,0.801592,0.686857,0.585625,1,0.839246,0.705217,0.687523,0.874189,0.534791,0.634162,0.83665,0.734718,0.334523,0.475263,0.426812,0.489287,0.666185,0.661612,0.383697,0.279809,0.149856,0.693755,0.839937,0.814749,0.655179,0.619578,0.866028,0.828241,0.871772,0.768335,0.83617,0.757958,0.339066,0.625421,0.663104,0.825516,0.787089,0.601308,0.758999,0.858102,0.726261,0.787961,0.838199,0.266017,0.587695,0.611274,0.677457,0.891404,0.832575,0.561717,0.606572,0.902852,0.548519,0.72036,0.772374,0.765189,0.319963,0.613034,0.490812,0.67409,0.591382,0.296505,0.457158,0.324272,0.67852,0.909743,0.822724,0.693615,0.468947
0.877914,0.738124,0.87345,0.83519,0.863164,0.782269,0.665017,0.534156,0.391708,0.763034,0.724229,0.796937,0.843864,0.834557,0.677523,0.817023,0.865688,0.750303,0.791802,0.839246,1,0.77339,0.743216,0.902081,0.334422,0.808967,0.882209,0.729303,0.461283,0.556272,0.259305,0.532483,0.719365,0.845672,0.510788,0.357488,0.217941,0.64833,0.921725,0.88024,0.648785,0.784855,0.832131,0.782261,0.889935,0.830535,0.792353,0.780697,0.510867,0.713759,0.626573,0.77094,0.894533,0.718834,0.821656,0.810533,0.837041,0.840599,0.842488,0.418085,0.476135,0.728462,0.802194,0.901585,0.954324,0.594516,0.718862,0.929531,0.48231,0.720238,0.831468,0.838678,0.534784,0.668769,0.527028,0.829703,0.780471,0.494072,0.500323,0.325618,0.681252,0.885142,0.82644,0.637323,0.701966
0.691124,0.679733,0.73903,0.683103,0.684148,0.687809,0.383402,0.54892,0.521617,0.762241,0.808586,0.585705,0.68421,0.622685,0.384419,0.589012,0.769251,0.706085,0.550684,0.705217,0.77339,1,0.542102,0.702286,0.292563,0.567835,0.741117,0.445799,0.286505,0.386426,0.0797656,0.415067,0.573045,0.567697,0.260869,0.162625,0.170073,0.530203,0.703819,0.682007,0.42692,0.675697,0.64103,0.657839,0.702394,0.648189,0.62979,0.585151,0.215169,0.453525,0.344233,0.722876,0.790281,0.545769,0.703459,0.696061,0.621873,0.616372,0.718043,0.42296,0.427127,0.582006,0.570467,0.717494,0.746018,0.386706,0.45692,0.754329,0.311448,0.439148,0.595726,0.626331,0.177301,0.354257,0.250753,0.567758,0.649361,0.254512,0.57846,0.365385,0.537943,0.647266,0.759758,0.584958,0.540315
0.642885,0.589566,0.711197,0.685055,0.72208,0.576649,0.626051,0.472488,0.358293,0.601877,0.670062,0.755639,0.716838,0.686619,0.567686,0.549293,0.655659,0.638293,0.774704,0.687523,0.743216,0.542102,1,0.796661,0.366417,0.549445,0.712359,0.682604,0.440059,0.38042,0.326504,0.590113,0.65146,0.551793,0.511623,0.242664,0.0561978,0.542223,0.72139,0.776688,0.497029,0.645442,0.610971,0.593346,0.719321,0.668166,0.707466,0.633735,0.518082,0.545861,0.55783,0.613246,0.599835,0.695499,0.705658,0.65124,0.586808,0.535057,0.626461,0.161237,0.49602,0.631238,0.758266,0.639408,0.786511,0.431876,0.820895,0.765296,0.415651,0.540316,0.576631,0.665964,0.46527,0.472565,0.474351,0.557019,0.554923,0.276912,0.354289,0.375546,0.684163,0.664804,0.558348,0.434306,0.498828
0.877063,0.753236,0.905488,0.893576,0.854795,0.766379,0.616907,0.570997,0.513105,0.728985,0.699581,0.823219,0.861603,0.88513,0.640639,0.78442,0.836646,0.830404,0.761837,0.874189,0.902081,0.702286,0.796661,1,0.417945,0.781069,0.917982,0.772759,0.396594,0.614679,0.419637,0.477032,0.736246,0.766474,0.503421,0.314206,0.213124,0.72489,0.913093,0.90627,0.652152,0.702015,0.82752,0.808921,0.90873,0.839302,0.881551,0.769211,0.510034,0.64951,0.706099,0.786298,0.846143,0.763723,0.811454,0.836921,0.771511,0.791257,0.85158,0.361833,0.569769,0.738832,0.797173,0.883356,0.934458,0.599088,0.798006,0.966491,0.520947,0.786086,0.820621,0.814154,0.55479,0.689416,0.520772,0.781495,0.738991,0.455816,0.431341,0.411899,0.765215,0.85383,0.758551,0.660215,0.651345
0.427856,0.469467,0.435564,0.41791,0.476652,0.439829,0.114061,0.126921,0.185302,0.335307,0.402216,0.404853,0.416593,0.491493,0.332255,0.326276,0.376478,0.427172,0.27765,0.534791,0.334422,0.292563,0.366417,0.417945,1,0.19095,0.435624,0.479465,0.206136,0.223704,0.548156,0.327706,0.353715,0.228004,0.159455,0.158998,0.0924117,0.351268,0.351751,0.407385,0.490067,0.335023,0.423798,0.496918,0.411541,0.225744,0.490935,0.377749,0.0456022,0.2699,0.582181,0.500812,0.343785,0.433246,0.470521,0.487599,0.334094,0.365193,0.416725,0.0816007,0.216625,0.184505,0.41577,0.413394,0.356489,0.197818,0.27228,0.444984,0.468139,0.324233,0.284948,0.507747,0.104876,0.40698,0.439669,0.304769,0.289624,0.183466,0.179574,0.190067,0.384091,0.467955,0.510269,0.50282,0.165472
0.834343,0.562685,0.822025,0.713797,0.718528,0.713273,0.574835,0.426133,0.226489,0.681722,0.574011,0.792368,0.728629,0.693989,0.57264,0.629092,0.767607,0.620921,0.623437,0.634162,0.808967,0.567835,0.549445,0.781069,0.19095,1,0.807088,0.617683,0.416358,0.487304,0.32763,0.3234,0.671092,0.842682,0.445833,0.53822,0.363113,0.469436,0.854378,0.796853,0.596758,0.658849,0.755102,0.595919,0.845149,0.766452,0.732634,0.714776,0.382286,0.676903,0.632834,0.715607,0.820786,0.683378,0.745155,0.589302,0.776558,0.73081,0.80397,0.453197,0.40585,0.745049,0.707681,0.77513,0.815735,0.388941,0.647934,0.782085,0.301592,0.668791,0.8063,0.710355,0.515723,0.56158,0.379201,0.781654,0.790813,0.695714,0.371496,0.290478,0.603847,0.759455,0.711438,0.534905,0.646889
0.879138,0.728694,0.918226,0.867719,0.832066,0.795039,0.565259,0.492812,0.365234,0.743506,0.704681,0.769969,0.783518,0.878472,0.596834,0.711557,0.779203,0.808495,0.689761,0.83665,0.882209,0.741117,0.712359,0.917982,0.435624,0.807088,1,0.734115,0.447206,0.592568,0.359767,0.485813,0.696207,0.767177,0.465698,0.422341,0.299326,0.736496,0.885076,0.904747,0.695029,0.717153,0.846741,0.741664,0.907384,0.827342,0.853297,0.785548,0.312204,0.60725,0.647442,0.792261,0.820711,0.70261,0.759962,0.834476,0.829072,0.729042,0.80723,0.293796,0.561094,0.634125,0.780523,0.875923,0.876397,0.607446,0.683626,0.946299,0.516259,0.717813,0.863998,0.782505,0.48622,0.604425,0.409666,0.749464,0.804432,0.524644,0.476105,0.502571,0.706856,0.8597,0.838148,0.626928,0.619259
0.762373,0.573293,0.753941,0.723235,0.688346,0.569851,0.643613,0.343549,0.144073,0.608452,0.581996,0.743789,0.713267,0.760888,0.738249,0.649262,0.662478,0.567053,0.692856,0.734718,0.729303,0.445799,0.682604,0.772759,0.479465,0.617683,0.734115,1,0.542106,0.337571,0.50127,0.582018,0.687982,0.6854,0.467396,0.302662,0.232598,0.562633,0.792573,0.783353,0.717585,0.601369,0.715035,0.623307,0.782319,0.654738,0.721796,0.725259,0.401301,0.60722,0.73046,0.700592,0.648674,0.609964,0.719009,0.704516,0.744499,0.651832,0.712132,0.0801791,0.347134,0.499658,0.777392,0.699017,0.7676,0.489443,0.746089,0.77455,0.47601,0.610484,0.689893,0.658849,0.4633,0.583821,0.413638,0.642959,0.604859,0.356606,0.379944,0.429182,0.599154,0.820047,0.698238,0.546075,0.558724
0.363919,0.218982,0.425609,0.393021,0.395981,0.2243,0.474252,0.0718951,-0.115341,0.310726,0.290631,0.341002,0.298301,0.4577,0.470953,0.172573,0.32273,0.280721,0.592732,0.334523,0.461283,0.286505,0.440059,0.396594,0.206136,0.416358,0.447206,0.542106,1,0.173029,0.224072,0.312953,0.354024,0.461458,0.282516,0.258643,0.258281,0.447969,0.493504,0.479286,0.3997,0.553022,0.415356,0.171291,0.457662,0.349991,0.364057,0.555372,0.126226,0.489896,0.216757,0.243202,0.319971,0.286659,0.327594,0.24733,0.431045,0.295195,0.298583,0.0274578,0.0219686,0.260063,0.641777,0.469158,0.441326,0.184262,0.423239,0.419217,0.356498,0.37576,0.449602,0.465488,0.408956,0.209447,0.0189528,0.294091,0.559979,0.421222,0.0924189,0.3111,0.465249,0.467894,0.363396,0.201954,0.406156
0.544611,0.433723,0.551373,0.551636,0.478776,0.411288,0.327546,0.221484,0.421847,0.291297,0.313904,0.524424,0.483959,0.609265,0.411647,0.468005,0.444008,0.486983,0.345675,0.475263,0.556272,0.386426,0.38042,0.614679,0.223704,0.487304,0.592568,0.337571,0.173029,1,0.416299,0.147349,0.307029,0.609208,0.390519,0.217917,0.213244,0.582552,0.560366,0.482001,0.231855,0.505186,0.49798,0.435624,0.51921,0.496911,0.453901,0.427537,0.391308,0.311746,0.412531,0.405955,0.541781,0.53665,0.410601,0.461807,0.430778,0.466099,0.440214,0.137329,0.260223,0.415135,0.409142,0.53267,0.558482,0.511319,0.48791,0.606812,0.522223,0.573092,0.474124,0.568052,0.444521,0.543953,0.419602,0.502446,0.501737,0.340949,0.196856,0.0776989,0.392544,0.493338,0.374472,0.536722,0.427805
0.422344,0.245925,0.43331,0.317933,0.354511,0.219427,0.304385,0.0709161,0.244528,0.191661,0.206269,0.421429,0.384591,0.46227,0.366565,0.191046,0.312636,0.238448,0.3095,0.426812,0.259305,0.0797656,0.326504,0.419637,0.548156,0.32763,0.359767,0.50127,0.224072,0.416299,1,0.211347,0.404887,0.359223,0.326353,0.3812,0.363734,0.422166,0.418072,0.41349,0.384043,0.38695,0.360186,0.316684,0.403115,0.260274,0.374322,0.360675,0.146042,0.316305,0.431017,0.422376,0.331633,0.312816,0.352112,0.376935,0.325522,0.213947,0.340063,0.0514176,0.139701,0.202731,0.292286,0.314243,0.360779,0.369766,0.441599,0.409849,0.564494,0.492906,0.354792,0.495877,0.346417,0.445433,0.264027,0.233505,0.27658,0.232113,0.0167384,0.176292,0.311301,0.414404,0.257938,0.40766,0.264899
0.390515,0.340125,0.379865,0.388568,0.54702,0.442634,0.52577,0.312496,-0.011672,0.499184,0.438327,0.415987,0.402074,0.424115,0.434634,0.367577,0.396426,0.335396,0.546462,0.489287,0.532483,0.415067,0.590113,0.477032,0.327706,0.3234,0.485813,0.582018,0.312953,0.147349,0.211347,1,0.523733,0.386401,0.198135,-0.00108136,0.152206,0.426108,0.494536,0.535349,0.528061,0.478381,0.356757,0.357876,0.402629,0.2455,0.416243,0.53724,0.370011,0.444494,0.425162,0.435062,0.368529,0.364514,0.425086,0.432574,0.482063,0.339919,0.447753,0.0312819,0.260788,0.320469,0.630168,0.483205,0.516194,0.439117,0.535687,0.520134,0.287588,0.302731,0.397798,0.417292,0.33874,0.391037,0.228757,0.315296,0.423034,0.294249,0.162394,0.536879,0.329223,0.501295,0.504041,0.397922,0.391163
0.754543,0.604171,0.753222,0.698688,0.770328,0.687584,0.480696,0.46907,0.240725,0.57133,0.589777,0.646798,0.734634,0.698636,0.489945,0.637144,0.70943,0.572114,0.611617,0.666185,0.719365,0.573045,0.65146,0.736246,0.353715,0.671092,0.696207,0.687982,0.354024,0.307029,0.404887,0.523733,1,0.668969,0.488293,0.411767,0.50105,0.508295,0.833801,0.771816,0.589317,0.591936,0.640155,0.65049,0.76091,0.740689,0.651239,0.65814,0.295384,0.618973,0.653438,0.648404,0.725282,0.547905,0.731962,0.713889,0.677627,0.659092,0.777806,0.298668,0.329425,0.722932,0.667764,0.728202,0.762637,0.404021,0.686188,0.772487,0.394553,0.634073,0.707484,0.601045,0.335695,0.467393,0.295587,0.636556,0.636213,0.3165,0.545998,0.421466,0.592969,0.745616,0.716168,0.491337,0.559179
0.82743,0.602183,0.806,0.741416,0.767036,0.715949,0.626131,0.414293,0.229881,0.670563,0.514878,0.751859,0.7138,0.748806,0.61574,0.687047,0.760771,0.601015,0.6576,0.661612,0.845672,0.567697,0.551793,0.766474,0.228004,0.842682,0.767177,0.6854,0.461458,0.609208,0.359223,0.386401,0.668969,1,0.544302,0.433086,0.344306,0.607894,0.863352,0.78695,0.562861,0.723242,0.784981,0.661905,0.837966,0.766602,0.686549,0.722492,0.476591,0.595637,0.615074,0.663439,0.824343,0.680767,0.732687,0.658675,0.808237,0.772164,0.794503,0.297296,0.42309,0.642785,0.706163,0.807249,0.82908,0.471609,0.612825,0.796173,0.436024,0.768583,0.827771,0.758652,0.442059,0.601798,0.419909,0.842391,0.751828,0.559345,0.303345,0.252011,0.490651,0.817817,0.730654,0.604461,0.642143
0.517992,0.50113,0.535127,0.597323,0.557853,0.326443,0.55445,0.375051,0.0645899,0.196576,0.316563,0.542938,0.629145,0.503352,0.398927,0.543423,0.550018,0.33447,0.424643,0.383697,0.510788,0.260869,0.511623,0.503421,0.159455,0.445833,0.465698,0.467396,0.282516,0.390519,0.326353,0.198135,0.488293,0.544302,1,0.301865,0.128352,0.436754,0.517811,0.527554,0.432755,0.416296,0.469955,0.461077,0.519097,0.58913,0.396746,0.362692,0.363324,0.514885,0.383859,0.432476,0.527087,0.656765,0.615539,0.461442,0.524432,0.527758,0.468457,0.0777324,0.370213,0.371551,0.422945,0.446191,0.577491,0.36223,0.490717,0.526301,0.438164,0.563234,0.452698,0.436563,0.458145,0.407103,0.513738,0.510472,0.377723,0.210007,0.268237,0.230187,0.569983,0.440321,0.417767,0.313448,0.510775
0.490817,0.257382,0.468614,0.398781,0.370805,0.335415,0.23305,0.090871,-0.0813032,0.324173,0.265912,0.429487,0.346713,0.397836,0.218919,0.306822,0.389981,0.243601,0.192261,0.279809,0.357488,0.162625,0.242664,0.314206,0.158998,0.53822,0.422341,0.302662,0.258643,0.217917,0.3812,-0.00108136,0.411767,0.433086,0.301865,1,0.463406,0.245746,0.394837,0.446524,0.280069,0.331368,0.409401,0.281971,0.464544,0.440177,0.362501,0.330421,0.0846734,0.401595,0.283977,0.330129,0.342255,0.269852,0.388944,0.350853,0.397538,0.311625,0.392562,0.175959,0.120147,0.292631,0.34996,0.347177,0.366811,0.131771,0.141784,0.398473,0.262565,0.425785,0.508242,0.376491,0.25571,0.433923,0.102805,0.412898,0.404401,0.369336,0.108109,0.0934989,0.284333,0.3599,0.353998,0.131311,0.217127
0.247181,-0.100126,0.273571,0.143189,0.337604,0.217467,0.245875,-0.0172442,0.0593655,0.143529,0.124374,0.0650127,0.0369845,0.167554,0.0149678,0.0357632,0.104538,0.190609,0.271195,0.149856,0.217941,0.170073,0.0561978,0.213124,0.0924117,0.363113,0.299326,0.232598,0.258281,0.213244,0.363734,0.152206,0.50105,0.344306,0.128352,0.463406,1,0.195423,0.345263,0.272449,0.239529,0.414245,0.0918124,-0.0124024,0.236962,0.267373,0.0402054,0.170281,-0.0165325,0.13233,0.173874,0.192647,0.208158,-0.0583636,0.0696585,0.17209,0.177294,0.102194,0.180024,0.32416,-0.0896322,0.153238,0.132998,0.231124,0.226569,0.0407276,0.141406,0.239198,0.133495,0.153522,0.322014,0.30798,0.0426917,0.075126,-0.307912,0.144463,0.393563,0.155839,0.297472,0.263549,0.101004,0.234469,0.268104,0.13571,0.307818
0.69228,0.687877,0.680674,0.658956,0.622149,0.521706,0.48874,0.360811,0.342656,0.473294,0.453559,0.539615,0.621004,0.796919,0.488883,0.594226,0.60361,0.579239,0.520251,0.693755,0.64833,0.530203,0.542223,0.72489,0.351268,0.469436,0.736496,0.562633,0.447969,0.582552,0.422166,0.426108,0.508295,0.607894,0.436754,0.245746,0.195423,1,0.678066,0.669777,0.619662,0.580139,0.707069,0.644266,0.679308,0.595522,0.670312,0.668328,0.202229,0.536239,0.459893,0.563584,0.584792,0.538683,0.54225,0.737496,0.64865,0.593447,0.575989,0.0552124,0.452971,0.339765,0.579786,0.733846,0.626311,0.701624,0.537646,0.774765,0.741091,0.745322,0.715888,0.659014,0.481971,0.470244,0.328092,0.436476,0.498372,0.292134,0.136897,0.368588,0.496226,0.658233,0.611291,0.540542,0.476873
0.928742,0.72511,0.929127,0.851896,0.835725,0.799832,0.638201,0.511498,0.33544,0.739046,0.698,0.800553,0.826406,0.874739,0.69307,0.763138,0.852615,0.734638,0.73641,0.839937,0.921725,0.703819,0.72139,0.913093,0.351751,0.854378,0.885076,0.792573,0.493504,0.560366,0.418072,0.494536,0.833801,0.863352,0.517811,0.394837,0.345263,0.678066,1,0.899947,0.676551,0.745767,0.85734,0.764152,0.942555,0.890556,0.818372,0.828661,0.441603,0.698446,0.726443,0.780427,0.87222,0.708709,0.827975,0.798482,0.870861,0.824516,0.893438,0.32779,0.479736,0.803636,0.796939,0.918017,0.914441,0.547839,0.771653,0.926493,0.480133,0.779259,0.856347,0.797289,0.52603,0.616484,0.457878,0.806803,0.824296,0.485176,0.498024,0.331636,0.681584,0.930272,0.840125,0.621162,0.683839
0.850542,0.713712,0.884005,0.84987,0.806352,0.783688,0.638042,0.529361,0.293434,0.713348,0.677164,0.803896,0.825421,0.880012,0.62212,0.734464,0.804425,0.791659,0.761652,0.814749,0.88024,0.682007,0.776688,0.90627,0.407385,0.796853,0.904747,0.783353,0.479286,0.482001,0.41349,0.535349,0.771816,0.78695,0.527554,0.446524,0.272449,0.669777,0.899947,1,0.644958,0.668411,0.820432,0.760456,0.89589,0.817627,0.836863,0.770466,0.386231,0.629763,0.680638,0.76852,0.778745,0.750231,0.820387,0.834233,0.833637,0.733248,0.847941,0.283688,0.59094,0.688745,0.773983,0.857197,0.896508,0.524233,0.733588,0.922293,0.486935,0.732023,0.8106,0.729783,0.555365,0.69558,0.482966,0.758698,0.778982,0.496561,0.459075,0.451348,0.766886,0.86489,0.823508,0.555624,0.663254
0.719949,0.595034,0.67116,0.594695,0.670822,0.576504,0.411527,0.22972,0.21099,0.463668,0.50106,0.578228,0.607593,0.649482,0.533044,0.559141,0.602036,0.573947,0.539058,0.655179,0.648785,0.42692,0.497029,0.652152,0.490067,0.596758,0.695029,0.717585,0.3997,0.231855,0.384043,0.528061,0.589317,0.562861,0.432755,0.280069,0.239529,0.619662,0.676551,0.644958,1,0.532453,0.646729,0.582371,0.679145,0.600406,0.704453,0.669021,0.112069,0.593751,0.641208,0.656905,0.635459,0.509216,0.603947,0.624114,0.672462,0.597974,0.64338,0.26898,0.410051,0.403552,0.658339,0.672423,0.639857,0.51909,0.523771,0.691002,0.502824,0.535799,0.661512,0.622423,0.471603,0.420824,0.353353,0.500535,0.552753,0.446813,0.291071,0.491298,0.504103,0.68858,0.702373,0.544698,0.41818
0.649269,0.456161,0.709717,0.610105,0.772635,0.551185,0.676682,0.338135,0.381798,0.638483,0.606958,0.651533,0.609345,0.647211,0.554015,0.476574,0.697746,0.530253,0.686917,0.619578,0.784855,0.675697,0.645442,0.702015,0.335023,0.658849,0.717153,0.601369,0.553022,0.505186,0.38695,0.478381,0.591936,0.723242,0.416296,0.331368,0.414245,0.580139,0.745767,0.668411,0.532453,1,0.561325,0.48148,0.678629,0.606085,0.515874,0.623936,0.442833,0.604958,0.429054,0.665844,0.703708,0.541484,0.611292,0.566731,0.616972,0.525135,0.58817,0.408144,0.229072,0.543323,0.667011,0.662299,0.764324,0.441185,0.659799,0.725399,0.467349,0.52642,0.620624,0.794103,0.372388,0.421586,0.243081,0.593208,0.713754,0.395313,0.391031,0.374747,0.521996,0.662228,0.626811,0.454581,0.59486
0.917618,0.86217,0.912869,0.87506,0.781019,0.83215,0.473447,0.440775,0.268452,0.757305,0.702958,0.760125,0.832098,0.872941,0.702444,0.776149,0.843911,0.648996,0.563131,0.866028,0.832131,0.64103,0.610971,0.82752,0.423798,0.755102,0.846741,0.715035,0.415356,0.49798,0.360186,0.356757,0.640155,0.784981,0.469955,0.409401,0.0918124,0.707069,0.85734,0.820432,0.646729,0.561325,1,0.869296,0.944085,0.829886,0.869785,0.822845,0.26485,0.631453,0.705869,0.760573,0.835551,0.696404,0.820982,0.845073,0.835659,0.827166,0.878749,0.148268,0.573039,0.637888,0.718938,0.915268,0.81239,0.544415,0.548335,0.879305,0.526631,0.826486,0.862102,0.726811,0.386976,0.581967,0.528427,0.759039,0.656096,0.421057,0.31736,0.280048,0.631752,0.903828,0.846732,0.679108,0.460257
0.831068,0.925887,0.803326,0.844931,0.785737,0.787435,0.397094,0.578527,0.419244,0.674687,0.667089,0.716704,0.889436,0.831013,0.613805,0.891101,0.867812,0.692539,0.528447,0.828241,0.782261,0.657839,0.593346,0.808921,0.496918,0.595919,0.741664,0.623307,0.171291,0.435624,0.316684,0.357876,0.65049,0.661905,0.461077,0.281971,-0.0124024,0.644266,0.764152,0.760456,0.582371,0.48148,0.869296,1,0.825147,0.718944,0.81638,0.689124,0.339202,0.588042,0.672893,0.736336,0.795813,0.697989,0.868698,0.920244,0.704054,0.86545,0.874258,0.211035,0.531183,0.639566,0.631823,0.838843,0.775964,0.575864,0.514314,0.860105,0.544351,0.802818,0.738881,0.630567,0.30167,0.657238,0.605033,0.720679,0.515689,0.242667,0.361852,0.203975,0.546153,0.776949,0.753634,0.696583,0.447777
0.955577,0.811637,0.978779,0.90948,0.847088,0.842134,0.569001,0.481693,0.340865,0.814573,0.764234,0.846871,0.860498,0.885777,0.660663,0.75572,0.892201,0.745063,0.663205,0.871772,0.889935,0.702394,0.719321,0.90873,0.411541,0.845149,0.907384,0.782319,0.457662,0.51921,0.403115,0.402629,0.76091,0.837966,0.519097,0.464544,0.236962,0.679308,0.942555,0.89589,0.679145,0.678629,0.944085,0.825147,1,0.921924,0.898167,0.837653,0.370951,0.659474,0.738904,0.814405,0.884869,0.743828,0.872988,0.831018,0.859348,0.825196,0.931402,0.252789,0.584142,0.754729,0.800682,0.922918,0.90646,0.501015,0.672079,0.93501,0.463614,0.798669,0.880687,0.77645,0.410931,0.589093,0.461795,0.815419,0.788532,0.433036,0.420978,0.357737,0.700213,0.927949,0.860677,0.645124,0.539946
0.885026,0.715875,0.919375,0.855567,0.769567,0.783047,0.492647,0.45544,0.377177,0.672152,0.665256,0.724503,0.76829,0.795162,0.529032,0.695647,0.808678,0.714345,0.581799,0.768335,0.830535,0.648189,0.668166,0.839302,0.225744,0.766452,0.827342,0.654738,0.349991,0.496911,0.260274,0.2455,0.740689,0.766602,0.58913,0.440177,0.267373,0.595522,0.890556,0.817627,0.600406,0.606085,0.829886,0.718944,0.921924,1,0.790105,0.708523,0.319531,0.560163,0.649951,0.702804,0.815919,0.654996,0.764794,0.754091,0.799618,0.740359,0.826984,0.30044,0.611485,0.746624,0.642756,0.829578,0.846898,0.420648,0.610797,0.849301,0.355086,0.711789,0.801552,0.688915,0.397872,0.482237,0.407294,0.792821,0.727843,0.313688,0.507342,0.282749,0.687075,0.849665,0.781556,0.474094,0.523779
0.882332,0.822034,0.861191,0.853614,0.778139,0.802601,0.394061,0.478733,0.371468,0.70732,0.707214,0.825201,0.818097,0.871158,0.574457,0.715348,0.786508,0.803176,0.602146,0.83617,0.792353,0.62979,0.707466,0.881551,0.490935,0.732634,0.853297,0.721796,0.364057,0.453901,0.374322,0.416243,0.651239,0.686549,0.396746,0.362501,0.0402054,0.670312,0.818372,0.836863,0.704453,0.515874,0.869785,0.81638,0.898167,0.790105,1,0.809704,0.326822,0.596104,0.716231,0.775236,0.775761,0.745113,0.817395,0.796261,0.792054,0.753744,0.872925,0.264859,0.614651,0.684793,0.773431,0.849734,0.812805,0.516538,0.649809,0.885244,0.439787,0.733754,0.804602,0.69976,0.484294,0.611782,0.487673,0.735295,0.664532,0.485203,0.258293,0.404345,0.694491,0.826123,0.781768,0.656828,0.439877
0.822563,0.717013,0.785807,0.728477,0.740272,0.705087,0.549744,0.491829,0.180105,0.717362,0.657467,0.703448,0.72617,0.813801,0.645412,0.639287,0.748164,0.572066,0.590056,0.757958,0.780697,0.585151,0.633735,0.769211,0.377749,0.714776,0.785548,0.725259,0.555372,0.427537,0.360675,0.53724,0.65814,0.722492,0.362692,0.330421,0.170281,0.668328,0.828661,0.770466,0.669021,0.623936,0.822845,0.689124,0.837653,0.708523,0.809704,1,0.330249,0.750368,0.701536,0.558721,0.715031,0.64888,0.732768,0.736713,0.771032,0.713296,0.793098,0.162226,0.482861,0.693036,0.788926,0.832529,0.755234,0.574222,0.614027,0.828292,0.494548,0.737187,0.863689,0.648038,0.506035,0.571025,0.312246,0.662053,0.734719,0.514306,0.214182,0.361385,0.559071,0.843257,0.775658,0.59357,0.534523
0.366751,0.287148,0.321171,0.414636,0.458395,0.202767,0.687356,0.465823,0.193577,0.396893,0.290273,0.527516,0.437908,0.393125,0.322483,0.486583,0.451332,0.363472,0.472478,0.339066,0.510867,0.215169,0.518082,0.510034,0.0456022,0.382286,0.312204,0.401301,0.126226,0.391308,0.146042,0.370011,0.295384,0.476591,0.363324,0.0846734,-0.0165325,0.202229,0.441603,0.386231,0.112069,0.442833,0.26485,0.339202,0.370951,0.319531,0.326822,0.330249,1,0.368578,0.37645,0.288232,0.389144,0.544755,0.435482,0.280014,0.364851,0.480276,0.411467,0.192448,0.163168,0.458688,0.470565,0.340314,0.491514,0.324503,0.574982,0.429921,0.143475,0.353049,0.345196,0.435365,0.313036,0.472587,0.424463,0.47392,0.333692,0.246845,0.00511155,0.0270486,0.28439,0.335657,0.210209,0.305051,0.368842
0.715557,0.639289,0.622975,0.619449,0.65223,0.453188,0.60901,0.543563,0.0873681,0.5359,0.517604,0.693853,0.760911,0.660124,0.720814,0.693964,0.743178,0.320419,0.503181,0.625421,0.713759,0.453525,0.545861,0.64951,0.2699,0.676903,0.60725,0.60722,0.489896,0.311746,0.316305,0.444494,0.618973,0.595637,0.514885,0.401595,0.13233,0.536239,0.698446,0.629763,0.593751,0.604958,0.631453,0.588042,0.659474,0.560163,0.596104,0.750368,0.368578,1,0.558689,0.544496,0.636427,0.62252,0.718724,0.594543,0.611706,0.738064,0.665485,0.238405,0.277611,0.659286,0.662324,0.68305,0.704216,0.459214,0.615705,0.721683,0.571105,0.664062,0.688266,0.583711,0.588845,0.598497,0.45656,0.576802,0.528487,0.50813,0.322893,0.21646,0.557776,0.68018,0.588482,0.442757,0.644452
0.757709,0.65039,0.696967,0.670946,0.643703,0.65834,0.461488,0.388811,0.174638,0.561439,0.542026,0.697806,0.695235,0.72188,0.594285,0.638305,0.664232,0.51022,0.419603,0.663104,0.626573,0.344233,0.55783,0.706099,0.582181,0.632834,0.647442,0.73046,0.216757,0.412531,0.431017,0.425162,0.653438,0.615074,0.383859,0.283977,0.173874,0.459893,0.726443,0.680638,0.641208,0.429054,0.705869,0.672893,0.738904,0.649951,0.716231,0.701536,0.37645,0.558689,1,0.609884,0.595812,0.715811,0.712238,0.677667,0.692328,0.683015,0.753022,0.107994,0.528232,0.613259,0.59781,0.666266,0.652888,0.320386,0.619791,0.701167,0.464059,0.627568,0.63944,0.596765,0.401801,0.568961,0.594707,0.633839,0.531147,0.350089,0.304234,0.154952,0.515512,0.767799,0.733408,0.554587,0.440841
0.833091,0.713967,0.845856,0.780836,0.755356,0.74617,0.459374,0.432533,0.418687,0.742842,0.769888,0.793173,0.782647,0.723751,0.611642,0.674597,0.799958,0.677511,0.53959,0.825516,0.77094,0.722876,0.613246,0.786298,0.500812,0.715607,0.792261,0.700592,0.243202,0.405955,0.422376,0.435062,0.648404,0.663439,0.432476,0.330129,0.192647,0.563584,0.780427,0.76852,0.656905,0.665844,0.760573,0.736336,0.814405,0.702804,0.775236,0.558721,0.288232,0.544496,0.609884,1,0.815244,0.649422,0.807477,0.728715,0.740723,0.717495,0.814019,0.357209,0.446581,0.547328,0.6224,0.767997,0.800993,0.403101,0.622927,0.806714,0.401152,0.568939,0.630989,0.731714,0.2628,0.484291,0.505439,0.669275,0.601474,0.361527,0.516279,0.359607,0.612833,0.778665,0.795828,0.633093,0.486055
0.881552,0.764944,0.896304,0.831104,0.826235,0.792959,0.514728,0.506706,0.495095,0.744994,0.730589,0.788275,0.867083,0.756728,0.58606,0.765425,0.900279,0.721895,0.646459,0.787089,0.894533,0.790281,0.599835,0.846143,0.343785,0.820786,0.820711,0.648674,0.319971,0.541781,0.331633,0.368529,0.725282,0.824343,0.527087,0.342255,0.208158,0.584792,0.87222,0.778745,0.635459,0.703708,0.835551,0.795813,0.884869,0.815919,0.775761,0.715031,0.389144,0.636427,0.595812,0.815244,1,0.720301,0.853563,0.758884,0.778559,0.823983,0.872781,0.491898,0.409316,0.717756,0.738027,0.850772,0.906865,0.551385,0.630708,0.867712,0.413096,0.728576,0.787845,0.798383,0.384969,0.546633,0.490095,0.815361,0.737212,0.499958,0.475304,0.313659,0.633897,0.811579,0.796036,0.695032,0.619435
