1,0.844495,0.961143,0.809203,0.832218,0.872383,0.627601,0.659144,0.828435,0.838708,0.8277,0.642348,0.824752,0.712367,0.714713,0.786642,0.908116,0.760019,0.85217,0.902055,0.917451,0.816291,0.896725,0.955842,0.695748,0.811922,0.849015,0.870372,0.620911,0.588851,0.120374,0.668023,0.832938,0.828992,0.636368,0.545377,0.232603,0.821256,0.917631,0.846887,0.606068,0.852598,0.958063,0.915622,0.959291,0.860795,0.814251,0.864749,0.713053,0.813603,0.574525,0.673452,0.714618,0.879831,0.873421,0.884507,0.833558,0.799337,0.919544,0.462412,0.46369,0.81846,0.810181,0.940945,0.897925,0.77654,0.875552,0.962635,0.598966,0.813452,0.883573,0.789246,0.537843,0.474339,0.46272,0.786456,0.871962,0.680929,0.585488,0.379589,0.759957,0.913989,0.903836,0.643588,0.792715
0.844495,1,0.828347,0.913236,0.762983,0.85515,0.731577,0.792633,0.725393,0.719902,0.742377,0.672023,0.821575,0.895051,0.727295,0.832905,0.804317,0.694168,0.717042,0.737883,0.742214,0.637379,0.81608,0.862263,0.755749,0.606205,0.815434,0.849825,0.607596,0.427427,0.132981,0.431873,0.640367,0.608432,0.427094,0.595084,0.208111,0.757798,0.807336,0.723688,0.465088,0.833415,0.840858,0.919471,0.822277,0.817841,0.701037,0.766972,0.68551,0.804284,0.556769,0.754409,0.677323,0.772621,0.867963,0.891938,0.803243,0.821536,0.85063,0.240205,0.435369,0.731732,0.562695,0.778805,0.72971,0.593083,0.813114,0.86923,0.696855,0.701605,0.864693,0.726266,0.427464,0.367037,0.356677,0.605444,0.67438,0.560192,0.52633,0.300618,0.616132,0.809547,0.809453,0.410234,0.634297
0.961143,0.828347,1,0.82922,0.852846,0.850417,0.666197,0.693029,0.82739,0.846905,0.833363,0.627094,0.833536,0.707084,0.728373,0.788941,0.895687,0.765135,0.851167,0.897333,0.906018,0.770739,0.88987,0.937288,0.659543,0.799667,0.877538,0.868637,0.627721,0.573564,0.130768,0.590758,0.854668,0.831804,0.605037,0.497573,0.3047,0.787299,0.937966,0.845102,0.516961,0.830928,0.968015,0.894408,0.960323,0.889627,0.801281,0.86227,0.761291,0.805498,0.542588,0.670866,0.698535,0.871124,0.856759,0.874425,0.79305,0.817666,0.89448,0.388925,0.541748,0.826274,0.819121,0.931672,0.884833,0.74854,0.854854,0.943536,0.6224,0.855277,0.868527,0.775407,0.606452,0.566609,0.422607,0.735706,0.850464,0.701411,0.493801,0.358238,0.763986,0.931172,0.890994,0.603911,0.763341
0.809203,0.913236,0.82922,1,0.753511,0.784876,0.786004,0.771609,0.622055,0.68862,0.735399,0.696576,0.790179,0.816845,0.719453,0.736102,0.768813,0.666562,0.700427,0.688374,0.701721,0.590099,0.795254,0.835069,0.702337,0.545693,0.781295,0.810436,0.467632,0.362664,0.0670809,0.377473,0.607426,0.566134,0.424356,0.497425,0.162291,0.676264,0.780891,0.668953,0.305287,0.760784,0.837153,0.85233,0.831322,0.824728,0.721331,0.728526,0.673995,0.738834,0.492468,0.727331,0.625099,0.75128,0.821219,0.836276,0.775363,0.774159,0.823185,0.150561,0.424911,0.738101,0.560639,0.750064,0.672249,0.554303,0.796193,0.825901,0.670735,0.729895,0.808882,0.725411,0.527017,0.403964,0.284753,0.581006,0.596875,0.455278,0.357363,0.2216,0.523861,0.758073,0.754719,0.344035,0.606783
0.832218,0.762983,0.852846,0.753511,1,0.760524,0.65888,0.66886,0.656691,0.793231,0.773959,0.498861,0.774605,0.618215,0.68256,0.73152,0.832919,0.656162,0.793597,0.747488,0.767314,0.603729,0.769328,0.840829,0.588136,0.729331,0.761521,0.67661,0.569386,0.550005,0.0936952,0.542496,0.702509,0.74709,0.492574,0.340596,0.358748,0.68753,0.837153,0.731173,0.475403,0.769128,0.881783,0.766064,0.856927,0.757506,0.812692,0.745913,0.665466,0.768945,0.476292,0.716443,0.712849,0.75517,0.814032,0.74701,0.688006,0.755456,0.82963,0.463395,0.46564,0.678451,0.711889,0.823595,0.794349,0.643089,0.775897,0.861803,0.606629,0.68167,0.803148,0.715763,0.534666,0.63886,0.34631,0.678893,0.713945,0.576217,0.378503,0.207986,0.608489,0.84315,0.805713,0.651865,0.693702
0.872383,0.85515,0.850417,0.784876,0.760524,1,0.606545,0.790687,0.846007,0.669955,0.707785,0.651483,0.750127,0.804846,0.813934,0.791475,0.752594,0.683816,0.801723,0.787836,0.807217,0.69943,0.856559,0.906277,0.763482,0.708505,0.843694,0.843034,0.612903,0.466496,0.133568,0.541951,0.698315,0.628693,0.51362,0.593065,0.273933,0.687339,0.80911,0.811072,0.513484,0.821639,0.83041,0.861614,0.815905,0.795104,0.701009,0.837647,0.61355,0.858985,0.623052,0.691792,0.632624,0.847835,0.807271,0.863346,0.850867,0.815192,0.774241,0.312793,0.36106,0.775644,0.669962,0.81402,0.812993,0.682724,0.840186,0.905319,0.689136,0.681593,0.852969,0.709071,0.434093,0.251615,0.30243,0.682693,0.698468,0.552537,0.487106,0.4124,0.690332,0.845722,0.831872,0.43592,0.649136
0.627601,0.731577,0.666197,0.786004,0.65888,0.606545,1,0.693945,0.531734,0.56988,0.611819,0.496585,0.659466,0.61729,0.570531,0.67351,0.63072,0.602524,0.617147,0.663616,0.628235,0.541444,0.693485,0.660189,0.596883,0.478694,0.715374,0.647154,0.361179,0.416993,0.00880685,0.319194,0.53684,0.459009,0.277585,0.441938,0.308182,0.636099,0.656605,0.64338,0.292438,0.683236,0.690121,0.711558,0.657394,0.591807,0.600164,0.536177,0.65525,0.696759,0.472614,0.566489,0.458778,0.574375,0.633575,0.619953,0.560366,0.742883,0.614174,-0.0162034,0.353904,0.691831,0.469127,0.620442,0.594105,0.59821,0.64861,0.680902,0.678797,0.648744,0.620386,0.699932,0.485728,0.478897,0.416021,0.378049,0.52392,0.422991,0.21882,0.408219,0.529056,0.630718,0.574937,0.370757,0.533848
0.659144,0.792633,0.693029,0.771609,0.66886,0.790687,0.693945,1,0.619398,0.463504,0.51817,0.510201,0.607945,0.825958,0.63989,0.692361,0.604577,0.414,0.53583,0.586,0.528228,0.479318,0.658567,0.739311,0.558445,0.570671,0.777095,0.665827,0.462127,0.342393,0.265643,0.299491,0.50105,0.364983,0.380341,0.463587,0.209337,0.63732,0.638554,0.67233,0.323314,0.685582,0.701217,0.734178,0.661819,0.658937,0.678404,0.614809,0.536534,0.776767,0.518326,0.573879,0.459232,0.631555,0.635394,0.746813,0.690435,0.723826,0.614797,0.0543193,0.279786,0.613546,0.463512,0.610698,0.583148,0.484649,0.681943,0.734377,0.688758,0.571704,0.650515,0.590298,0.307983,0.293165,0.335393,0.41156,0.514909,0.327495,0.197688,0.336644,0.522312,0.696364,0.702886,0.260106,0.529624
0.828435,0.725393,0.82739,0.622055,0.656691,0.846007,0.531734,0.619398,1,0.727752,0.73307,0.590334,0.769208,0.644772,0.661775,0.767885,0.756725,0.730479,0.722657,0.824009,0.851126,0.731267,0.833137,0.812921,0.586059,0.691218,0.772453,0.813804,0.63899,0.45362,0.239488,0.542448,0.823232,0.696291,0.491457,0.52374,0.283915,0.659513,0.842764,0.801997,0.488958,0.732767,0.798751,0.795874,0.768543,0.730166,0.601886,0.834511,0.646534,0.757426,0.455042,0.523077,0.622441,0.78094,0.759327,0.829496,0.699138,0.791416,0.744568,0.35506,0.434619,0.717896,0.690845,0.803217,0.809273,0.733778,0.758106,0.832655,0.587799,0.700009,0.80347,0.697414,0.495609,0.346196,0.477812,0.714524,0.793251,0.635821,0.509441,0.438891,0.705606,0.83191,0.804482,0.404889,0.637991
0.838708,0.719902,0.846905,0.68862,0.793231,0.669955,0.56988,0.463504,0.727752,1,0.863518,0.634939,0.827823,0.509658,0.595915,0.708486,0.892801,0.773908,0.796165,0.802812,0.860112,0.681891,0.824146,0.77922,0.603585,0.648953,0.67824,0.715433,0.611178,0.569875,0.128321,0.566627,0.804598,0.811818,0.418045,0.401246,0.318893,0.702314,0.855779,0.72044,0.465403,0.783754,0.852038,0.801502,0.849659,0.789764,0.72523,0.859253,0.748882,0.712355,0.317214,0.661211,0.714134,0.821489,0.824563,0.779939,0.636979,0.746016,0.863555,0.5282,0.583092,0.691196,0.722262,0.845812,0.79898,0.650676,0.743201,0.836979,0.518452,0.805812,0.792294,0.742686,0.647832,0.606532,0.39071,0.727105,0.803045,0.668217,0.589343,0.280052,0.655841,0.808174,0.762637,0.645394,0.698968
0.8277,0.742377,0.833363,0.735399,0.773959,0.707785,0.611819,0.51817,0.73307,0.863518,1,0.734842,0.887411,0.559443,0.642847,0.698432,0.879182,0.749549,0.784936,0.790044,0.835818,0.671759,0.799091,0.792012,0.653379,0.590828,0.661474,0.757595,0.536405,0.531242,0.109895,0.597941,0.755578,0.768386,0.364731,0.479552,0.389412,0.717198,0.811541,0.669395,0.414826,0.731396,0.835911,0.84121,0.842779,0.831182,0.716376,0.801947,0.695093,0.67411,0.333854,0.752911,0.848159,0.824499,0.882512,0.785248,0.69075,0.77704,0.882997,0.368773,0.473422,0.67801,0.656018,0.806963,0.755461,0.773301,0.748045,0.832321,0.542564,0.726909,0.801252,0.75023,0.674021,0.525343,0.318972,0.728322,0.737164,0.635676,0.468257,0.278926,0.635619,0.789724,0.739173,0.530611,0.625094
0.642348,0.672023,0.627094,0.696576,0.498861,0.651483,0.496585,0.510201,0.590334,0.634939,0.734842,1,0.806629,0.509906,0.61929,0.603094,0.656433,0.580806,0.655229,0.588619,0.696455,0.444213,0.762816,0.718228,0.599231,0.458437,0.556336,0.726962,0.418129,0.324714,0.0349453,0.513883,0.604044,0.554254,0.241996,0.562605,0.340188,0.516961,0.656844,0.580962,0.328624,0.677788,0.659759,0.728682,0.684235,0.590668,0.56261,0.612832,0.520872,0.543478,0.366448,0.704049,0.686656,0.808908,0.737318,0.660186,0.711371,0.6329,0.743787,0.233971,0.325814,0.648586,0.472268,0.626174,0.594481,0.53139,0.678547,0.714456,0.552251,0.595506,0.70359,0.616675,0.574592,0.174232,0.184561,0.587744,0.586852,0.495764,0.498965,0.207461,0.406411,0.635181,0.614418,0.261521,0.539203
0.824752,0.821575,0.833536,0.790179,0.774605,0.750127,0.659466,0.607945,0.769208,0.827823,0.887411,0.806629,1,0.634054,0.702887,0.807004,0.880006,0.724242,0.801149,0.800245,0.864659,0.68659,0.826407,0.83316,0.631681,0.622066,0.725209,0.835852,0.603076,0.464878,0.140203,0.623742,0.79424,0.782569,0.46022,0.471903,0.364477,0.689106,0.853897,0.77599,0.412452,0.794749,0.86306,0.88089,0.855209,0.769609,0.740769,0.765732,0.711596,0.727439,0.433987,0.783078,0.83136,0.856328,0.922855,0.817568,0.764574,0.830808,0.891068,0.313903,0.387855,0.717397,0.729612,0.819624,0.820738,0.752706,0.767481,0.84785,0.653121,0.707937,0.789249,0.758999,0.680438,0.445339,0.388752,0.755873,0.768955,0.700421,0.567661,0.341996,0.624309,0.851602,0.793952,0.452183,0.700998
0.712367,0.895051,0.707084,0.816845,0.618215,0.804846,0.61729,0.825958,0.644772,0.509658,0.559443,0.509906,0.634054,1,0.664319,0.76797,0.595909,0.470841,0.560709,0.596749,0.555601,0.518623,0.658225,0.763419,0.669037,0.535675,0.714961,0.725815,0.583094,0.250146,0.219697,0.223117,0.478392,0.395739,0.311313,0.623457,0.182257,0.672761,0.66966,0.629046,0.367527,0.730825,0.715094,0.812567,0.666562,0.727616,0.620192,0.658034,0.463947,0.738619,0.531157,0.613641,0.470429,0.629792,0.686546,0.87089,0.682746,0.725847,0.66775,0.087412,0.316261,0.601994,0.422221,0.612412,0.571114,0.450468,0.694757,0.746861,0.562794,0.586779,0.73267,0.521013,0.276878,0.159463,0.28992,0.449631,0.514195,0.395942,0.413377,0.313907,0.52772,0.700981,0.704049,0.18624,0.461696
0.714713,0.727295,0.728373,0.719453,0.68256,0.813934,0.570531,0.63989,0.661775,0.595915,0.642847,0.61929,0.702887,0.664319,1,0.704592,0.61175,0.634262,0.814741,0.66744,0.6962,0.495018,0.705436,0.784571,0.689056,0.620608,0.654942,0.690436,0.480504,0.391515,0.220192,0.404878,0.578829,0.58962,0.383719,0.588207,0.348638,0.629796,0.646584,0.682752,0.306557,0.70203,0.700652,0.735397,0.714527,0.696741,0.606117,0.718401,0.498573,0.695569,0.471781,0.602425,0.540912,0.761396,0.742105,0.709132,0.730838,0.754833,0.721336,0.2666,0.275415,0.653789,0.580779,0.72351,0.694721,0.548955,0.715591,0.763339,0.62503,0.550053,0.721373,0.580604,0.479118,0.225523,0.0770948,0.610729,0.531842,0.550792,0.371541,0.281127,0.474397,0.729465,0.654068,0.291132,0.536298
0.786642,0.832905,0.788941,0.736102,0.73152,0.791475,0.67351,0.692361,0.767885,0.708486,0.698432,0.603094,0.807004,0.76797,0.704592,1,0.772403,0.717087,0.755261,0.805918,0.792277,0.666795,0.795816,0.8606,0.717553,0.734949,0.829607,0.781237,0.80419,0.35914,0.300372,0.435729,0.720484,0.636342,0.37929,0.568708,0.430993,0.717745,0.844682,0.816462,0.494939,0.865631,0.828595,0.865977,0.790928,0.698568,0.717797,0.720993,0.581251,0.779665,0.546455,0.642983,0.610194,0.773338,0.794224,0.802164,0.672265,0.894803,0.788269,0.239644,0.434589,0.696677,0.708465,0.835246,0.824839,0.687893,0.68908,0.798931,0.559841,0.661212,0.757984,0.667148,0.526453,0.367034,0.551936,0.680664,0.749946,0.644641,0.558177,0.502893,0.63861,0.852992,0.796149,0.387864,0.668883
0.908116,0.804317,0.895687,0.768813,0.832919,0.752594,0.63072,0.604577,0.756725,0.892801,0.879182,0.656433,0.880006,0.595909,0.61175,0.772403,1,0.772399,0.760127,0.880265,0.880484,0.798171,0.847481,0.85232,0.642513,0.731609,0.762911,0.807516,0.635161,0.55687,0.134842,0.660519,0.822746,0.811405,0.604425,0.43993,0.243562,0.773467,0.89142,0.804104,0.566434,0.801118,0.907018,0.880215,0.905762,0.835794,0.787792,0.797462,0.751144,0.742002,0.508258,0.746775,0.813156,0.849082,0.896855,0.816474,0.757217,0.811126,0.930397,0.481071,0.477113,0.783192,0.812193,0.904423,0.879411,0.774609,0.801967,0.881974,0.620203,0.799726,0.843503,0.820873,0.625442,0.543474,0.498041,0.767069,0.846859,0.678061,0.545304,0.306496,0.68763,0.874659,0.83325,0.63443,0.748765
0.760019,0.694168,0.765135,0.666562,0.656162,0.683816,0.602524,0.414,0.730479,0.773908,0.749549,0.580806,0.724242,0.470841,0.634262,0.717087,0.772399,1,0.761118,0.779011,0.824372,0.686165,0.828596,0.744662,0.692784,0.646275,0.699818,0.718252,0.624473,0.429056,0.108963,0.527432,0.737377,0.715354,0.394543,0.539995,0.319676,0.656559,0.778095,0.657355,0.440775,0.68156,0.726986,0.743464,0.753372,0.665529,0.49575,0.70696,0.707062,0.579586,0.497156,0.537738,0.637816,0.768549,0.762373,0.638424,0.702359,0.750583,0.764034,0.412144,0.57701,0.756757,0.655565,0.828315,0.772826,0.664691,0.690791,0.731848,0.472967,0.691683,0.727452,0.682691,0.570483,0.469758,0.369158,0.717913,0.727592,0.69406,0.47447,0.333492,0.540969,0.7325,0.662156,0.579695,0.700756
0.85217,0.717042,0.851167,0.700427,0.793597,0.801723,0.617147,0.53583,0.722657,0.796165,0.784936,0.655229,0.801149,0.560709,0.814741,0.755261,0.760127,0.761118,1,0.827899,0.90492,0.684489,0.852023,0.878564,0.706737,0.725343,0.754286,0.728567,0.618708,0.557991,0.128846,0.651536,0.786871,0.800968,0.399097,0.513665,0.510572,0.700791,0.81898,0.775854,0.436229,0.811239,0.849191,0.807149,0.877915,0.738009,0.754691,0.804986,0.601533,0.744012,0.492731,0.656228,0.638043,0.860991,0.80414,0.729966,0.76048,0.782676,0.820108,0.40501,0.41745,0.714096,0.743279,0.856961,0.84515,0.713387,0.767738,0.862351,0.4962,0.671604,0.743708,0.717549,0.596426,0.462194,0.271325,0.778812,0.766478,0.667336,0.536972,0.382804,0.683042,0.83974,0.787324,0.599498,0.735936
0.902055,0.737883,0.897333,0.688374,0.747488,0.787836,0.663616,0.586,0.824009,0.802812,0.790044,0.588619,0.800245,0.596749,0.66744,0.805918,0.880265,0.779011,0.827899,1,0.938705,0.851102,0.870098,0.873219,0.622561,0.78356,0.814368,0.813948,0.672136,0.640737,0.0798159,0.687844,0.890499,0.818388,0.598227,0.557467,0.342917,0.813086,0.904612,0.890358,0.610423,0.833422,0.892929,0.873868,0.889002,0.797678,0.783429,0.786122,0.689726,0.739432,0.561139,0.631157,0.694675,0.838218,0.812844,0.776128,0.721585,0.821202,0.842528,0.399365,0.430137,0.794747,0.826718,0.913869,0.93116,0.864291,0.779662,0.876903,0.553631,0.804955,0.77508,0.765316,0.601357,0.500053,0.558629,0.754279,0.896966,0.776876,0.531411,0.491126,0.773674,0.912541,0.855953,0.643076,0.788509
0.917451,0.742214,0.906018,0.701721,0.767314,0.807217,0.628235,0.528228,0.851126,0.860112,0.835818,0.696455,0.864659,0.555601,0.6962,0.792277,0.880484,0.824372,0.90492,0.938705,1,0.838355,0.92493,0.890824,0.655448,0.754518,0.803489,0.845498,0.634685,0.55447,0.0635185,0.698605,0.906405,0.860515,0.550327,0.506498,0.411243,0.7343,0.928662,0.875658,0.560342,0.830387,0.903995,0.862041,0.907067,0.766117,0.741876,0.838448,0.692458,0.768617,0.557691,0.656525,0.707509,0.894356,0.860066,0.795151,0.771908,0.83176,0.866879,0.426414,0.490669,0.816443,0.83094,0.926026,0.935954,0.831043,0.803346,0.898743,0.560767,0.795963,0.819473,0.811421,0.637044,0.48077,0.489306,0.828021,0.892157,0.750125,0.600608,0.466717,0.750312,0.900635,0.84652,0.624643,0.783329
0.816291,0.637379,0.770739,0.590099,0.603729,0.69943,0.541444,0.479318,0.731267,0.681891,0.671759,0.444213,0.68659,0.518623,0.495018,0.666795,0.798171,0.686165,0.684489,0.851102,0.838355,1,0.750234,0.722484,0.617101,0.65602,0.692924,0.688472,0.545211,0.488748,0.0167318,0.69336,0.771217,0.657979,0.623824,0.392372,0.148858,0.693194,0.770196,0.743093,0.515612,0.661466,0.782907,0.756221,0.785563,0.69712,0.67879,0.65468,0.561439,0.688477,0.603846,0.521396,0.584732,0.735114,0.718599,0.685278,0.691248,0.738168,0.736935,0.32407,0.332188,0.702499,0.761942,0.799664,0.857209,0.844553,0.654887,0.757176,0.455365,0.664009,0.641785,0.657033,0.44666,0.361813,0.604046,0.72643,0.774541,0.572658,0.509959,0.465029,0.762638,0.775088,0.687856,0.553113,0.690411
0.896725,0.81608,0.88987,0.795254,0.769328,0.856559,0.693485,0.658567,0.833137,0.824146,0.799091,0.762816,0.826407,0.658225,0.705436,0.795816,0.847481,0.828596,0.852023,0.870098,0.92493,0.750234,1,0.915796,0.735342,0.745604,0.847387,0.868612,0.637825,0.506586,0.130989,0.588971,0.842468,0.771735,0.488502,0.573379,0.380318,0.732471,0.909226,0.848259,0.55579,0.853719,0.892888,0.884272,0.886312,0.757027,0.73631,0.843379,0.718749,0.796999,0.57103,0.726119,0.67926,0.92022,0.849295,0.830058,0.805115,0.835802,0.861913,0.419195,0.576102,0.826815,0.745289,0.891271,0.883261,0.725533,0.843908,0.917205,0.555334,0.81894,0.868998,0.774143,0.561156,0.453347,0.410306,0.778376,0.845773,0.645265,0.556665,0.436939,0.692766,0.879457,0.880559,0.548768,0.804975
0.955842,0.862263,0.937288,0.835069,0.840829,0.906277,0.660189,0.739311,0.812921,0.77922,0.792012,0.718228,0.83316,0.763419,0.784571,0.8606,0.85232,0.744662,0.878564,0.873219,0.890824,0.722484,0.915796,1,0.740629,0.827725,0.888763,0.878683,0.683246,0.551168,0.190859,0.618332,0.798268,0.789338,0.557456,0.620409,0.341764,0.805044,0.909145,0.864286,0.579617,0.903225,0.945072,0.918714,0.939878,0.830532,0.818677,0.842922,0.668271,0.826445,0.588905,0.717575,0.697557,0.908179,0.868183,0.86856,0.847466,0.838456,0.901316,0.407948,0.45186,0.813758,0.786624,0.928755,0.887117,0.739264,0.874416,0.96443,0.61567,0.782601,0.883515,0.748774,0.55137,0.443538,0.434929,0.768941,0.84597,0.673707,0.557984,0.404017,0.702899,0.922163,0.91906,0.569329,0.79916
0.695748,0.755749,0.659543,0.702337,0.588136,0.763482,0.596883,0.558445,0.586059,0.603585,0.653379,0.599231,0.631681,0.669037,0.689056,0.717553,0.642513,0.692784,0.706737,0.622561,0.655448,0.617101,0.735342,0.740629,1,0.584244,0.691681,0.62234,0.575013,0.402017,0.255868,0.410138,0.498955,0.457523,0.225164,0.536513,0.397784,0.66374,0.60267,0.586893,0.399231,0.752953,0.653126,0.782797,0.652578,0.61698,0.586569,0.667118,0.456478,0.719398,0.514487,0.627694,0.55529,0.741208,0.688264,0.668676,0.721701,0.743717,0.706305,0.269332,0.486989,0.687617,0.453066,0.670887,0.68697,0.633167,0.66749,0.737406,0.508012,0.545216,0.708311,0.502778,0.363978,0.252583,0.200819,0.630844,0.550248,0.41461,0.526551,0.454929,0.549288,0.64274,0.604709,0.348213,0.526446
0.811922,0.606205,0.799667,0.545693,0.729331,0.708505,0.478694,0.570671,0.691218,0.648953,0.590828,0.458437,0.622066,0.535675,0.620608,0.734949,0.731609,0.646275,0.725343,0.78356,0.754518,0.65602,0.745604,0.827725,0.584244,1,0.754963,0.616559,0.654053,0.533768,0.281008,0.605956,0.741794,0.692456,0.592662,0.486762,0.314643,0.771567,0.78011,0.773404,0.684257,0.714503,0.806871,0.734846,0.795215,0.570816,0.737008,0.626218,0.477577,0.626422,0.625301,0.43452,0.535051,0.767238,0.623203,0.647587,0.685518,0.647107,0.738869,0.551337,0.484118,0.760893,0.779342,0.85262,0.815617,0.66101,0.724474,0.79726,0.434315,0.677987,0.669274,0.566175,0.403477,0.429979,0.448233,0.692249,0.827843,0.687109,0.538517,0.426285,0.654676,0.804983,0.751367,0.653744,0.795686
0.849015,0.815434,0.877538,0.781295,0.761521,0.843694,0.715374,0.777095,0.772453,0.67824,0.661474,0.556336,0.725209,0.714961,0.654942,0.829607,0.762911,0.699818,0.754286,0.814368,0.803489,0.692924,0.847387,0.888763,0.691681,0.754963,1,0.799962,0.616942,0.442007,0.15006,0.473705,0.734097,0.645731,0.451015,0.460205,0.297551,0.689813,0.835175,0.840845,0.478488,0.84422,0.863808,0.838794,0.810388,0.740812,0.717152,0.771168,0.699795,0.82204,0.609456,0.564989,0.524945,0.810595,0.737194,0.75608,0.753815,0.838172,0.737099,0.186942,0.535042,0.805674,0.700604,0.832934,0.826844,0.68214,0.78679,0.864996,0.647519,0.746136,0.76702,0.700504,0.478253,0.496405,0.487664,0.619194,0.756472,0.544079,0.363403,0.512783,0.759003,0.85015,0.835422,0.521222,0.722809
0.870372,0.849825,0.868637,0.810436,0.67661,0.843034,0.647154,0.665827,0.813804,0.715433,0.757595,0.726962,0.835852,0.725815,0.690436,0.781237,0.807516,0.718252,0.728567,0.813948,0.845498,0.688472,0.868612,0.878683,0.62234,0.616559,0.799962,1,0.538429,0.437657,0.096665,0.49776,0.736934,0.744507,0.57561,0.615081,0.204393,0.677121,0.850883,0.800561,0.522732,0.80811,0.848807,0.859245,0.836443,0.825952,0.635601,0.784216,0.70065,0.77715,0.527391,0.752355,0.693172,0.814332,0.879894,0.85181,0.790221,0.791294,0.814683,0.259496,0.383412,0.755278,0.728873,0.841311,0.790566,0.67863,0.772559,0.861941,0.647545,0.772118,0.857897,0.751205,0.551743,0.362773,0.377729,0.637412,0.747155,0.673639,0.522745,0.35528,0.661799,0.836727,0.844141,0.38687,0.691575
0.620911,0.607596,0.627721,0.467632,0.569386,0.612903,0.361179,0.462127,0.63899,0.611178,0.536405,0.418129,0.603076,0.583094,0.480504,0.80419,0.635161,0.624473,0.618708,0.672136,0.634685,0.545211,0.637825,0.683246,0.575013,0.654053,0.616942,0.538429,1,0.390592,0.327414,0.484449,0.658617,0.585066,0.34983,0.478398,0.382417,0.625351,0.693947,0.623991,0.521643,0.713724,0.636253,0.689439,0.625,0.544587,0.561801,0.600314,0.414968,0.498279,0.44056,0.512815,0.582207,0.603763,0.568675,0.604879,0.538076,0.641615,0.608216,0.453999,0.403829,0.534374,0.624057,0.679719,0.706339,0.52259,0.511558,0.603577,0.263779,0.531921,0.54793,0.389725,0.526242,0.275744,0.445341,0.620956,0.693623,0.634777,0.607631,0.407303,0.50681,0.699508,0.662968,0.454207,0.609261
0.588851,0.427427,0.573564,0.362664,0.550005,0.466496,0.416993,0.342393,0.45362,0.569875,0.531242,0.324714,0.464878,0.250146,0.391515,0.35914,0.55687,0.429056,0.557991,0.640737,0.55447,0.488748,0.506586,0.551168,0.402017,0.533768,0.442007,0.437657,0.390592,1,0.0279698,0.663772,0.56597,0.630566,0.513936,0.367299,0.103682,0.675333,0.528269,0.485705,0.497766,0.575081,0.580941,0.543628,0.601457,0.54415,0.617156,0.499452,0.468937,0.439516,0.212347,0.455173,0.606479,0.500413,0.51052,0.369913,0.460923,0.352218,0.575814,0.497739,0.248605,0.413975,0.501884,0.573992,0.580572,0.636557,0.563125,0.621752,0.368671,0.562361,0.464349,0.370373,0.32549,0.558195,0.29251,0.43674,0.657043,0.647062,0.448607,0.278762,0.570989,0.530282,0.562001,0.741695,0.662141
0.120374,0.132981,0.130768,0.0670809,0.0936952,0.133568,0.00880685,0.265643,0.239488,0.128321,0.109895,0.0349453,0.140203,0.219697,0.220192,0.300372,0.134842,0.108963,0.128846,0.0798159,0.0635185,0.0167318,0.130989,0.190859,0.255868,0.281008,0.15006,0.096665,0.327414,0.0279698,1,-0.117147,0.0941661,0.0795482,-0.0282249,0.183313,0.230139,0.220822,0.0834819,0.14129,0.0119321,0.23765,0.129278,0.180205,0.107563,0.0845795,0.182744,0.212525,-0.0153014,0.225555,-0.131544,0.0121285,0.0402854,0.161687,0.163794,0.221364,0.119894,0.256393,0.197846,0.146158,0.277598,-0.00265559,0.119311,0.196054,0.179762,0.0660964,-0.0029757,0.114964,-0.114297,0.0221376,0.0935211,-0.0746734,0.0408888,0.0867448,0.022406,0.271415,0.175939,0.0710982,0.142273,0.268617,0.0174572,0.148935,0.253904,-0.133491,0.200961
0.668023,0.431873,0.590758,0.377473,0.542496,0.541951,0.319194,0.299491,0.542448,0.566627,0.597941,0.513883,0.623742,0.223117,0.404878,0.435729,0.660519,0.527432,0.651536,0.687844,0.698605,0.69336,0.588971,0.618332,0.410138,0.605956,0.473705,0.49776,0.484449,0.663772,-0.117147,1,0.706861,0.68417,0.588964,0.355884,0.10418,0.617711,0.60145,0.595972,0.609214,0.54854,0.612458,0.566975,0.675475,0.526846,0.642785,0.490028,0.421749,0.431706,0.444948,0.507042,0.6871,0.642841,0.580138,0.416711,0.646545,0.454344,0.620552,0.575192,0.0765673,0.583169,0.678338,0.649419,0.691251,0.713336,0.61045,0.653249,0.393379,0.508482,0.48985,0.571092,0.474357,0.339559,0.379393,0.655817,0.744703,0.667415,0.53259,0.209095,0.642741,0.632637,0.579965,0.696238,0.714208
0.832938,0.640367,0.854668,0.607426,0.702509,0.698315,0.53684,0.50105,0.823232,0.804598,0.755578,0.604044,0.79424,0.478392,0.578829,0.720484,0.822746,0.737377,0.786871,0.890499,0.906405,0.771217,0.842468,0.798268,0.498955,0.741794,0.734097,0.736934,0.658617,0.56597,0.0941661,0.706861,1,0.859224,0.552067,0.437107,0.352892,0.737241,0.902259,0.828084,0.561522,0.736188,0.853414,0.771633,0.852886,0.700108,0.736046,0.745015,0.639456,0.661409,0.435478,0.553346,0.686113,0.824251,0.748604,0.746894,0.695039,0.754556,0.803565,0.516177,0.484349,0.72589,0.830792,0.857534,0.887006,0.757302,0.716384,0.813589,0.472785,0.774785,0.732998,0.724973,0.702073,0.530539,0.546208,0.819403,0.908093,0.778409,0.53072,0.42818,0.727198,0.870039,0.838944,0.602555,0.812665
0.828992,0.608432,0.831804,0.566134,0.74709,0.628693,0.459009,0.364983,0.696291,0.811818,0.768386,0.554254,0.782569,0.395739,0.58962,0.636342,0.811405,0.715354,0.800968,0.818388,0.860515,0.657979,0.771735,0.789338,0.457523,0.692456,0.645731,0.744507,0.585066,0.630566,0.0795482,0.68417,0.859224,1,0.617208,0.431582,0.360094,0.69196,0.836058,0.75704,0.565493,0.712638,0.825248,0.726439,0.840416,0.70595,0.645588,0.735469,0.665701,0.575313,0.31361,0.634508,0.738456,0.780653,0.810735,0.667993,0.617723,0.679756,0.826743,0.611254,0.473753,0.633188,0.846523,0.874261,0.848501,0.721644,0.681506,0.794094,0.41249,0.698472,0.737035,0.66312,0.657644,0.587292,0.371891,0.754521,0.850987,0.809548,0.567492,0.318943,0.593721,0.819596,0.833367,0.688966,0.783566
0.636368,0.427094,0.605037,0.424356,0.492574,0.51362,0.277585,0.380341,0.491457,0.418045,0.364731,0.241996,0.46022,0.311313,0.383719,0.37929,0.604425,0.394543,0.399097,0.598227,0.550327,0.623824,0.488502,0.557456,0.225164,0.592662,0.451015,0.57561,0.34983,0.513936,-0.0282249,0.588964,0.552067,0.617208,1,0.206987,-0.185859,0.512188,0.574773,0.597483,0.539665,0.365597,0.584937,0.509096,0.613925,0.501202,0.476665,0.466939,0.443411,0.394402,0.50931,0.407183,0.478642,0.467316,0.527245,0.44877,0.517328,0.361231,0.545681,0.450405,0.117659,0.521063,0.754457,0.647124,0.641935,0.550209,0.528973,0.55163,0.415166,0.516235,0.479338,0.457431,0.259994,0.275575,0.400109,0.538306,0.643032,0.57614,0.42149,0.203967,0.408509,0.602567,0.579568,0.503131,0.612981
0.545377,0.595084,0.497573,0.497425,0.340596,0.593065,0.441938,0.463587,0.52374,0.401246,0.479552,0.562605,0.471903,0.623457,0.588207,0.568708,0.43993,0.539995,0.513665,0.557467,0.506498,0.392372,0.573379,0.620409,0.536513,0.486762,0.460205,0.615081,0.478398,0.367299,0.183313,0.355884,0.437107,0.431582,0.206987,1,0.193148,0.668144,0.483617,0.489913,0.450286,0.600851,0.492161,0.606078,0.50029,0.563536,0.372529,0.428285,0.274453,0.417356,0.471792,0.452514,0.445119,0.610879,0.570269,0.575293,0.623456,0.528934,0.543115,0.235909,0.219177,0.548388,0.3821,0.547754,0.465483,0.432601,0.56936,0.581385,0.380626,0.489763,0.589328,0.390775,0.334407,0.0319322,0.199886,0.393288,0.510151,0.587713,0.437359,0.294595,0.376604,0.498028,0.508237,0.252526,0.494533
0.232603,0.208111,0.3047,0.162291,0.358748,0.273933,0.308182,0.209337,0.283915,0.318893,0.389412,0.340188,0.364477,0.182257,0.348638,0.430993,0.243562,0.319676,0.510572,0.342917,0.411243,0.148858,0.380318,0.341764,0.397784,0.314643,0.297551,0.204393,0.382417,0.103682,0.230139,0.10418,0.352892,0.360094,-0.185859,0.193148,1,0.269592,0.338795,0.337155,0.0899742,0.371712,0.30405,0.321739,0.309176,0.129359,0.260239,0.294724,0.175761,0.324585,0.115875,0.31037,0.268294,0.364167,0.310054,0.273469,0.163713,0.453233,0.301883,0.119234,0.385841,0.267367,0.215164,0.325701,0.39808,0.37727,0.178512,0.304841,0.112474,0.126789,0.283742,0.273725,0.360665,0.238678,0.0607943,0.318236,0.272831,0.269716,0.212778,0.331959,0.188512,0.410256,0.320543,0.111234,0.172173
0.821256,0.757798,0.787299,0.676264,0.68753,0.687339,0.636099,0.63732,0.659513,0.702314,0.717198,0.516961,0.689106,0.672761,0.629796,0.717745,0.773467,0.656559,0.700791,0.813086,0.7343,0.693194,0.732471,0.805044,0.66374,0.771567,0.689813,0.677121,0.625351,0.675333,0.220822,0.617711,0.737241,0.69196,0.512188,0.668144,0.269592,1,0.742383,0.721654,0.65574,0.758302,0.789034,0.830056,0.796955,0.735333,0.746938,0.654325,0.528377,0.644575,0.541164,0.574769,0.682993,0.732309,0.731823,0.736278,0.748155,0.700616,0.803937,0.494603,0.387191,0.732645,0.652109,0.803246,0.767378,0.741088,0.766623,0.821382,0.550536,0.7307,0.730642,0.642214,0.483458,0.468507,0.511623,0.652969,0.800295,0.723218,0.562055,0.430573,0.672802,0.778621,0.75672,0.612714,0.779202
0.917631,0.807336,0.937966,0.780891,0.837153,0.80911,0.656605,0.638554,0.842764,0.855779,0.811541,0.656844,0.853897,0.66966,0.646584,0.844682,0.89142,0.778095,0.81898,0.904612,0.928662,0.770196,0.909226,0.909145,0.60267,0.78011,0.835175,0.850883,0.693947,0.528269,0.0834819,0.60145,0.902259,0.836058,0.574773,0.483617,0.338795,0.742383,1,0.871808,0.575959,0.840781,0.953218,0.877326,0.929772,0.807413,0.800574,0.820361,0.708929,0.766446,0.514435,0.680203,0.721913,0.856475,0.854455,0.856472,0.729075,0.82852,0.887215,0.429442,0.563221,0.784409,0.836228,0.928401,0.892998,0.742728,0.814282,0.911273,0.580282,0.853623,0.872141,0.780339,0.61247,0.564443,0.526547,0.790145,0.89898,0.736052,0.556423,0.407421,0.708026,0.915118,0.905773,0.609326,0.793023
0.846887,0.723688,0.845102,0.668953,0.731173,0.811072,0.64338,0.67233,0.801997,0.72044,0.669395,0.580962,0.77599,0.629046,0.682752,0.816462,0.804104,0.657355,0.775854,0.890358,0.875658,0.743093,0.848259,0.864286,0.586893,0.773404,0.840845,0.800561,0.623991,0.485705,0.14129,0.595972,0.828084,0.75704,0.597483,0.489913,0.337155,0.721654,0.871808,1,0.594103,0.829918,0.854515,0.836338,0.809526,0.697162,0.761832,0.775024,0.651019,0.815448,0.576486,0.605879,0.580762,0.829886,0.78239,0.773338,0.679694,0.852527,0.758862,0.342619,0.384243,0.785786,0.853581,0.850422,0.903281,0.771884,0.794752,0.861903,0.620952,0.78541,0.759686,0.770477,0.520652,0.372443,0.527279,0.72129,0.841514,0.661722,0.479834,0.580175,0.701563,0.886921,0.855445,0.509088,0.74471
0.606068,0.465088,0.516961,0.305287,0.475403,0.513484,0.292438,0.323314,0.488958,0.465403,0.414826,0.328624,0.412452,0.367527,0.306557,0.494939,0.566434,0.440775,0.436229,0.610423,0.560342,0.515612,0.55579,0.579617,0.399231,0.684257,0.478488,0.522732,0.521643,0.497766,0.0119321,0.609214,0.561522,0.565493,0.539665,0.450286,0.0899742,0.65574,0.575959,0.594103,1,0.584145,0.510755,0.513351,0.517418,0.394411,0.499618,0.457998,0.250424,0.392005,0.460035,0.427821,0.536587,0.49916,0.444009,0.438562,0.555557,0.386666,0.506083,0.679557,0.291961,0.581726,0.565652,0.631709,0.590919,0.500242,0.553309,0.585713,0.321836,0.589689,0.590458,0.463366,0.244318,0.25142,0.447743,0.5058,0.723178,0.653541,0.65145,0.406251,0.531431,0.52918,0.624379,0.605583,0.677986
0.852598,0.833415,0.830928,0.760784,0.769128,0.821639,0.683236,0.685582,0.732767,0.783754,0.731396,0.677788,0.794749,0.730825,0.70203,0.865631,0.801118,0.68156,0.811239,0.833422,0.830387,0.661466,0.853719,0.903225,0.752953,0.714503,0.84422,0.80811,0.713724,0.575081,0.23765,0.54854,0.736188,0.712638,0.365597,0.600851,0.371712,0.758302,0.840781,0.829918,0.584145,1,0.861902,0.863205,0.825735,0.751923,0.797007,0.791061,0.636065,0.835958,0.448355,0.700309,0.648881,0.83866,0.807464,0.800134,0.75239,0.843848,0.822013,0.368105,0.467155,0.739327,0.675823,0.838839,0.843405,0.683352,0.751608,0.886544,0.571299,0.761322,0.813594,0.671657,0.556173,0.420652,0.439452,0.659773,0.783505,0.635877,0.578061,0.501734,0.717369,0.832787,0.863538,0.54292,0.75908
0.958063,0.840858,0.968015,0.837153,0.881783,0.83041,0.690121,0.701217,0.798751,0.852038,0.835911,0.659759,0.86306,0.715094,0.700652,0.828595,0.907018,0.726986,0.849191,0.892929,0.903995,0.782907,0.892888,0.945072,0.653126,0.806871,0.863808,0.848807,0.636253,0.580941,0.129278,0.612458,0.853414,0.825248,0.584937,0.492161,0.30405,0.789034,0.953218,0.854515,0.510755,0.861902,1,0.914973,0.974702,0.858384,0.880349,0.823568,0.725301,0.824782,0.53674,0.705473,0.721745,0.877791,0.884813,0.880418,0.770547,0.835441,0.931385,0.387296,0.51636,0.776726,0.827946,0.931932,0.895516,0.765116,0.839659,0.949252,0.601428,0.82453,0.855111,0.76049,0.59863,0.572106,0.48165,0.766941,0.8608,0.670595,0.506288,0.362753,0.750542,0.934318,0.900432,0.622518,0.794135
0.915622,0.919471,0.894408,0.85233,0.766064,0.861614,0.711558,0.734178,0.795874,0.801502,0.84121,0.728682,0.88089,0.812567,0.735397,0.865977,0.880215,0.743464,0.807149,0.873868,0.862041,0.756221,0.884272,0.918714,0.782797,0.734846,0.838794,0.859245,0.689439,0.543628,0.180205,0.566975,0.771633,0.726439,0.509096,0.606078,0.321739,0.830056,0.877326,0.836338,0.513351,0.863205,0.914973,1,0.894333,0.830033,0.798095,0.827839,0.697937,0.808175,0.58566,0.754499,0.746135,0.872856,0.894927,0.903227,0.795138,0.857431,0.910311,0.306815,0.478304,0.784101,0.716197,0.868268,0.852393,0.781053,0.861939,0.924896,0.63703,0.780635,0.839908,0.732938,0.542204,0.4084,0.432326,0.736522,0.809924,0.660378,0.599233,0.460963,0.681864,0.888487,0.853468,0.510381,0.718032
0.959291,0.822277,0.960323,0.831322,0.856927,0.815905,0.657394,0.661819,0.768543,0.849659,0.842779,0.684235,0.855209,0.666562,0.714527,0.790928,0.905762,0.753372,0.877915,0.889002,0.907067,0.785563,0.886312,0.939878,0.652578,0.795215,0.810388,0.836443,0.625,0.601457,0.107563,0.675475,0.852886,0.840416,0.613925,0.50029,0.309176,0.796955,0.929772,0.809526,0.517418,0.825735,0.974702,0.894333,1,0.856652,0.857012,0.811863,0.730436,0.77739,0.520547,0.703954,0.741026,0.873344,0.879099,0.853967,0.797337,0.79484,0.943762,0.431426,0.463038,0.768219,0.817782,0.938719,0.884994,0.757256,0.824342,0.931986,0.56384,0.786084,0.837456,0.782809,0.608239,0.541316,0.453117,0.783105,0.858522,0.696985,0.54324,0.287965,0.713456,0.925561,0.885265,0.638933,0.797536
0.860795,0.817841,0.889627,0.824728,0.757506,0.795104,0.591807,0.658937,0.730166,0.789764,0.831182,0.590668,0.769609,0.727616,0.696741,0.698568,0.835794,0.665529,0.738009,0.797678,0.766117,0.69712,0.757027,0.830532,0.61698,0.570816,0.740812,0.825952,0.544587,0.54415,0.0845795,0.526846,0.700108,0.70595,0.501202,0.563536,0.129359,0.735333,0.807413,0.697162,0.394411,0.751923,0.858384,0.830033,0.856652,1,0.742397,0.815978,0.666365,0.722859,0.412253,0.750112,0.727884,0.781174,0.858268,0.83274,0.729344,0.762198,0.835332,0.309696,0.36908,0.666294,0.697649,0.804467,0.72844,0.656568,0.78081,0.856325,0.599555,0.777646,0.825506,0.708667,0.5764,0.518767,0.294572,0.611821,0.694198,0.600002,0.377895,0.170287,0.696902,0.811671,0.787644,0.478225,0.619667
0.814251,0.701037,0.801281,0.721331,0.812692,0.701009,0.600164,0.678404,0.601886,0.72523,0.716376,0.56261,0.740769,0.620192,0.606117,0.717797,0.787792,0.49575,0.754691,0.783429,0.741876,0.67879,0.73631,0.818677,0.586569,0.737008,0.717152,0.635601,0.561801,0.617156,0.182744,0.642785,0.736046,0.645588,0.476665,0.372529,0.260239,0.746938,0.800574,0.761832,0.499618,0.797007,0.880349,0.798095,0.857012,0.742397,1,0.684678,0.487403,0.758144,0.425385,0.664904,0.675048,0.751875,0.744723,0.732343,0.673777,0.704042,0.816501,0.403831,0.347387,0.60154,0.714814,0.776693,0.771997,0.683614,0.725978,0.836666,0.479279,0.708557,0.6799,0.61787,0.496636,0.539927,0.400542,0.716214,0.771361,0.540607,0.417446,0.319194,0.708918,0.807624,0.804147,0.586664,0.751928
0.864749,0.766972,0.86227,0.728526,0.745913,0.837647,0.536177,0.614809,0.834511,0.859253,0.801947,0.612832,0.765732,0.658034,0.718401,0.720993,0.797462,0.70696,0.804986,0.786122,0.838448,0.65468,0.843379,0.842922,0.667118,0.626218,0.771168,0.784216,0.600314,0.499452,0.212525,0.490028,0.745015,0.735469,0.466939,0.428285,0.294724,0.654325,0.820361,0.775024,0.457998,0.791061,0.823568,0.827839,0.811863,0.815978,0.684678,1,0.688563,0.795725,0.342788,0.644548,0.622636,0.815225,0.802062,0.841585,0.691997,0.779137,0.797011,0.422623,0.52292,0.689513,0.672317,0.821997,0.785068,0.639439,0.803798,0.871001,0.545098,0.769366,0.830346,0.715498,0.507864,0.440806,0.303743,0.730721,0.770007,0.564882,0.542564,0.384798,0.66087,0.82121,0.836593,0.509269,0.629808
0.713053,0.68551,0.761291,0.673995,0.665466,0.61355,0.65525,0.536534,0.646534,0.748882,0.695093,0.520872,0.711596,0.463947,0.498573,0.581251,0.751144,0.707062,0.601533,0.689726,0.692458,0.561439,0.718749,0.668271,0.456478,0.477577,0.699795,0.70065,0.414968,0.468937,-0.0153014,0.421749,0.639456,0.665701,0.443411,0.274453,0.175761,0.528377,0.708929,0.651019,0.250424,0.636065,0.725301,0.697937,0.730436,0.666365,0.487403,0.688563,1,0.668328,0.290035,0.527206,0.52701,0.660036,0.694294,0.660815,0.514586,0.685148,0.699397,0.157207,0.381714,0.626845,0.573532,0.679493,0.669347,0.564292,0.629653,0.71036,0.599441,0.648972,0.652595,0.716552,0.471688,0.502493,0.399798,0.443197,0.594385,0.496606,0.281901,0.202292,0.559895,0.740541,0.651213,0.501817,0.541607
0.813603,0.804284,0.805498,0.738834,0.768945,0.858985,0.696759,0.776767,0.757426,0.712355,0.67411,0.543478,0.727439,0.738619,0.695569,0.779665,0.742002,0.579586,0.744012,0.739432,0.768617,0.688477,0.796999,0.826445,0.719398,0.626422,0.82204,0.77715,0.498279,0.439516,0.225555,0.431706,0.661409,0.575313,0.394402,0.417356,0.324585,0.644575,0.766446,0.815448,0.392005,0.835958,0.824782,0.808175,0.77739,0.722859,0.758144,0.795725,0.668328,1,0.488954,0.638725,0.507656,0.76498,0.774788,0.838605,0.690496,0.858118,0.73631,0.19717,0.362816,0.685578,0.618169,0.745934,0.784023,0.650467,0.722615,0.861256,0.674151,0.66442,0.770796,0.724485,0.4128,0.389747,0.38538,0.604478,0.648263,0.426124,0.390356,0.415771,0.735882,0.825799,0.774749,0.390539,0.576908
0.574525,0.556769,0.542588,0.492468,0.476292,0.623052,0.472614,0.518326,0.455042,0.317214,0.333854,0.366448,0.433987,0.531157,0.471781,0.546455,0.508258,0.497156,0.492731,0.561139,0.557691,0.603846,0.57103,0.588905,0.514487,0.625301,0.609456,0.527391,0.44056,0.212347,-0.131544,0.444948,0.435478,0.31361,0.50931,0.471792,0.115875,0.541164,0.514435,0.576486,0.460035,0.448355,0.53674,0.58566,0.520547,0.412253,0.425385,0.342788,0.290035,0.488954,1,0.40612,0.328676,0.552085,0.463482,0.468805,0.678587,0.486429,0.445369,0.132298,0.193284,0.751427,0.526752,0.551744,0.58968,0.5112,0.624706,0.563214,0.519411,0.4809,0.4883,0.506006,0.195526,0.0751571,0.352581,0.425864,0.499735,0.440576,0.370806,0.319684,0.508239,0.573764,0.410345,0.372478,0.477546
0.673452,0.754409,0.670866,0.727331,0.716443,0.691792,0.566489,0.573879,0.523077,0.661211,0.752911,0.704049,0.783078,0.613641,0.602425,0.642983,0.746775,0.537738,0.656228,0.631157,0.656525,0.521396,0.726119,0.717575,0.627694,0.43452,0.564989,0.752355,0.512815,0.455173,0.0121285,0.507042,0.553346,0.634508,0.407183,0.452514,0.31037,0.574769,0.680203,0.605879,0.427821,0.700309,0.705473,0.754499,0.703954,0.750112,0.664904,0.644548,0.527206,0.638725,0.40612,1,0.796787,0.725843,0.836236,0.680731,0.642898,0.688538,0.755654,0.370371,0.270384,0.545314,0.596096,0.649098,0.65282,0.570975,0.66036,0.739706,0.507585,0.606692,0.741708,0.61301,0.520512,0.422445,0.117262,0.549234,0.565811,0.511599,0.469036,0.112489,0.486739,0.712117,0.705703,0.367288,0.565385
0.714618,0.677323,0.698535,0.625099,0.712849,0.632624,0.458778,0.459232,0.622441,0.714134,0.848159,0.686656,0.83136,0.470429,0.540912,0.610194,0.813156,0.637816,0.638043,0.694675,0.707509,0.584732,0.67926,0.697557,0.55529,0.535051,0.524945,0.693172,0.582207,0.606479,0.0402854,0.6871,0.686113,0.738456,0.478642,0.445119,0.268294,0.682993,0.721913,0.580762,0.536587,0.648881,0.721745,0.746135,0.741026,0.727884,0.675048,0.622636,0.52701,0.507656,0.328676,0.796787,1,0.69834,0.836114,0.637527,0.691127,0.617949,0.807133,0.523521,0.319007,0.556489,0.62502,0.716102,0.690758,0.714586,0.67812,0.730566,0.528839,0.598167,0.714069,0.591291,0.648298,0.456579,0.278248,0.677906,0.690831,0.690439,0.525004,0.182746,0.503456,0.6907,0.693882,0.567557,0.644597
