1,0.980865,0.98799,0.97169,0.940731,0.951232,0.870225,0.905567,0.879555,0.876135,0.936689,0.885638,0.917204,0.969232,0.897229,0.963125,0.96086,0.864024,0.895343,0.945301,0.957285,0.894968,0.950329,0.964066,0.805004,0.88304,0.965981,0.921213,0.806879,0.814107,0.710985,0.879323,0.930875,0.950859,0.903177,0.811414,0.688286,0.925341,0.943074,0.951959,0.85927,0.876428,0.978747,0.953692,0.975998,0.957677,0.950047,0.950186,0.907545,0.868885,0.890834,0.906348,0.928158,0.874456,0.945802,0.972593,0.92249,0.962886,0.940891,0.748897,0.712569,0.903898,0.915,0.95157,0.947899,0.919354,0.946497,0.961568,0.843625,0.907146,0.955215,0.940244,0.779984,0.684867,0.884411,0.918109,0.949064,0.793536,0.753814,0.69929,0.858806,0.925014,0.962225,0.85721,0.908838
0.980865,1,0.970013,0.943726,0.927877,0.944894,0.873001,0.914474,0.865232,0.858876,0.90172,0.871012,0.897367,0.977148,0.868552,0.94745,0.939638,0.855411,0.89717,0.920319,0.932164,0.866935,0.942332,0.942391,0.80847,0.843392,0.94553,0.895949,0.786324,0.76844,0.682582,0.833768,0.887471,0.923182,0.871529,0.743025,0.695438,0.916752,0.913515,0.935135,0.855271,0.840972,0.971076,0.962697,0.956503,0.942596,0.928401,0.943018,0.890528,0.859949,0.865069,0.867483,0.895753,0.833714,0.9309,0.964193,0.885219,0.944157,0.929917,0.69392,0.705087,0.892297,0.903016,0.917289,0.921148,0.889576,0.920964,0.93461,0.81227,0.891183,0.93566,0.925951,0.763294,0.67261,0.878169,0.898001,0.916602,0.778975,0.729769,0.691049,0.827913,0.887708,0.924515,0.828421,0.891089
0.98799,0.970013,1,0.981078,0.942016,0.946289,0.871989,0.896977,0.899375,0.887177,0.92533,0.897135,0.925109,0.965671,0.90346,0.960345,0.968668,0.903238,0.89712,0.960938,0.962123,0.901964,0.96001,0.980354,0.823018,0.904021,0.961831,0.925629,0.823656,0.806524,0.749408,0.892438,0.938332,0.961216,0.903651,0.812537,0.70771,0.934596,0.951731,0.959457,0.89111,0.880183,0.980726,0.957657,0.986197,0.972958,0.959285,0.96183,0.915762,0.881431,0.865408,0.916876,0.932496,0.904061,0.955139,0.977744,0.93907,0.954597,0.947775,0.761034,0.709574,0.921488,0.941584,0.962762,0.953785,0.922076,0.956914,0.976728,0.833807,0.926217,0.959855,0.9535,0.790185,0.679596,0.905643,0.928348,0.956503,0.77597,0.766143,0.689988,0.875352,0.947918,0.968245,0.88418,0.926588
0.97169,0.943726,0.981078,1,0.938116,0.940437,0.862518,0.899386,0.903656,0.886527,0.922102,0.881393,0.906223,0.941651,0.895099,0.950679,0.95604,0.90565,0.891297,0.945571,0.949795,0.88679,0.93646,0.974389,0.801061,0.897079,0.949253,0.924589,0.803206,0.797602,0.724643,0.877608,0.931851,0.954951,0.884971,0.855167,0.722327,0.917668,0.947385,0.946422,0.880418,0.885797,0.96908,0.939301,0.983671,0.972704,0.955657,0.949709,0.896399,0.885294,0.859815,0.923411,0.923597,0.908289,0.949072,0.961484,0.941891,0.935625,0.935118,0.755816,0.678829,0.928177,0.924224,0.949019,0.949721,0.902566,0.944276,0.974117,0.83926,0.918163,0.959887,0.939362,0.809137,0.653681,0.873456,0.903366,0.93904,0.781267,0.76014,0.704826,0.883741,0.948844,0.958168,0.878744,0.922733
0.940731,0.927877,0.942016,0.938116,1,0.917144,0.823455,0.872734,0.841493,0.851054,0.880841,0.800145,0.877084,0.920691,0.870663,0.892042,0.894873,0.875094,0.86587,0.905594,0.903735,0.820127,0.915428,0.942204,0.79642,0.851605,0.902822,0.874539,0.755939,0.725899,0.61986,0.833938,0.886148,0.912696,0.827222,0.811283,0.647943,0.848174,0.90846,0.895966,0.84857,0.845975,0.936061,0.91627,0.937176,0.921185,0.907788,0.940728,0.867151,0.8555,0.843747,0.878008,0.872736,0.845976,0.899224,0.933058,0.879685,0.881795,0.892639,0.6839,0.673949,0.890756,0.886545,0.915167,0.890712,0.878184,0.89029,0.929863,0.797394,0.869471,0.919404,0.891029,0.778949,0.574907,0.846255,0.865383,0.893153,0.74568,0.744597,0.709066,0.824898,0.894137,0.914779,0.787752,0.881005
0.951232,0.944894,0.946289,0.940437,0.917144,1,0.883747,0.933746,0.870081,0.877869,0.901367,0.858359,0.905368,0.936831,0.880044,0.935218,0.944273,0.887515,0.905672,0.929501,0.939798,0.893439,0.93882,0.95467,0.761035,0.854488,0.941306,0.906364,0.80112,0.809414,0.722443,0.828987,0.898732,0.906808,0.870302,0.76165,0.673266,0.901754,0.918858,0.928847,0.861833,0.894698,0.960588,0.951618,0.95571,0.958441,0.950559,0.942969,0.867388,0.905536,0.853709,0.905897,0.932424,0.888781,0.941636,0.962282,0.877762,0.943747,0.942248,0.683952,0.6582,0.906549,0.927643,0.933562,0.930245,0.911044,0.916684,0.949293,0.745107,0.902945,0.939047,0.891487,0.798559,0.750984,0.893063,0.898983,0.914164,0.768275,0.77302,0.696924,0.872022,0.927685,0.916034,0.843832,0.897777
0.870225,0.873001,0.871989,0.862518,0.823455,0.883747,1,0.854344,0.832609,0.796528,0.830096,0.749244,0.812165,0.840631,0.724619,0.832493,0.867971,0.819439,0.862348,0.850699,0.867378,0.843717,0.844421,0.881499,0.743666,0.846928,0.869953,0.873152,0.723564,0.767613,0.665853,0.798758,0.847592,0.85201,0.809144,0.710399,0.605752,0.848703,0.827443,0.846314,0.747479,0.774874,0.882475,0.847543,0.870286,0.881077,0.874265,0.846549,0.857423,0.872833,0.850004,0.835271,0.830169,0.798086,0.834624,0.842554,0.846089,0.843892,0.853963,0.739452,0.63779,0.861375,0.835513,0.856889,0.848887,0.840092,0.897364,0.896931,0.692202,0.833894,0.870339,0.848634,0.715938,0.668941,0.862459,0.815461,0.823961,0.736304,0.777184,0.622216,0.861856,0.845297,0.858989,0.771425,0.801201
0.905567,0.914474,0.896977,0.899386,0.872734,0.933746,0.854344,1,0.844523,0.851635,0.84907,0.794615,0.860186,0.89485,0.825165,0.878293,0.882633,0.824493,0.890165,0.849651,0.86915,0.826285,0.84004,0.892522,0.676375,0.807024,0.897336,0.875596,0.675539,0.728315,0.69522,0.788084,0.835002,0.867187,0.86224,0.696606,0.617784,0.867741,0.843525,0.868931,0.815529,0.827529,0.918085,0.897786,0.917197,0.905717,0.867355,0.912966,0.861135,0.877907,0.84382,0.848423,0.911236,0.84442,0.896485,0.906705,0.816737,0.873974,0.899459,0.67308,0.615214,0.847812,0.83741,0.877919,0.87061,0.869753,0.867658,0.914624,0.751454,0.848294,0.890383,0.829284,0.736138,0.696435,0.851154,0.874353,0.88203,0.81017,0.745759,0.631341,0.846343,0.861416,0.860917,0.785705,0.815502
0.879555,0.865232,0.899375,0.903656,0.841493,0.870081,0.832609,0.844523,1,0.844294,0.828733,0.855668,0.880376,0.884099,0.82692,0.921716,0.90686,0.903187,0.829318,0.890546,0.915262,0.902161,0.849916,0.908433,0.82934,0.857215,0.848076,0.887941,0.697428,0.696869,0.700931,0.822127,0.88068,0.869831,0.815636,0.750094,0.667019,0.920156,0.876736,0.892105,0.874976,0.827093,0.917792,0.885506,0.925741,0.916393,0.900192,0.868094,0.841191,0.863394,0.782815,0.885354,0.861746,0.851795,0.908194,0.89434,0.814931,0.904224,0.900647,0.748442,0.579789,0.839698,0.874106,0.897375,0.917831,0.863512,0.902076,0.913043,0.783397,0.890681,0.893681,0.859127,0.775747,0.685702,0.84041,0.876464,0.876347,0.696557,0.672627,0.626375,0.827909,0.921063,0.903647,0.799469,0.889709
0.876135,0.858876,0.887177,0.886527,0.851054,0.877869,0.796528,0.851635,0.844294,1,0.912354,0.811092,0.902122,0.884686,0.862474,0.89613,0.894027,0.857078,0.877927,0.895413,0.916698,0.841583,0.869181,0.903881,0.813593,0.913388,0.872764,0.853802,0.662494,0.696553,0.703738,0.797618,0.879883,0.875167,0.86746,0.707645,0.638194,0.879797,0.871287,0.857912,0.816938,0.889924,0.903662,0.889652,0.910559,0.892628,0.890787,0.89422,0.801602,0.836531,0.791773,0.895785,0.911655,0.839499,0.933379,0.908661,0.86291,0.89712,0.914722,0.737685,0.658256,0.795339,0.856699,0.892004,0.911302,0.90989,0.871023,0.89823,0.771324,0.88157,0.898836,0.863586,0.849092,0.67358,0.832915,0.850078,0.834689,0.757549,0.768819,0.723816,0.852799,0.875878,0.857433,0.790949,0.869925
0.936689,0.90172,0.92533,0.922102,0.880841,0.901367,0.830096,0.84907,0.828733,0.912354,1,0.824595,0.915656,0.898788,0.878204,0.935312,0.92252,0.818998,0.901147,0.916374,0.92681,0.851595,0.870529,0.906929,0.793263,0.90168,0.903831,0.863661,0.734396,0.792067,0.714269,0.892939,0.926248,0.894155,0.895747,0.796467,0.685634,0.883011,0.906762,0.920031,0.798906,0.883419,0.926342,0.904456,0.929512,0.903036,0.903685,0.889025,0.830192,0.797389,0.866664,0.905747,0.927564,0.851875,0.941604,0.91566,0.901017,0.932426,0.936649,0.825399,0.668035,0.82674,0.850266,0.93103,0.921587,0.902812,0.891399,0.904811,0.805141,0.86623,0.907853,0.881192,0.832053,0.725674,0.833321,0.865993,0.870403,0.786487,0.7803,0.6819,0.881935,0.867859,0.924493,0.821729,0.870538
0.885638,0.871012,0.897135,0.881393,0.800145,0.858359,0.749244,0.794615,0.855668,0.811092,0.824595,1,0.921394,0.866473,0.83007,0.915135,0.905206,0.802738,0.806203,0.883052,0.918095,0.841433,0.88462,0.882886,0.745446,0.810468,0.856037,0.837684,0.767645,0.766684,0.746639,0.802617,0.862537,0.87169,0.816663,0.740966,0.595774,0.879448,0.867487,0.872742,0.834139,0.849203,0.889323,0.882691,0.893965,0.862068,0.872012,0.836298,0.808457,0.779383,0.774521,0.880529,0.867552,0.883737,0.919625,0.895449,0.802338,0.908735,0.901586,0.713568,0.693622,0.845178,0.924238,0.885601,0.903643,0.865638,0.920147,0.878737,0.789999,0.853839,0.886028,0.845909,0.794411,0.710311,0.827255,0.883383,0.866404,0.652098,0.682098,0.599047,0.766188,0.901722,0.894024,0.811911,0.917385
0.917204,0.897367,0.925109,0.906223,0.877084,0.905368,0.812165,0.860186,0.880376,0.902122,0.915656,0.921394,1,0.888555,0.88423,0.939723,0.946453,0.845971,0.904042,0.93545,0.94012,0.88441,0.876595,0.917638,0.783465,0.879583,0.892016,0.87681,0.735604,0.743726,0.729484,0.885757,0.914351,0.907341,0.87782,0.746511,0.578086,0.88772,0.896169,0.913277,0.845431,0.887203,0.939519,0.928522,0.937046,0.907955,0.910307,0.892809,0.827297,0.809728,0.857983,0.946742,0.953403,0.902269,0.965917,0.923644,0.822143,0.933633,0.965682,0.791337,0.712999,0.864088,0.927557,0.939027,0.942083,0.905317,0.927448,0.91961,0.78862,0.887325,0.927819,0.854344,0.833819,0.752371,0.877345,0.930097,0.890818,0.776262,0.735137,0.640725,0.81938,0.924735,0.931946,0.803058,0.912401
0.969232,0.977148,0.965671,0.941651,0.920691,0.936831,0.840631,0.89485,0.884099,0.884686,0.898788,0.866473,0.888555,1,0.874526,0.949829,0.931464,0.879505,0.85425,0.915345,0.937407,0.866078,0.941583,0.946435,0.828113,0.860509,0.933244,0.878104,0.792293,0.759262,0.701992,0.811101,0.882175,0.921133,0.873879,0.758604,0.706175,0.936042,0.910719,0.916128,0.875665,0.842643,0.964393,0.958162,0.957502,0.936627,0.939291,0.941433,0.894691,0.873163,0.814625,0.864706,0.887192,0.820369,0.927743,0.978912,0.897586,0.945143,0.915724,0.675771,0.669322,0.855528,0.899856,0.910317,0.927823,0.894811,0.898951,0.930974,0.820089,0.895098,0.942525,0.936079,0.784925,0.649715,0.877767,0.88264,0.906996,0.748272,0.741098,0.719759,0.812864,0.885173,0.90582,0.831785,0.903158
0.897229,0.868552,0.90346,0.895099,0.870663,0.880044,0.724619,0.825165,0.82692,0.862474,0.878204,0.83007,0.88423,0.874526,1,0.910717,0.89371,0.846954,0.859171,0.908016,0.884452,0.847302,0.86399,0.902477,0.741202,0.81866,0.891367,0.817801,0.759436,0.69667,0.761178,0.850196,0.870337,0.876604,0.819198,0.736574,0.629973,0.847431,0.901101,0.889336,0.857803,0.871445,0.916322,0.899535,0.922444,0.898313,0.893258,0.897826,0.731643,0.73796,0.787955,0.874508,0.917196,0.878393,0.912099,0.913915,0.839079,0.900032,0.902192,0.718477,0.648644,0.816768,0.87915,0.905304,0.89485,0.872125,0.871117,0.894194,0.775734,0.855403,0.894494,0.823242,0.799139,0.731568,0.802183,0.856875,0.876098,0.77534,0.740006,0.679273,0.796495,0.892677,0.880267,0.809548,0.887412
0.963125,0.94745,0.960345,0.950679,0.892042,0.935218,0.832493,0.878293,0.921716,0.89613,0.935312,0.915135,0.939723,0.949829,0.910717,1,0.963142,0.878578,0.886335,0.954876,0.967939,0.926745,0.922413,0.940512,0.843747,0.877308,0.9262,0.897032,0.785167,0.786049,0.717465,0.873523,0.929639,0.914019,0.870662,0.761871,0.710822,0.936344,0.952854,0.956282,0.875519,0.896783,0.96923,0.960779,0.969779,0.952034,0.94182,0.917504,0.862433,0.847479,0.841177,0.912933,0.929225,0.882996,0.972946,0.964537,0.888606,0.986265,0.970151,0.77743,0.682643,0.857295,0.930373,0.952963,0.96771,0.929583,0.932774,0.93479,0.811002,0.903476,0.932479,0.906739,0.83139,0.750206,0.88081,0.932917,0.927451,0.762435,0.727176,0.68084,0.84443,0.935578,0.955572,0.848237,0.929153
0.96086,0.939638,0.968668,0.95604,0.894873,0.944273,0.867971,0.882633,0.90686,0.894027,0.92252,0.905206,0.946453,0.931464,0.89371,0.963142,1,0.897692,0.917169,0.970225,0.96697,0.934425,0.939934,0.963773,0.783125,0.913298,0.950999,0.921814,0.800995,0.81336,0.761529,0.889079,0.957972,0.946394,0.913182,0.795879,0.654226,0.90392,0.954205,0.9511,0.884286,0.912541,0.961622,0.944169,0.96879,0.962646,0.962675,0.93153,0.879939,0.869562,0.871499,0.938944,0.940541,0.90875,0.958616,0.953101,0.897803,0.962739,0.957196,0.790773,0.725655,0.909236,0.941477,0.964215,0.969395,0.936152,0.952184,0.962538,0.763086,0.922569,0.958254,0.912043,0.810207,0.749366,0.894731,0.93924,0.942462,0.798909,0.71212,0.644395,0.859163,0.956674,0.952499,0.879584,0.918506
0.864024,0.855411,0.903238,0.90565,0.875094,0.887515,0.819439,0.824493,0.903187,0.857078,0.818998,0.802738,0.845971,0.879505,0.846954,0.878578,0.897692,1,0.851945,0.907247,0.894259,0.864945,0.885201,0.941001,0.830274,0.867866,0.849559,0.849396,0.764927,0.727372,0.761609,0.818716,0.858087,0.882869,0.818096,0.771362,0.660026,0.84972,0.893763,0.880143,0.908905,0.836552,0.908568,0.901622,0.923697,0.929433,0.925419,0.883173,0.818038,0.865995,0.720995,0.864593,0.860623,0.873085,0.89478,0.906941,0.887749,0.8545,0.888409,0.694273,0.54894,0.856609,0.909142,0.896555,0.892431,0.858756,0.884468,0.9253,0.71131,0.92081,0.909328,0.85335,0.826154,0.668531,0.887131,0.848346,0.852231,0.664633,0.747316,0.658792,0.824482,0.928494,0.870909,0.82633,0.864135
0.895343,0.89717,0.89712,0.891297,0.86587,0.905672,0.862348,0.890165,0.829318,0.877927,0.901147,0.806203,0.904042,0.85425,0.859171,0.886335,0.917169,0.851945,1,0.922877,0.905314,0.824932,0.861163,0.915114,0.771034,0.876933,0.880031,0.888671,0.709868,0.739636,0.751677,0.876177,0.881921,0.876358,0.872021,0.720127,0.629518,0.837942,0.896951,0.91705,0.84141,0.898197,0.925345,0.909433,0.923131,0.905858,0.901608,0.900009,0.812322,0.825138,0.867533,0.903601,0.920993,0.88189,0.923722,0.891401,0.84631,0.886651,0.93454,0.778008,0.654117,0.89191,0.873834,0.924672,0.911288,0.868782,0.899556,0.918172,0.731932,0.896037,0.901787,0.831474,0.83329,0.782354,0.859433,0.882595,0.87531,0.799952,0.762543,0.628232,0.869703,0.894359,0.894898,0.824439,0.860039
0.945301,0.920319,0.960938,0.945571,0.905594,0.929501,0.850699,0.849651,0.890546,0.895413,0.916374,0.883052,0.93545,0.915345,0.908016,0.954876,0.970225,0.907247,0.922877,1,0.971276,0.924627,0.938638,0.969005,0.829455,0.918453,0.946504,0.922221,0.823129,0.811714,0.762,0.883318,0.956803,0.937657,0.891268,0.786076,0.643782,0.897632,0.982487,0.966559,0.900411,0.921787,0.962762,0.950797,0.968924,0.962055,0.972857,0.928527,0.871235,0.868298,0.855649,0.93701,0.92987,0.909917,0.955812,0.957408,0.917729,0.958338,0.955483,0.772258,0.668439,0.902584,0.955095,0.978623,0.97402,0.929671,0.951342,0.959835,0.751565,0.92899,0.947417,0.909054,0.851118,0.743565,0.903714,0.928031,0.942041,0.778715,0.726487,0.668428,0.857023,0.967424,0.955852,0.88801,0.929618
0.957285,0.932164,0.962123,0.949795,0.903735,0.939798,0.867378,0.86915,0.915262,0.916698,0.92681,0.918095,0.94012,0.937407,0.884452,0.967939,0.96697,0.894259,0.905314,0.971276,1,0.928355,0.947579,0.968942,0.847582,0.940925,0.93171,0.93696,0.785707,0.832959,0.736946,0.87407,0.959146,0.938355,0.89755,0.79318,0.685341,0.930601,0.964811,0.948406,0.876787,0.937487,0.95865,0.938061,0.969019,0.946679,0.957959,0.928642,0.889583,0.880759,0.867655,0.935399,0.931565,0.910662,0.969712,0.958947,0.908228,0.974856,0.962099,0.804494,0.720466,0.897327,0.948724,0.975726,0.984212,0.95976,0.965922,0.966524,0.804328,0.929047,0.948613,0.930036,0.856539,0.739974,0.916388,0.936047,0.937106,0.743108,0.773509,0.681646,0.894377,0.95606,0.949009,0.871277,0.936123
0.894968,0.866935,0.901964,0.88679,0.820127,0.893439,0.843717,0.826285,0.902161,0.841583,0.851595,0.841433,0.88441,0.866078,0.847302,0.926745,0.934425,0.864945,0.824932,0.924627,0.928355,1,0.871632,0.899994,0.78157,0.85526,0.897539,0.878858,0.737824,0.811034,0.711484,0.839429,0.933515,0.873456,0.833322,0.709981,0.58199,0.868529,0.91518,0.903211,0.821024,0.849657,0.906815,0.891521,0.917287,0.918359,0.912618,0.85762,0.821719,0.835126,0.799181,0.867591,0.899142,0.862297,0.901093,0.897322,0.836266,0.935349,0.919651,0.775963,0.633794,0.8097,0.900359,0.918601,0.927205,0.928438,0.913147,0.907325,0.667925,0.86971,0.879685,0.837574,0.754429,0.753297,0.862392,0.905911,0.899857,0.741345,0.654986,0.573549,0.810956,0.927041,0.908539,0.832521,0.859951
0.950329,0.942332,0.96001,0.93646,0.915428,0.93882,0.844421,0.84004,0.849916,0.869181,0.870529,0.88462,0.876595,0.941583,0.86399,0.922413,0.939934,0.885201,0.861163,0.938638,0.947579,0.871632,1,0.961851,0.818689,0.874945,0.932442,0.891266,0.826468,0.79768,0.71095,0.810106,0.894773,0.916137,0.83945,0.773536,0.702238,0.90338,0.937258,0.915575,0.881538,0.893636,0.945591,0.936954,0.941069,0.941527,0.941127,0.932855,0.865332,0.876995,0.813791,0.88269,0.867606,0.86656,0.919672,0.957106,0.90559,0.937175,0.903229,0.663111,0.739867,0.906957,0.946184,0.92557,0.927376,0.910707,0.930014,0.939386,0.776166,0.887526,0.939191,0.94375,0.790298,0.65171,0.86683,0.872326,0.902456,0.697719,0.726592,0.715687,0.832256,0.924205,0.910476,0.859058,0.924517
0.964066,0.942391,0.980354,0.974389,0.942204,0.95467,0.881499,0.892522,0.908433,0.903881,0.906929,0.882886,0.917638,0.946435,0.902477,0.940512,0.963773,0.941001,0.915114,0.969005,0.968942,0.899994,0.961851,1,0.822468,0.927285,0.947803,0.936882,0.808554,0.811157,0.776235,0.876356,0.933309,0.962217,0.891118,0.834033,0.701732,0.917336,0.958434,0.94205,0.914808,0.913915,0.973143,0.948519,0.98371,0.978078,0.974583,0.963755,0.896853,0.900107,0.864462,0.93781,0.933743,0.924696,0.956025,0.97235,0.940158,0.938547,0.943285,0.744981,0.695867,0.939766,0.954816,0.965903,0.963657,0.924988,0.96166,0.989496,0.810007,0.947266,0.975324,0.942535,0.837145,0.691156,0.91711,0.914844,0.94127,0.767402,0.776852,0.70204,0.886306,0.968078,0.949433,0.898425,0.932429
0.805004,0.80847,0.823018,0.801061,0.79642,0.761035,0.743666,0.676375,0.82934,0.813593,0.793263,0.745446,0.783465,0.828113,0.741202,0.843747,0.783125,0.830274,0.771034,0.829455,0.847582,0.78157,0.818689,0.822468,1,0.804913,0.729684,0.766127,0.615304,0.61283,0.599179,0.74828,0.786223,0.760343,0.696437,0.629736,0.67411,0.83729,0.813803,0.823513,0.746175,0.758933,0.846643,0.849177,0.833846,0.825334,0.812798,0.782219,0.726035,0.778342,0.643592,0.756663,0.73871,0.733006,0.835722,0.829084,0.814631,0.836561,0.834006,0.643054,0.532073,0.692491,0.795654,0.810386,0.830223,0.79237,0.800161,0.793968,0.734177,0.807674,0.768093,0.802604,0.803566,0.586926,0.773892,0.757023,0.750486,0.534364,0.674526,0.624252,0.734047,0.798021,0.816302,0.730865,0.826316
0.88304,0.843392,0.904021,0.897079,0.851605,0.854488,0.846928,0.807024,0.857215,0.913388,0.90168,0.810468,0.879583,0.860509,0.81866,0.877308,0.913298,0.867866,0.876933,0.918453,0.940925,0.85526,0.874945,0.927285,0.804913,1,0.867068,0.882062,0.690917,0.770404,0.732323,0.865823,0.92774,0.903577,0.865965,0.79912,0.660124,0.863446,0.900938,0.878096,0.832171,0.910849,0.886309,0.845161,0.909746,0.887869,0.907948,0.87923,0.854127,0.84553,0.86038,0.916306,0.894538,0.880832,0.909354,0.885712,0.900249,0.884907,0.892121,0.851932,0.6993,0.84627,0.872446,0.935447,0.930195,0.913203,0.909469,0.930655,0.741584,0.871952,0.9052,0.890405,0.831961,0.664554,0.880069,0.872686,0.862985,0.73068,0.755217,0.623253,0.886409,0.897894,0.883407,0.843893,0.867841
0.965981,0.94553,0.961831,0.949253,0.902822,0.941306,0.869953,0.897336,0.848076,0.872764,0.903831,0.856037,0.892016,0.933244,0.891367,0.9262,0.950999,0.849559,0.880031,0.946504,0.93171,0.897539,0.932442,0.947803,0.729684,0.867068,1,0.901448,0.8336,0.83381,0.723299,0.830934,0.927931,0.946643,0.915073,0.787067,0.615638,0.893913,0.941387,0.933727,0.855872,0.864961,0.956271,0.933198,0.952007,0.94218,0.954098,0.930261,0.892331,0.86852,0.884161,0.893339,0.913805,0.855729,0.912774,0.956718,0.916307,0.938008,0.904478,0.709794,0.657113,0.898241,0.907071,0.936521,0.92872,0.910912,0.939501,0.952636,0.767799,0.886315,0.951708,0.90586,0.763164,0.682501,0.848189,0.879709,0.937965,0.841044,0.716893,0.696981,0.843654,0.927012,0.92726,0.855948,0.893033
0.921213,0.895949,0.925629,0.924589,0.874539,0.906364,0.873152,0.875596,0.887941,0.853802,0.863661,0.837684,0.87681,0.878104,0.817801,0.897032,0.921814,0.849396,0.888671,0.922221,0.93696,0.878858,0.891266,0.936882,0.766127,0.882062,0.901448,1,0.705054,0.747926,0.693448,0.845296,0.923989,0.92223,0.901786,0.795037,0.60381,0.881039,0.899188,0.901897,0.824887,0.878319,0.917079,0.871472,0.932984,0.933365,0.914274,0.920183,0.884425,0.862163,0.858281,0.895549,0.902863,0.886196,0.91032,0.898565,0.86772,0.902461,0.916536,0.751452,0.698276,0.91248,0.884923,0.932463,0.936634,0.904308,0.933024,0.946388,0.771375,0.947259,0.910869,0.912312,0.75488,0.698166,0.897692,0.917986,0.940174,0.695676,0.746895,0.664145,0.873177,0.914174,0.917112,0.852077,0.840185
0.806879,0.786324,0.823656,0.803206,0.755939,0.80112,0.723564,0.675539,0.697428,0.662494,0.734396,0.767645,0.735604,0.792293,0.759436,0.785167,0.800995,0.764927,0.709868,0.823129,0.785707,0.737824,0.826468,0.808554,0.615304,0.690917,0.8336,0.705054,1,0.716125,0.645747,0.69887,0.75428,0.789175,0.72708,0.667923,0.557846,0.771745,0.830734,0.832555,0.776577,0.711801,0.812519,0.813658,0.806524,0.796043,0.851204,0.748437,0.768152,0.751119,0.651548,0.739125,0.719829,0.713605,0.743559,0.82617,0.805676,0.784353,0.732388,0.55736,0.46861,0.801268,0.826183,0.792291,0.772916,0.698835,0.784043,0.792183,0.635069,0.734,0.795281,0.791329,0.661162,0.570803,0.740371,0.69354,0.801047,0.606768,0.642951,0.621778,0.710281,0.800651,0.794568,0.716663,0.82626
0.814107,0.76844,0.806524,0.797602,0.725899,0.809414,0.767613,0.728315,0.696869,0.696553,0.792067,0.766684,0.743726,0.759262,0.69667,0.786049,0.81336,0.727372,0.739636,0.811714,0.832959,0.811034,0.79768,0.811157,0.61283,0.770404,0.83381,0.747926,0.716125,1,0.681623,0.705222,0.81819,0.771812,0.772663,0.71388,0.561921,0.733538,0.840816,0.799025,0.689791,0.76926,0.779056,0.779902,0.787577,0.766377,0.797619,0.74805,0.76917,0.732195,0.747759,0.763193,0.771188,0.757752,0.778632,0.794158,0.79522,0.817758,0.778148,0.694905,0.526132,0.759498,0.785862,0.83185,0.790008,0.826055,0.83602,0.818076,0.599198,0.737884,0.811182,0.738393,0.706555,0.63857,0.746064,0.762847,0.790477,0.690471,0.670557,0.447187,0.787063,0.821778,0.798724,0.73847,0.75113
0.710985,0.682582,0.749408,0.724643,0.61986,0.722443,0.665853,0.69522,0.700931,0.703738,0.714269,0.746639,0.729484,0.701992,0.761178,0.717465,0.761529,0.761609,0.751677,0.762,0.736946,0.711484,0.71095,0.776235,0.599179,0.732323,0.723299,0.693448,0.645747,0.681623,1,0.745322,0.723961,0.71317,0.738579,0.651988,0.482938,0.710529,0.731084,0.739587,0.766387,0.732487,0.746643,0.742931,0.76947,0.757108,0.765608,0.727802,0.646744,0.663303,0.586603,0.755646,0.788164,0.813011,0.763027,0.758577,0.75316,0.713087,0.758537,0.601186,0.442685,0.690657,0.761701,0.752026,0.734398,0.713942,0.758771,0.757498,0.626649,0.779159,0.751065,0.651207,0.767834,0.77407,0.729531,0.710269,0.735074,0.569629,0.660246,0.427745,0.702204,0.765862,0.739554,0.81969,0.76093
0.879323,0.833768,0.892438,0.877608,0.833938,0.828987,0.798758,0.788084,0.822127,0.797618,0.892939,0.802617,0.885757,0.811101,0.850196,0.873523,0.889079,0.818716,0.876177,0.883318,0.87407,0.839429,0.810106,0.876356,0.74828,0.865823,0.830934,0.845296,0.69887,0.705222,0.745322,1,0.895596,0.864528,0.853218,0.778778,0.642177,0.81728,0.855226,0.870294,0.806785,0.846401,0.876693,0.830518,0.897642,0.872762,0.859587,0.845845,0.794502,0.726777,0.824341,0.871562,0.901281,0.889918,0.880656,0.838986,0.844055,0.854711,0.899775,0.85698,0.681154,0.817857,0.849619,0.911949,0.874877,0.844454,0.874404,0.88576,0.775044,0.843695,0.857312,0.812519,0.727518,0.738493,0.834304,0.889851,0.864923,0.697947,0.733472,0.548906,0.815907,0.865708,0.915165,0.810639,0.818377
0.930875,0.887471,0.938332,0.931851,0.886148,0.898732,0.847592,0.835002,0.88068,0.879883,0.926248,0.862537,0.914351,0.882175,0.870337,0.929639,0.957972,0.858087,0.881921,0.956803,0.959146,0.933515,0.894773,0.933309,0.786223,0.92774,0.927931,0.923989,0.75428,0.81819,0.723961,0.895596,1,0.935587,0.919023,0.814205,0.591228,0.868493,0.94455,0.933372,0.834273,0.899538,0.917602,0.885666,0.940857,0.925945,0.938284,0.902131,0.867048,0.838483,0.857849,0.915808,0.918883,0.908346,0.929556,0.913757,0.898476,0.939418,0.934493,0.83996,0.674068,0.86484,0.899797,0.963622,0.9593,0.948512,0.936641,0.942024,0.732365,0.910706,0.913694,0.880567,0.810582,0.721196,0.87264,0.916361,0.936613,0.761772,0.725866,0.625675,0.864503,0.935247,0.942148,0.871014,0.88668
0.950859,0.923182,0.961216,0.954951,0.912696,0.906808,0.85201,0.867187,0.869831,0.875167,0.894155,0.87169,0.907341,0.921133,0.876604,0.914019,0.946394,0.882869,0.876358,0.937657,0.938355,0.873456,0.916137,0.962217,0.760343,0.903577,0.946643,0.92223,0.789175,0.771812,0.71317,0.864528,0.935587,1,0.913875,0.83378,0.61796,0.892589,0.923323,0.916914,0.865053,0.865518,0.942737,0.905155,0.956875,0.941478,0.942911,0.923452,0.883713,0.841598,0.874457,0.891291,0.912677,0.895406,0.919094,0.941991,0.922294,0.910338,0.904973,0.776618,0.685655,0.912003,0.908668,0.935093,0.946726,0.900304,0.938614,0.965067,0.781113,0.924339,0.954115,0.923637,0.790074,0.644743,0.883864,0.883042,0.944719,0.804162,0.730416,0.673645,0.827849,0.935901,0.935356,0.89895,0.899722
0.903177,0.871529,0.903651,0.884971,0.827222,0.870302,0.809144,0.86224,0.815636,0.86746,0.895747,0.816663,0.87782,0.873879,0.819198,0.870662,0.913182,0.818096,0.872021,0.891268,0.89755,0.833322,0.83945,0.891118,0.696437,0.865965,0.915073,0.901786,0.72708,0.772663,0.738579,0.853218,0.919023,0.913875,1,0.755282,0.532361,0.841167,0.866085,0.86903,0.793636,0.829474,0.886246,0.851745,0.90052,0.877274,0.899913,0.877933,0.865665,0.799132,0.811004,0.85975,0.902566,0.832179,0.886214,0.88444,0.864505,0.875831,0.885251,0.754555,0.601244,0.819861,0.824368,0.903362,0.897487,0.886165,0.886795,0.907415,0.753534,0.911333,0.895894,0.843297,0.739568,0.682215,0.852889,0.871626,0.903852,0.743866,0.751908,0.630895,0.828479,0.865347,0.873039,0.813204,0.794703
0.811414,0.743025,0.812537,0.855167,0.811283,0.76165,0.710399,0.696606,0.750094,0.707645,0.796467,0.740966,0.746511,0.758604,0.736574,0.761871,0.795879,0.771362,0.720127,0.786076,0.79318,0.709981,0.773536,0.834033,0.629736,0.79912,0.787067,0.795037,0.667923,0.71388,0.651988,0.778778,0.814205,0.83378,0.755282,1,0.518655,0.71931,0.797616,0.765064,0.707552,0.788242,0.790814,0.744053,0.807946,0.795481,0.814664,0.775833,0.779377,0.739124,0.773356,0.827948,0.766276,0.79133,0.767443,0.785685,0.852377,0.750688,0.741163,0.699778,0.553649,0.820373,0.767289,0.820915,0.794739,0.75768,0.806468,0.82444,0.723177,0.775632,0.858342,0.791054,0.730673,0.518834,0.69558,0.733502,0.788517,0.612315,0.61719,0.641736,0.711806,0.807294,0.814542,0.769027,0.768138
0.688286,0.695438,0.70771,0.722327,0.647943,0.673266,0.605752,0.617784,0.667019,0.638194,0.685634,0.595774,0.578086,0.706175,0.629973,0.710822,0.654226,0.660026,0.629518,0.643782,0.685341,0.58199,0.702238,0.701732,0.67411,0.660124,0.615638,0.60381,0.557846,0.561921,0.482938,0.642177,0.591228,0.61796,0.532361,0.518655,1,0.723276,0.670772,0.672425,0.670794,0.657554,0.694024,0.670917,0.708858,0.707198,0.661064,0.716642,0.575229,0.570244,0.583592,0.623673,0.611346,0.621784,0.705965,0.68925,0.690611,0.676147,0.664864,0.528221,0.531054,0.666944,0.658424,0.660371,0.670911,0.588531,0.637289,0.678695,0.691057,0.611523,0.655163,0.746742,0.556392,0.397803,0.605628,0.601897,0.602337,0.456602,0.56788,0.503173,0.717916,0.619847,0.648084,0.644915,0.693121
0.925341,0.916752,0.934596,0.917668,0.848174,0.901754,0.848703,0.867741,0.920156,0.879797,0.883011,0.879448,0.88772,0.936042,0.847431,0.936344,0.90392,0.84972,0.837942,0.897632,0.930601,0.868529,0.90338,0.917336,0.83729,0.863446,0.893913,0.881039,0.771745,0.733538,0.710529,0.81728,0.868493,0.892589,0.841167,0.71931,0.723276,1,0.879902,0.904695,0.853433,0.830274,0.942623,0.913137,0.939621,0.922165,0.907443,0.901698,0.864031,0.864742,0.798617,0.872575,0.878832,0.843138,0.920698,0.936493,0.868767,0.938731,0.909454,0.723327,0.644402,0.835489,0.886809,0.897079,0.920851,0.870698,0.903522,0.917512,0.844901,0.869043,0.90457,0.92815,0.773779,0.683293,0.844489,0.867561,0.882558,0.730709,0.751016,0.686274,0.861759,0.890368,0.910121,0.833978,0.909508
0.943074,0.913515,0.951731,0.947385,0.90846,0.918858,0.827443,0.843525,0.876736,0.871287,0.906762,0.867487,0.896169,0.910719,0.901101,0.952854,0.954205,0.893763,0.896951,0.982487,0.964811,0.91518,0.937258,0.958434,0.813803,0.900938,0.941387,0.899188,0.830734,0.840816,0.731084,0.855226,0.94455,0.923323,0.866085,0.797616,0.670772,0.879902,1,0.959792,0.892174,0.921919,0.948875,0.94134,0.958822,0.94574,0.953946,0.912291,0.874685,0.86556,0.840616,0.904614,0.897328,0.886505,0.935417,0.949495,0.921642,0.955273,0.930747,0.760265,0.655544,0.888931,0.934604,0.970127,0.961871,0.93069,0.9406,0.94955,0.755701,0.89494,0.934628,0.898136,0.848409,0.711841,0.868273,0.901586,0.939611,0.779489,0.708063,0.667646,0.859675,0.959336,0.943404,0.873525,0.925262
0.951959,0.935135,0.959457,0.946422,0.895966,0.928847,0.846314,0.868931,0.892105,0.857912,0.920031,0.872742,0.913277,0.916128,0.889336,0.956282,0.9511,0.880143,0.91705,0.966559,0.948406,0.903211,0.915575,0.94205,0.823513,0.878096,0.933727,0.901897,0.832555,0.799025,0.739587,0.870294,0.933372,0.916914,0.86903,0.765064,0.672425,0.904695,0.959792,1,0.86902,0.878618,0.966903,0.95465,0.968333,0.952729,0.951304,0.910662,0.872801,0.867217,0.848249,0.903639,0.917586,0.892841,0.945058,0.949983,0.901304,0.956261,0.948439,0.779237,0.604187,0.902639,0.921449,0.954818,0.949976,0.89575,0.932942,0.942508,0.771909,0.906341,0.913936,0.89779,0.824127,0.754934,0.885463,0.907238,0.945825,0.775459,0.737601,0.658537,0.868399,0.94182,0.963798,0.87418,0.929423
0.85927,0.855271,0.89111,0.880418,0.84857,0.861833,0.747479,0.815529,0.874976,0.816938,0.798906,0.834139,0.845431,0.875665,0.857803,0.875519,0.884286,0.908905,0.84141,0.900411,0.876787,0.821024,0.881538,0.914808,0.746175,0.832171,0.855872,0.824887,0.776577,0.689791,0.766387,0.806785,0.834273,0.865053,0.793636,0.707552,0.670794,0.853433,0.892174,0.86902,1,0.84362,0.890485,0.87502,0.909291,0.885836,0.898526,0.873448,0.822657,0.821872,0.74358,0.845975,0.83993,0.858155,0.876199,0.908853,0.832439,0.855326,0.861061,0.64645,0.601836,0.846618,0.903842,0.891608,0.893568,0.834016,0.861249,0.899672,0.723774,0.869615,0.896495,0.855859,0.779242,0.679089,0.819149,0.834679,0.852795,0.697264,0.651326,0.628333,0.775858,0.902311,0.854338,0.816824,0.885712
0.876428,0.840972,0.880183,0.885797,0.845975,0.894698,0.774874,0.827529,0.827093,0.889924,0.883419,0.849203,0.887203,0.842643,0.871445,0.896783,0.912541,0.836552,0.898197,0.921787,0.937487,0.849657,0.893636,0.913915,0.758933,0.910849,0.864961,0.878319,0.711801,0.76926,0.732487,0.846401,0.899538,0.865518,0.829474,0.788242,0.657554,0.830274,0.921919,0.878618,0.84362,1,0.890723,0.876334,0.905867,0.885768,0.895895,0.871085,0.779555,0.824118,0.841471,0.912068,0.90006,0.893184,0.918867,0.892026,0.850905,0.906889,0.906599,0.760232,0.734006,0.855511,0.899665,0.936991,0.928639,0.923277,0.891451,0.907652,0.719464,0.849639,0.899247,0.839983,0.868608,0.768067,0.840971,0.872866,0.878083,0.700617,0.712481,0.618697,0.842084,0.906102,0.866996,0.837864,0.893872
0.978747,0.971076,0.980726,0.96908,0.936061,0.960588,0.882475,0.918085,0.917792,0.903662,0.926342,0.889323,0.939519,0.964393,0.916322,0.96923,0.961622,0.908568,0.925345,0.962762,0.95865,0.906815,0.945591,0.973143,0.846643,0.886309,0.956271,0.917079,0.812519,0.779056,0.746643,0.876693,0.917602,0.942737,0.886246,0.790814,0.694024,0.942623,0.948875,0.966903,0.890485,0.890723,1,0.983074,0.989287,0.976477,0.969301,0.953918,0.889006,0.894518,0.874451,0.928807,0.94127,0.891374,0.964261,0.982584,0.918183,0.964058,0.960567,0.736627,0.665778,0.912486,0.941155,0.955043,0.958572,0.91224,0.95186,0.967224,0.835642,0.921345,0.96479,0.9281,0.831683,0.722084,0.895957,0.916001,0.939024,0.800936,0.759342,0.716653,0.860571,0.948893,0.961051,0.866801,0.940179
0.953692,0.962697,0.957657,0.939301,0.91627,0.951618,0.847543,0.897786,0.885506,0.889652,0.904456,0.882691,0.928522,0.958162,0.899535,0.960779,0.944169,0.901622,0.909433,0.950797,0.938061,0.891521,0.936954,0.948519,0.849177,0.845161,0.933198,0.871472,0.813658,0.779902,0.742931,0.830518,0.885666,0.905155,0.851745,0.744053,0.670917,0.913137,0.94134,0.95465,0.87502,0.876334,0.983074,1,0.965479,0.957435,0.947876,0.926681,0.855082,0.879013,0.816173,0.895436,0.913489,0.858666,0.952296,0.976686,0.889165,0.955293,0.952657,0.679248,0.631057,0.878032,0.932292,0.930324,0.932045,0.894339,0.91736,0.930172,0.782274,0.89675,0.940081,0.88589,0.854663,0.734312,0.882405,0.893226,0.913266,0.778111,0.73293,0.684465,0.81746,0.927736,0.932031,0.842018,0.934156
0.975998,0.956503,0.986197,0.983671,0.937176,0.95571,0.870286,0.917197,0.925741,0.910559,0.929512,0.893965,0.937046,0.957502,0.922444,0.969779,0.96879,0.923697,0.923131,0.968924,0.969019,0.917287,0.941069,0.98371,0.833846,0.909746,0.952007,0.932984,0.806524,0.787577,0.76947,0.897642,0.940857,0.956875,0.90052,0.807946,0.708858,0.939621,0.958822,0.968333,0.909291,0.905867,0.989287,0.965479,1,0.982761,0.972322,0.960222,0.893422,0.892741,0.863199,0.935691,0.953414,0.921511,0.970289,0.980757,0.930759,0.958976,0.966244,0.769044,0.671928,0.918269,0.947033,0.965464,0.97032,0.925461,0.955278,0.982071,0.835249,0.940792,0.962851,0.934059,0.837587,0.725214,0.911285,0.930911,0.954956,0.78648,0.778405,0.691721,0.884885,0.961725,0.968332,0.893764,0.942936
0.957677,0.942596,0.972958,0.972704,0.921185,0.958441,0.881077,0.905717,0.916393,0.892628,0.903036,0.862068,0.907955,0.936627,0.898313,0.952034,0.962646,0.929433,0.905858,0.962055,0.946679,0.918359,0.941527,0.978078,0.825334,0.887869,0.94218,0.933365,0.796043,0.766377,0.757108,0.872762,0.925945,0.941478,0.877274,0.795481,0.707198,0.922165,0.94574,0.952729,0.885836,0.885768,0.976477,0.957435,0.982761,1,0.968321,0.95757,0.873019,0.898727,0.837402,0.921359,0.933088,0.915302,0.955213,0.964891,0.924841,0.944787,0.951962,0.717342,0.650371,0.914065,0.937574,0.946876,0.952767,0.903288,0.935969,0.968417,0.783931,0.938115,0.946618,0.921557,0.810786,0.708259,0.903601,0.916025,0.941368,0.76792,0.739756,0.683128,0.867091,0.957117,0.954403,0.902415,0.915885
0.950047,0.928401,0.959285,0.955657,0.907788,0.950559,0.874265,0.867355,0.900192,0.890787,0.903685,0.872012,0.910307,0.939291,0.893258,0.94182,0.962675,0.925419,0.901608,0.972857,0.957959,0.912618,0.941127,0.974583,0.812798,0.907948,0.954098,0.914274,0.851204,0.797619,0.765608,0.859587,0.938284,0.942911,0.899913,0.814664,0.661064,0.907443,0.953946,0.951304,0.898526,0.895895,0.969301,0.947876,0.972322,0.968321,1,0.935739,0.879254,0.896946,0.847256,0.936865,0.922563,0.892068,0.941417,0.967061,0.931174,0.942957,0.933504,0.725619,0.619703,0.913341,0.946129,0.951415,0.963797,0.903705,0.941837,0.963353,0.772188,0.935289,0.963712,0.919408,0.838452,0.703337,0.900611,0.892414,0.926321,0.757345,0.743633,0.713118,0.847662,0.953068,0.935184,0.882733,0.929972
0.950186,0.943018,0.96183,0.949709,0.940728,0.942969,0.846549,0.912966,0.868094,0.89422,0.889025,0.836298,0.892809,0.941433,0.897826,0.917504,0.93153,0.883173,0.900009,0.928527,0.928642,0.85762,0.932855,0.963755,0.782219,0.87923,0.930261,0.920183,0.748437,0.74805,0.727802,0.845845,0.902131,0.923452,0.877933,0.775833,0.716642,0.901698,0.912291,0.910662,0.873448,0.871085,0.953918,0.926681,0.960222,0.95757,0.935739,1,0.87936,0.848605,0.841831,0.912063,0.926266,0.904369,0.940037,0.95591,0.89668,0.917358,0.929061,0.700499,0.682403,0.914787,0.919337,0.935547,0.931829,0.898391,0.91453,0.954282,0.806134,0.925818,0.942414,0.923868,0.768466,0.653791,0.879375,0.919878,0.927596,0.76324,0.770383,0.723293,0.864411,0.915836,0.915264,0.863747,0.887547
0.907545,0.890528,0.915762,0.896399,0.867151,0.867388,0.857423,0.861135,0.841191,0.801602,0.830192,0.808457,0.827297,0.894691,0.731643,0.862433,0.879939,0.818038,0.812322,0.871235,0.889583,0.821719,0.865332,0.896853,0.726035,0.854127,0.892331,0.884425,0.768152,0.76917,0.646744,0.794502,0.867048,0.883713,0.865665,0.779377,0.575229,0.864031,0.874685,0.872801,0.822657,0.779555,0.889006,0.855082,0.893422,0.873019,0.879254,0.87936,1,0.903451,0.825103,0.828748,0.832775,0.806759,0.846479,0.892921,0.883491,0.865722,0.844364,0.720685,0.601401,0.857692,0.847387,0.89993,0.880594,0.86285,0.890476,0.910051,0.750353,0.855717,0.882257,0.901842,0.670168,0.595496,0.845972,0.872449,0.899033,0.731529,0.690765,0.687169,0.83195,0.872513,0.891017,0.791245,0.809945
0.868885,0.859949,0.881431,0.885294,0.8555,0.905536,0.872833,0.877907,0.863394,0.836531,0.797389,0.779383,0.809728,0.873163,0.73796,0.847479,0.869562,0.865995,0.825138,0.868298,0.880759,0.835126,0.876995,0.900107,0.778342,0.84553,0.86852,0.862163,0.751119,0.732195,0.663303,0.726777,0.838483,0.841598,0.799132,0.739124,0.570244,0.864742,0.86556,0.867217,0.821872,0.824118,0.894518,0.879013,0.892741,0.898727,0.896946,0.848605,0.903451,1,0.775796,0.838198,0.821892,0.795729,0.845099,0.893946,0.863237,0.859853,0.844357,0.62006,0.563003,0.833936,0.851143,0.869554,0.867523,0.857089,0.865773,0.906204,0.690729,0.832513,0.868462,0.858965,0.756718,0.623719,0.837165,0.811833,0.853197,0.703253,0.691889,0.669164,0.832823,0.887076,0.853619,0.779043,0.845328
0.890834,0.865069,0.865408,0.859815,0.843747,0.853709,0.850004,0.84382,0.782815,0.791773,0.866664,0.774521,0.857983,0.814625,0.787955,0.841177,0.871499,0.720995,0.867533,0.855649,0.867655,0.799181,0.813791,0.864462,0.643592,0.86038,0.884161,0.858281,0.651548,0.747759,0.586603,0.824341,0.857849,0.874457,0.811004,0.773356,0.583592,0.798617,0.840616,0.848249,0.74358,0.841471,0.874451,0.816173,0.863199,0.837402,0.847256,0.841831,0.825103,0.775796,1,0.883159,0.879432,0.807709,0.85399,0.837464,0.81149,0.849182,0.848232,0.789551,0.738966,0.873848,0.812718,0.88817,0.868719,0.845993,0.894284,0.888651,0.729602,0.78161,0.883871,0.841028,0.687939,0.635448,0.797336,0.839447,0.83946,0.825033,0.638939,0.594711,0.819323,0.834843,0.869775,0.754342,0.796492
0.906348,0.867483,0.916876,0.923411,0.878008,0.905897,0.835271,0.848423,0.885354,0.895785,0.905747,0.880529,0.946742,0.864706,0.874508,0.912933,0.938944,0.864593,0.903601,0.93701,0.935399,0.867591,0.88269,0.93781,0.756663,0.916306,0.893339,0.895549,0.739125,0.763193,0.755646,0.871562,0.915808,0.891291,0.85975,0.827948,0.623673,0.872575,0.904614,0.903639,0.845975,0.912068,0.928807,0.895436,0.935691,0.921359,0.936865,0.912063,0.828748,0.838198,0.883159,1,0.945977,0.916029,0.951587,0.908927,0.864384,0.90996,0.939594,0.784452,0.687189,0.906195,0.927637,0.942244,0.938845,0.891789,0.938409,0.938716,0.799822,0.891162,0.946876,0.875176,0.833498,0.698101,0.87032,0.913663,0.873267,0.737646,0.74837,0.666231,0.864094,0.934414,0.921917,0.81342,0.902516
0.928158,0.895753,0.932496,0.923597,0.872736,0.932424,0.830169,0.911236,0.861746,0.911655,0.927564,0.867552,0.953403,0.887192,0.917196,0.929225,0.940541,0.860623,0.920993,0.92987,0.931565,0.899142,0.867606,0.933743,0.73871,0.894538,0.913805,0.902863,0.719829,0.771188,0.788164,0.901281,0.918883,0.912677,0.902566,0.766276,0.611346,0.878832,0.897328,0.917586,0.83993,0.90006,0.94127,0.913489,0.953414,0.933088,0.922563,0.926266,0.832775,0.821892,0.879432,0.945977,1,0.935805,0.963869,0.931796,0.867921,0.924187,0.966097,0.809036,0.676738,0.873157,0.91177,0.948355,0.939639,0.922216,0.925468,0.945032,0.772629,0.914383,0.926729,0.859115,0.806829,0.784634,0.903192,0.939967,0.916527,0.796777,0.786915,0.645151,0.872242,0.927007,0.928279,0.851621,0.876839
