1,0.934529,0.968529,0.910681,0.839638,0.901024,0.77708,0.71447,0.817183,0.777511,0.893566,0.782668,0.843296,0.852014,0.846451,0.807892,0.934879,0.90312,0.863403,0.825281,0.889168,0.757782,0.865714,0.919926,0.770025,0.904322,0.930121,0.787095,0.595479,0.708346,0.516027,0.793225,0.897874,0.877061,0.600729,0.685952,0.653264,0.784869,0.92339,0.91307,0.801462,0.836912,0.967098,0.936499,0.973589,0.925452,0.875875,0.84246,0.866952,0.784023,0.85632,0.83249,0.839567,0.771128,0.82759,0.950311,0.776925,0.852646,0.848349,0.786315,0.619165,0.784468,0.843385,0.908743,0.918545,0.778906,0.883595,0.940515,0.809075,0.801834,0.929998,0.769135,0.514196,0.696159,0.784541,0.883307,0.902083,0.882777,0.494836,0.587923,0.863914,0.922265,0.874725,0.410668,0.834968
0.934529,1,0.901879,0.853111,0.781286,0.857924,0.740504,0.685292,0.831422,0.703834,0.847206,0.742138,0.816451,0.877924,0.852684,0.824818,0.917069,0.888166,0.843553,0.767089,0.835437,0.713235,0.797508,0.851502,0.74573,0.867296,0.878282,0.725145,0.614017,0.617267,0.471115,0.774615,0.847845,0.825827,0.543527,0.620124,0.675662,0.763564,0.885336,0.892024,0.803792,0.829549,0.883773,0.903472,0.888166,0.856848,0.801992,0.788299,0.803596,0.742354,0.786782,0.772472,0.771496,0.74831,0.803888,0.900753,0.769603,0.818175,0.785113,0.770157,0.595903,0.704863,0.829752,0.835957,0.86505,0.664569,0.810047,0.862449,0.743688,0.67191,0.875004,0.695167,0.523235,0.680543,0.747626,0.825733,0.81914,0.820804,0.490611,0.590487,0.840943,0.86414,0.835173,0.305771,0.773755
0.968529,0.901879,1,0.925233,0.868331,0.902765,0.743873,0.713884,0.798555,0.764295,0.880325,0.757938,0.809654,0.832046,0.871459,0.790361,0.918335,0.879815,0.871134,0.834061,0.894235,0.74052,0.869856,0.925915,0.780605,0.917044,0.928729,0.784737,0.570277,0.686333,0.513139,0.764901,0.877053,0.87275,0.632831,0.675394,0.657723,0.743662,0.916564,0.912447,0.786276,0.850433,0.949104,0.895269,0.972941,0.908874,0.904046,0.84637,0.827489,0.757778,0.81118,0.804355,0.826644,0.771609,0.798552,0.947811,0.783002,0.808705,0.818068,0.805231,0.609367,0.779798,0.80777,0.913153,0.907851,0.792065,0.864895,0.942563,0.832046,0.799894,0.919977,0.763454,0.430656,0.684096,0.79325,0.859005,0.912216,0.894884,0.44974,0.566253,0.847389,0.926237,0.876639,0.421461,0.80737
0.910681,0.853111,0.925233,1,0.865679,0.824029,0.786991,0.698721,0.75755,0.707924,0.829079,0.78536,0.787236,0.75377,0.848158,0.813557,0.844984,0.841284,0.760872,0.784654,0.81071,0.752446,0.834263,0.905642,0.697033,0.859202,0.884678,0.750086,0.469879,0.653702,0.469069,0.709258,0.805164,0.850878,0.60391,0.569164,0.616499,0.691575,0.853305,0.859338,0.770226,0.781437,0.895119,0.823997,0.899568,0.895685,0.907935,0.853721,0.773567,0.737627,0.747207,0.796775,0.752435,0.716295,0.755727,0.881427,0.719622,0.800805,0.791167,0.769643,0.583831,0.740909,0.756487,0.848829,0.840772,0.739325,0.799042,0.935261,0.80568,0.798522,0.842787,0.830654,0.398632,0.65836,0.716009,0.755456,0.868963,0.843286,0.429802,0.442173,0.799928,0.90195,0.865037,0.226006,0.805379
0.839638,0.781286,0.868331,0.865679,1,0.842365,0.712906,0.663927,0.770935,0.706068,0.817408,0.620247,0.746323,0.706872,0.857014,0.78818,0.797734,0.745412,0.708929,0.810275,0.780682,0.789475,0.837092,0.921654,0.737674,0.792164,0.859522,0.75661,0.511092,0.711086,0.495914,0.670189,0.76492,0.813404,0.516286,0.482038,0.640417,0.700658,0.840356,0.840046,0.728829,0.748463,0.832106,0.763876,0.843415,0.85717,0.861797,0.818621,0.72375,0.708728,0.684496,0.744871,0.794582,0.620083,0.665473,0.823784,0.657118,0.761092,0.690532,0.703286,0.603006,0.65749,0.691857,0.824694,0.824611,0.696861,0.794571,0.893489,0.764622,0.761718,0.833398,0.773237,0.39859,0.581233,0.693216,0.752679,0.843658,0.776201,0.348197,0.354428,0.754577,0.907512,0.884315,0.288492,0.780751
0.901024,0.857924,0.902765,0.824029,0.842365,1,0.687873,0.67191,0.817339,0.753641,0.821436,0.6504,0.721682,0.786946,0.863533,0.75545,0.841126,0.756891,0.827108,0.816318,0.800961,0.773888,0.849254,0.890274,0.724495,0.856083,0.88602,0.814102,0.472579,0.700957,0.516183,0.692267,0.797332,0.788085,0.52722,0.711545,0.674615,0.652674,0.838875,0.846622,0.647523,0.760773,0.875551,0.795996,0.908895,0.843584,0.838687,0.827277,0.802514,0.693556,0.762944,0.778943,0.829388,0.682611,0.718826,0.884545,0.792451,0.737376,0.713674,0.757227,0.600968,0.639228,0.760681,0.833881,0.816155,0.748217,0.831282,0.866253,0.74958,0.67483,0.89396,0.649809,0.391172,0.573652,0.696242,0.832574,0.824592,0.791604,0.424553,0.541712,0.826724,0.878905,0.816319,0.42839,0.717718
0.77708,0.740504,0.743873,0.786991,0.712906,0.687873,1,0.778892,0.739598,0.724943,0.75957,0.837913,0.840285,0.725651,0.709472,0.786003,0.79004,0.808091,0.703115,0.610431,0.714161,0.654986,0.746192,0.769736,0.466611,0.689091,0.826938,0.707041,0.383433,0.669566,0.466976,0.68082,0.703088,0.758922,0.644385,0.469214,0.653491,0.774684,0.814788,0.769377,0.675846,0.711537,0.788886,0.733414,0.751402,0.818231,0.693708,0.703164,0.721496,0.844164,0.779584,0.85223,0.772282,0.747839,0.76542,0.794967,0.5207,0.808548,0.719624,0.694658,0.473022,0.673552,0.714446,0.721226,0.767673,0.584568,0.815235,0.811002,0.627948,0.734257,0.729995,0.740852,0.445903,0.582651,0.590189,0.695019,0.760837,0.656038,0.575839,0.425221,0.813437,0.753953,0.712602,0.169543,0.817624
0.71447,0.685292,0.713884,0.698721,0.663927,0.67191,0.778892,1,0.752443,0.662814,0.771438,0.686679,0.643862,0.753814,0.741814,0.68027,0.670708,0.744244,0.669785,0.586125,0.658428,0.700751,0.768308,0.779764,0.562824,0.689193,0.799721,0.724233,0.555861,0.575025,0.535665,0.686816,0.683253,0.732789,0.578091,0.479968,0.766213,0.641299,0.791925,0.720859,0.530223,0.675723,0.764962,0.641586,0.677533,0.712011,0.648665,0.689343,0.691608,0.854866,0.699384,0.676801,0.668618,0.657031,0.604229,0.787182,0.55889,0.671926,0.573546,0.751778,0.341307,0.648558,0.576993,0.591623,0.683833,0.62881,0.76674,0.775651,0.573,0.811098,0.728042,0.814253,0.340893,0.709756,0.689718,0.715174,0.742928,0.713127,0.354978,0.330157,0.743685,0.773376,0.718891,0.213906,0.785621
0.817183,0.831422,0.798555,0.75755,0.770935,0.817339,0.739598,0.752443,1,0.627361,0.831303,0.716878,0.766153,0.810267,0.82381,0.724584,0.817463,0.824897,0.783123,0.740335,0.777244,0.785838,0.807469,0.863941,0.647295,0.792771,0.815122,0.820288,0.614851,0.759066,0.38294,0.737108,0.752912,0.835422,0.522284,0.617127,0.710586,0.686208,0.850047,0.857325,0.707019,0.721046,0.81667,0.768319,0.797273,0.79964,0.735796,0.686474,0.871844,0.859028,0.740894,0.719102,0.770478,0.657301,0.655347,0.831628,0.625399,0.726648,0.641843,0.796146,0.474079,0.698057,0.775342,0.781236,0.839295,0.775547,0.817451,0.835498,0.639449,0.759704,0.839456,0.66046,0.398626,0.631605,0.654163,0.762088,0.804523,0.800883,0.364243,0.389916,0.870006,0.889171,0.79709,0.316253,0.734059
0.777511,0.703834,0.764295,0.707924,0.706068,0.753641,0.724943,0.662814,0.627361,1,0.867426,0.701127,0.78402,0.679565,0.698657,0.694627,0.811625,0.674002,0.668939,0.618962,0.677092,0.650938,0.699539,0.711566,0.532788,0.634553,0.811547,0.571577,0.523896,0.573826,0.53997,0.723521,0.756433,0.641388,0.577444,0.567666,0.569807,0.672041,0.749972,0.679649,0.630877,0.587983,0.784123,0.741899,0.821277,0.809484,0.619548,0.715015,0.639015,0.66004,0.821825,0.835729,0.886797,0.776355,0.83624,0.744435,0.469405,0.761922,0.80784,0.644415,0.656477,0.527988,0.664072,0.704512,0.720305,0.569423,0.728064,0.726227,0.513522,0.635106,0.734063,0.690154,0.344297,0.615229,0.723702,0.779311,0.694422,0.669406,0.489154,0.552589,0.794664,0.715936,0.636299,0.386138,0.693107
0.893566,0.847206,0.880325,0.829079,0.817408,0.821436,0.75957,0.771438,0.831303,0.867426,1,0.828203,0.886152,0.821702,0.855942,0.767756,0.916614,0.853245,0.811706,0.727417,0.825316,0.736254,0.852255,0.871634,0.715101,0.803162,0.88634,0.738679,0.71929,0.706873,0.514525,0.802907,0.837841,0.855629,0.680596,0.619311,0.693992,0.737634,0.878506,0.843034,0.799293,0.72949,0.925163,0.891001,0.913456,0.917462,0.786915,0.825653,0.810655,0.810344,0.828592,0.855839,0.90103,0.840734,0.865128,0.876154,0.619072,0.842352,0.869373,0.740417,0.549379,0.753431,0.800633,0.832126,0.874344,0.781715,0.846674,0.864914,0.690071,0.803158,0.861449,0.780974,0.504642,0.768971,0.823248,0.85013,0.849396,0.844579,0.385353,0.465176,0.889048,0.887163,0.818864,0.33779,0.822205
0.782668,0.742138,0.757938,0.78536,0.620247,0.6504,0.837913,0.686679,0.716878,0.701127,0.828203,1,0.919176,0.716566,0.696072,0.754222,0.839064,0.829674,0.739981,0.602593,0.7582,0.617404,0.740252,0.738562,0.461205,0.690029,0.77268,0.67194,0.449962,0.671888,0.356232,0.728045,0.705437,0.771546,0.77102,0.508003,0.607361,0.679964,0.795657,0.755053,0.72296,0.686101,0.82952,0.78912,0.796286,0.821965,0.7059,0.687863,0.685916,0.804094,0.729309,0.827575,0.764766,0.842354,0.882331,0.76901,0.531398,0.830042,0.850759,0.662031,0.429973,0.757962,0.769447,0.740259,0.789495,0.676278,0.759174,0.763749,0.640327,0.747036,0.718887,0.697129,0.50306,0.726095,0.652325,0.729647,0.753612,0.708251,0.432203,0.392791,0.780331,0.719586,0.667332,0.201591,0.790498
0.843296,0.816451,0.809654,0.787236,0.746323,0.721682,0.840285,0.643862,0.766153,0.78402,0.886152,0.919176,1,0.74667,0.746524,0.833128,0.935541,0.868272,0.76135,0.683944,0.83415,0.699667,0.738001,0.790986,0.527762,0.727164,0.822338,0.674321,0.532717,0.744003,0.438823,0.747131,0.790062,0.800163,0.701541,0.531469,0.651079,0.771246,0.863946,0.840681,0.788277,0.7493,0.862462,0.866421,0.855748,0.8875,0.738447,0.724119,0.730454,0.782694,0.780691,0.861755,0.85689,0.852378,0.938025,0.795328,0.524265,0.901746,0.917058,0.665938,0.559896,0.723531,0.80232,0.82812,0.867389,0.682067,0.774346,0.799163,0.663832,0.726418,0.784331,0.675912,0.581605,0.714458,0.710457,0.815758,0.784786,0.72787,0.48706,0.420496,0.833763,0.786333,0.741715,0.278612,0.822334
0.852014,0.877924,0.832046,0.75377,0.706872,0.786946,0.725651,0.753814,0.810267,0.679565,0.821702,0.716566,0.74667,1,0.831341,0.790086,0.802959,0.822646,0.906985,0.823736,0.859107,0.690016,0.83155,0.828507,0.620655,0.797582,0.903089,0.741237,0.661338,0.649219,0.508846,0.710262,0.766659,0.787286,0.580667,0.563839,0.71595,0.77749,0.88247,0.841424,0.712557,0.774982,0.863165,0.84205,0.809735,0.789567,0.749911,0.756926,0.74129,0.761677,0.725471,0.746466,0.705891,0.706727,0.718605,0.901252,0.737118,0.819448,0.713177,0.765997,0.607422,0.725289,0.850421,0.795195,0.858802,0.663092,0.818367,0.835698,0.65972,0.6836,0.858522,0.747937,0.494387,0.731682,0.721406,0.808695,0.839338,0.776982,0.444936,0.575469,0.866642,0.830699,0.820794,0.412073,0.781257
0.846451,0.852684,0.871459,0.848158,0.857014,0.863533,0.709472,0.741814,0.82381,0.698657,0.855942,0.696072,0.746524,0.831341,1,0.778089,0.821282,0.805704,0.81716,0.750518,0.793218,0.746049,0.83002,0.891805,0.703553,0.802814,0.865089,0.747411,0.587271,0.605147,0.484095,0.667015,0.703928,0.789233,0.644514,0.545535,0.726097,0.68707,0.84087,0.826988,0.748126,0.762019,0.855293,0.802868,0.82835,0.813957,0.815024,0.856385,0.767548,0.752881,0.660245,0.719187,0.746707,0.711637,0.688152,0.866194,0.730942,0.745178,0.7145,0.749167,0.533808,0.685439,0.728651,0.774031,0.803966,0.748723,0.769009,0.838826,0.743473,0.707795,0.8587,0.76919,0.380977,0.746718,0.774312,0.771207,0.833041,0.825045,0.345921,0.373698,0.841998,0.893094,0.839385,0.28446,0.765997
0.807892,0.824818,0.790361,0.813557,0.78818,0.75545,0.786003,0.68027,0.724584,0.694627,0.767756,0.754222,0.833128,0.790086,0.778089,1,0.79509,0.779697,0.745627,0.804075,0.838879,0.80765,0.731468,0.833188,0.514807,0.751992,0.849471,0.656274,0.392271,0.725087,0.447146,0.655431,0.737638,0.686195,0.533134,0.439371,0.707274,0.749455,0.865461,0.85808,0.655674,0.725481,0.799328,0.740918,0.773518,0.777435,0.807275,0.728696,0.621722,0.686809,0.657607,0.776903,0.70378,0.642307,0.775845,0.765543,0.685478,0.923722,0.759809,0.689074,0.676013,0.601066,0.679114,0.767873,0.813936,0.622106,0.699478,0.824564,0.732847,0.667004,0.800437,0.728908,0.528657,0.739816,0.641596,0.786101,0.791297,0.75837,0.436685,0.339021,0.766968,0.808811,0.856979,0.246987,0.788321
0.934879,0.917069,0.918335,0.844984,0.797734,0.841126,0.79004,0.670708,0.817463,0.811625,0.916614,0.839064,0.935541,0.802959,0.821282,0.79509,1,0.903907,0.840331,0.7377,0.869271,0.715368,0.798403,0.842661,0.694121,0.832862,0.881934,0.710257,0.60537,0.708753,0.489478,0.811425,0.856581,0.857427,0.674974,0.640043,0.647253,0.791391,0.901233,0.888217,0.832011,0.831148,0.911882,0.928098,0.936317,0.915451,0.794999,0.770954,0.834385,0.791667,0.839064,0.857487,0.890374,0.850163,0.913626,0.880461,0.630331,0.850975,0.90313,0.742615,0.592821,0.758278,0.841979,0.886337,0.904148,0.728149,0.831435,0.852492,0.730486,0.738404,0.882161,0.674613,0.521993,0.700788,0.777163,0.8841,0.836142,0.816714,0.505169,0.545633,0.865883,0.860442,0.788085,0.337306,0.802857
0.90312,0.888166,0.879815,0.841284,0.745412,0.756891,0.808091,0.744244,0.824897,0.674002,0.853245,0.829674,0.868272,0.822646,0.805704,0.779697,0.903907,1,0.842455,0.720465,0.862901,0.674884,0.802187,0.864834,0.684518,0.825313,0.858809,0.744861,0.608435,0.658147,0.448908,0.716503,0.780196,0.847628,0.645008,0.642358,0.694629,0.769684,0.895777,0.890839,0.83654,0.826336,0.903911,0.910667,0.875452,0.875004,0.822235,0.781897,0.822087,0.829488,0.801274,0.749518,0.765706,0.774592,0.793596,0.894395,0.664969,0.833999,0.81739,0.810344,0.477245,0.811229,0.808613,0.853754,0.890867,0.756471,0.821839,0.861896,0.763643,0.837272,0.851269,0.732635,0.539636,0.718648,0.736965,0.826521,0.837751,0.81427,0.551889,0.485373,0.829602,0.869159,0.793188,0.320862,0.813905
0.863403,0.843553,0.871134,0.760872,0.708929,0.827108,0.703115,0.669785,0.783123,0.668939,0.811706,0.739981,0.76135,0.906985,0.81716,0.745627,0.840331,0.842455,1,0.828325,0.915135,0.637351,0.807899,0.819541,0.614602,0.810552,0.877945,0.785913,0.525048,0.648883,0.373158,0.680503,0.730998,0.795914,0.60253,0.629723,0.682113,0.700038,0.888368,0.85793,0.735424,0.777536,0.862529,0.855898,0.865362,0.782162,0.750817,0.774613,0.7859,0.72962,0.713724,0.756223,0.726519,0.754274,0.738855,0.877928,0.743282,0.821736,0.741567,0.729694,0.524388,0.777549,0.877281,0.869,0.90382,0.768302,0.796348,0.8244,0.72959,0.671745,0.864816,0.655392,0.450049,0.673902,0.698462,0.814717,0.849755,0.819593,0.496007,0.561479,0.862137,0.835562,0.80496,0.358151,0.73904
0.825281,0.767089,0.834061,0.784654,0.810275,0.816318,0.610431,0.586125,0.740335,0.618962,0.727417,0.602593,0.683944,0.823736,0.750518,0.804075,0.7377,0.720465,0.828325,1,0.892388,0.769696,0.807045,0.877321,0.635325,0.761427,0.872591,0.8038,0.493294,0.801544,0.446034,0.563191,0.740525,0.761342,0.417441,0.601611,0.56821,0.677278,0.86477,0.875182,0.60862,0.754106,0.822485,0.766683,0.822858,0.771039,0.827281,0.735652,0.706305,0.622766,0.643482,0.7151,0.683494,0.578106,0.658377,0.817807,0.752632,0.823303,0.693128,0.730633,0.668066,0.627086,0.82369,0.896203,0.888627,0.742942,0.746459,0.879568,0.694099,0.676687,0.851149,0.681656,0.479082,0.603548,0.651709,0.839036,0.869295,0.775302,0.409745,0.459265,0.765477,0.877881,0.895031,0.440042,0.731077
0.889168,0.835437,0.894235,0.81071,0.780682,0.800961,0.714161,0.658428,0.777244,0.677092,0.825316,0.7582,0.83415,0.859107,0.793218,0.838879,0.869271,0.862901,0.915135,0.892388,1,0.723612,0.818053,0.879022,0.631814,0.862313,0.884514,0.798733,0.50945,0.765331,0.42295,0.66333,0.795716,0.837196,0.553398,0.595315,0.626697,0.750022,0.941059,0.919601,0.716062,0.82768,0.896146,0.872344,0.88153,0.843076,0.837888,0.751485,0.787513,0.747376,0.70708,0.752154,0.744955,0.757616,0.781495,0.870546,0.712627,0.898988,0.793483,0.761601,0.5744,0.765171,0.848802,0.935656,0.96123,0.831893,0.774643,0.887401,0.783761,0.7488,0.885337,0.711981,0.531058,0.722534,0.746484,0.880763,0.892832,0.860668,0.476181,0.42657,0.826706,0.891222,0.893369,0.418903,0.819983
0.757782,0.713235,0.74052,0.752446,0.789475,0.773888,0.654986,0.700751,0.785838,0.650938,0.736254,0.617404,0.699667,0.690016,0.746049,0.80765,0.715368,0.674884,0.637351,0.769696,0.723612,1,0.708494,0.825528,0.493289,0.696271,0.778686,0.686069,0.475336,0.754334,0.470156,0.671049,0.730722,0.661675,0.38039,0.390489,0.593614,0.643853,0.80817,0.784864,0.560747,0.628908,0.765087,0.642667,0.733018,0.736274,0.720509,0.637843,0.71127,0.688399,0.614201,0.640776,0.712601,0.533831,0.649966,0.698776,0.577797,0.753398,0.64233,0.65942,0.578359,0.538315,0.571587,0.68464,0.72617,0.676417,0.642875,0.775877,0.592298,0.722021,0.754886,0.730783,0.34505,0.656481,0.643329,0.728303,0.723642,0.74636,0.236229,0.29651,0.742795,0.808349,0.80866,0.294182,0.70528
0.865714,0.797508,0.869856,0.834263,0.837092,0.849254,0.746192,0.768308,0.807469,0.699539,0.852255,0.740252,0.738001,0.83155,0.83002,0.731468,0.798403,0.802187,0.807899,0.807045,0.818053,0.708494,1,0.904923,0.737166,0.815532,0.877211,0.804097,0.607799,0.778295,0.573598,0.718489,0.774146,0.865041,0.654909,0.65264,0.713218,0.718629,0.859324,0.838118,0.704001,0.80308,0.903499,0.809562,0.864635,0.882451,0.875973,0.837652,0.768135,0.816432,0.771347,0.775269,0.772928,0.714918,0.696218,0.908313,0.680637,0.767275,0.713339,0.802539,0.532765,0.831837,0.782269,0.834969,0.852099,0.761501,0.898821,0.90771,0.731648,0.830353,0.880225,0.790014,0.469193,0.630399,0.729266,0.824409,0.910681,0.790959,0.360234,0.494214,0.788731,0.88976,0.846221,0.46081,0.799738
0.919926,0.851502,0.925915,0.905642,0.921654,0.890274,0.769736,0.779764,0.863941,0.711566,0.871634,0.738562,0.790986,0.828507,0.891805,0.833188,0.842661,0.864834,0.819541,0.877321,0.879022,0.825528,0.904923,1,0.760791,0.878343,0.925802,0.879331,0.563015,0.782028,0.485858,0.692133,0.810188,0.877778,0.597601,0.623495,0.716243,0.74012,0.931332,0.917858,0.730247,0.821391,0.932522,0.828654,0.903206,0.896957,0.929947,0.85717,0.836212,0.821882,0.763346,0.782192,0.801553,0.669846,0.711141,0.915729,0.778614,0.82275,0.738633,0.83175,0.574416,0.755552,0.783971,0.875671,0.900333,0.809555,0.861195,0.967062,0.81135,0.871828,0.922174,0.821772,0.448958,0.698964,0.758557,0.852064,0.912892,0.868615,0.437497,0.406351,0.830832,0.970342,0.925653,0.357991,0.853831
0.770025,0.74573,0.780605,0.697033,0.737674,0.724495,0.466611,0.562824,0.647295,0.532788,0.715101,0.461205,0.527762,0.620655,0.703553,0.514807,0.694121,0.684518,0.614602,0.635325,0.631814,0.493289,0.737166,0.760791,1,0.742024,0.725069,0.615672,0.678818,0.486119,0.381088,0.62257,0.673677,0.771487,0.360505,0.582803,0.503374,0.508265,0.653501,0.711194,0.64861,0.67874,0.748416,0.765251,0.755004,0.727226,0.754251,0.685617,0.656911,0.567296,0.604633,0.537924,0.647473,0.51826,0.513901,0.779996,0.726248,0.536738,0.552451,0.608059,0.310551,0.611057,0.635648,0.722337,0.6985,0.615785,0.714793,0.757387,0.674996,0.650286,0.719217,0.531614,0.463836,0.47336,0.622584,0.661671,0.733624,0.696717,0.252097,0.408939,0.598681,0.771619,0.721543,0.324762,0.580072
0.904322,0.867296,0.917044,0.859202,0.792164,0.856083,0.689091,0.689193,0.792771,0.634553,0.803162,0.690029,0.727164,0.797582,0.802814,0.751992,0.832862,0.825313,0.810552,0.761427,0.862313,0.696271,0.815532,0.878343,0.742024,1,0.863822,0.786221,0.483422,0.627326,0.400114,0.760427,0.834176,0.847634,0.501137,0.575123,0.597374,0.734408,0.876941,0.885143,0.684146,0.770216,0.884758,0.804909,0.879981,0.85017,0.862686,0.746449,0.813175,0.744244,0.725656,0.723631,0.75873,0.692259,0.679056,0.893221,0.758302,0.746432,0.657738,0.764448,0.513784,0.719621,0.745098,0.836723,0.857928,0.771801,0.830786,0.900142,0.847705,0.730896,0.874759,0.71562,0.43383,0.615539,0.73967,0.766958,0.839246,0.853226,0.419132,0.437791,0.794415,0.889846,0.855595,0.379087,0.801622
0.930121,0.878282,0.928729,0.884678,0.859522,0.88602,0.826938,0.799721,0.815122,0.811547,0.88634,0.77268,0.822338,0.903089,0.865089,0.849471,0.881934,0.858809,0.877945,0.872591,0.884514,0.778686,0.877211,0.925802,0.725069,0.863822,1,0.818038,0.582767,0.737862,0.528091,0.749689,0.859194,0.866809,0.615058,0.633837,0.72179,0.809065,0.936265,0.904453,0.753515,0.829079,0.932387,0.872563,0.918296,0.90817,0.863448,0.850578,0.787467,0.807179,0.804302,0.867562,0.842329,0.762379,0.800148,0.938232,0.760954,0.867712,0.807893,0.779456,0.65663,0.726819,0.840953,0.880888,0.907246,0.717945,0.887198,0.942223,0.762767,0.785237,0.918473,0.83074,0.491713,0.717848,0.783797,0.880272,0.908133,0.842476,0.505725,0.550888,0.890853,0.91914,0.888662,0.360976,0.871315
0.787095,0.725145,0.784737,0.750086,0.75661,0.814102,0.707041,0.724233,0.820288,0.571577,0.738679,0.67194,0.674321,0.741237,0.747411,0.656274,0.710257,0.744861,0.785913,0.8038,0.798733,0.686069,0.804097,0.879331,0.615672,0.786221,0.818038,1,0.374624,0.716332,0.283308,0.51578,0.706109,0.815971,0.520743,0.666291,0.629443,0.606172,0.844305,0.816977,0.533511,0.722933,0.822763,0.692224,0.792936,0.7837,0.750957,0.729977,0.833032,0.786904,0.673866,0.719874,0.72935,0.647636,0.606457,0.811403,0.698912,0.716584,0.593946,0.766096,0.386692,0.661007,0.805634,0.806944,0.839273,0.786045,0.801815,0.867012,0.679755,0.742168,0.810696,0.681474,0.354788,0.559456,0.644782,0.754444,0.797386,0.744243,0.462197,0.367886,0.768609,0.864401,0.805113,0.293705,0.814433
0.595479,0.614017,0.570277,0.469879,0.511092,0.472579,0.383433,0.555861,0.614851,0.523896,0.71929,0.449962,0.532717,0.661338,0.587271,0.392271,0.60537,0.608435,0.525048,0.493294,0.50945,0.475336,0.607799,0.563015,0.678818,0.483422,0.582767,0.374624,1,0.473746,0.567014,0.628611,0.578001,0.64886,0.356395,0.381741,0.464726,0.514331,0.562324,0.561597,0.625984,0.523999,0.629872,0.70906,0.580251,0.615648,0.472375,0.536317,0.529436,0.536856,0.568649,0.438823,0.550029,0.515198,0.524791,0.63576,0.42254,0.471144,0.561473,0.484299,0.301486,0.533663,0.572579,0.542782,0.574803,0.473221,0.568106,0.556848,0.313957,0.565916,0.546569,0.512948,0.538453,0.532623,0.616996,0.59507,0.593299,0.549511,0.0760682,0.427041,0.624009,0.601334,0.553926,0.312764,0.479406
0.708346,0.617267,0.686333,0.653702,0.711086,0.700957,0.669566,0.575025,0.759066,0.573826,0.706873,0.671888,0.744003,0.649219,0.605147,0.725087,0.708753,0.658147,0.648883,0.801544,0.765331,0.754334,0.778295,0.782028,0.486119,0.627326,0.737862,0.716332,0.473746,1,0.425315,0.566769,0.694856,0.725362,0.477782,0.555369,0.560212,0.62415,0.784509,0.765626,0.566683,0.659273,0.735962,0.668684,0.717632,0.73493,0.734054,0.604556,0.668313,0.669512,0.65238,0.690484,0.676318,0.591198,0.674651,0.66707,0.5082,0.756294,0.689541,0.621316,0.503517,0.671871,0.698168,0.782045,0.795102,0.705343,0.718019,0.772941,0.579574,0.707713,0.728628,0.581614,0.482725,0.53266,0.528491,0.766806,0.780898,0.655464,0.250195,0.339384,0.722387,0.77194,0.775024,0.384997,0.670891
0.516027,0.471115,0.513139,0.469069,0.495914,0.516183,0.466976,0.535665,0.38294,0.53997,0.514525,0.356232,0.438823,0.508846,0.484095,0.447146,0.489478,0.448908,0.373158,0.446034,0.42295,0.470156,0.573598,0.485858,0.381088,0.400114,0.528091,0.283308,0.567014,0.425315,1,0.435213,0.49238,0.48483,0.406241,0.382678,0.450263,0.504527,0.47854,0.461546,0.377972,0.567466,0.534788,0.513172,0.504354,0.573011,0.485687,0.554812,0.33951,0.418099,0.548678,0.44537,0.467836,0.440994,0.463455,0.585358,0.290104,0.409681,0.496571,0.507318,0.455739,0.329798,0.342205,0.450436,0.388315,0.343083,0.522988,0.511189,0.261633,0.46119,0.519263,0.50979,0.464977,0.331882,0.503325,0.578723,0.491758,0.360113,0.230944,0.411282,0.428291,0.476609,0.452708,0.320284,0.444646
0.793225,0.774615,0.764901,0.709258,0.670189,0.692267,0.68082,0.686816,0.737108,0.723521,0.802907,0.728045,0.747131,0.710262,0.667015,0.655431,0.811425,0.716503,0.680503,0.563191,0.66333,0.671049,0.718489,0.692133,0.62257,0.760427,0.749689,0.51578,0.628611,0.566769,0.435213,1,0.783013,0.742433,0.514927,0.377173,0.56149,0.718624,0.76374,0.733557,0.710787,0.605862,0.767426,0.751866,0.772124,0.748734,0.60801,0.600997,0.692828,0.732813,0.749892,0.711765,0.767532,0.69087,0.733951,0.759763,0.506604,0.692739,0.669113,0.60448,0.495477,0.680756,0.665529,0.659717,0.731877,0.569533,0.781439,0.728233,0.620114,0.668777,0.716242,0.649001,0.426627,0.580812,0.652004,0.672484,0.723755,0.726402,0.314888,0.504638,0.754677,0.721964,0.668607,0.278811,0.680672
0.897874,0.847845,0.877053,0.805164,0.76492,0.797332,0.703088,0.683253,0.752912,0.756433,0.837841,0.705437,0.790062,0.766659,0.703928,0.737638,0.856581,0.780196,0.730998,0.740525,0.795716,0.730722,0.774146,0.810188,0.673677,0.834176,0.859194,0.706109,0.578001,0.694856,0.49238,0.783013,1,0.80357,0.490503,0.632587,0.606613,0.729677,0.86507,0.846994,0.694367,0.773456,0.860934,0.829449,0.89142,0.85303,0.753936,0.71648,0.748544,0.694082,0.815943,0.778534,0.795781,0.78387,0.820691,0.841819,0.638391,0.793005,0.808794,0.675436,0.620262,0.690023,0.732942,0.807284,0.842306,0.662981,0.814133,0.86939,0.704286,0.686027,0.820492,0.739442,0.455153,0.620831,0.779774,0.810724,0.808062,0.826337,0.39949,0.602177,0.812366,0.826307,0.830468,0.428063,0.791003
0.877061,0.825827,0.87275,0.850878,0.813404,0.788085,0.758922,0.732789,0.835422,0.641388,0.855629,0.771546,0.800163,0.787286,0.789233,0.686195,0.857427,0.847628,0.795914,0.761342,0.837196,0.661675,0.865041,0.877778,0.771487,0.847634,0.866809,0.815971,0.64886,0.725362,0.48483,0.742433,0.80357,1,0.58826,0.606182,0.632869,0.687842,0.864149,0.852311,0.761146,0.777156,0.90391,0.879063,0.872504,0.903326,0.825997,0.818902,0.812757,0.841652,0.757945,0.765061,0.771765,0.755288,0.735036,0.90236,0.657609,0.751004,0.747497,0.755878,0.401137,0.793627,0.848348,0.882474,0.88859,0.771026,0.843317,0.914225,0.704812,0.809579,0.814239,0.751024,0.484753,0.58075,0.7111,0.790834,0.898413,0.819474,0.352081,0.387223,0.821708,0.892525,0.84286,0.235103,0.819089
0.600729,0.543527,0.632831,0.60391,0.516286,0.52722,0.644385,0.578091,0.522284,0.577444,0.680596,0.77102,0.701541,0.580667,0.644514,0.533134,0.674974,0.645008,0.60253,0.417441,0.553398,0.38039,0.654909,0.597601,0.360505,0.501137,0.615058,0.520743,0.356395,0.477782,0.406241,0.514927,0.490503,0.58826,1,0.475927,0.606712,0.592906,0.612593,0.510113,0.593519,0.610739,0.673924,0.576673,0.63171,0.65626,0.583057,0.636835,0.535049,0.676782,0.55851,0.670936,0.625731,0.687852,0.671298,0.622387,0.37458,0.568386,0.698004,0.518298,0.349735,0.653873,0.56386,0.52386,0.567155,0.489166,0.653262,0.57351,0.537814,0.595853,0.616767,0.574768,0.294593,0.613926,0.589622,0.594337,0.591411,0.512399,0.354922,0.349612,0.562013,0.546308,0.458173,0.206234,0.648672
0.685952,0.620124,0.675394,0.569164,0.482038,0.711545,0.469214,0.479968,0.617127,0.567666,0.619311,0.508003,0.531469,0.563839,0.545535,0.439371,0.640043,0.642358,0.629723,0.601611,0.595315,0.390489,0.65264,0.623495,0.582803,0.575123,0.633837,0.666291,0.381741,0.555369,0.382678,0.377173,0.632587,0.606182,0.475927,1,0.512572,0.359539,0.592041,0.622007,0.459279,0.591009,0.672676,0.653634,0.725509,0.652068,0.627311,0.631068,0.646117,0.492611,0.708,0.577024,0.600227,0.628393,0.56612,0.707343,0.555278,0.520393,0.629153,0.689508,0.37749,0.512956,0.648953,0.707857,0.648379,0.654666,0.693367,0.648621,0.49416,0.534505,0.699538,0.386444,0.270472,0.354835,0.54367,0.69076,0.594652,0.60107,0.457875,0.557515,0.60625,0.663187,0.532721,0.48572,0.457935
0.653264,0.675662,0.657723,0.616499,0.640417,0.674615,0.653491,0.766213,0.710586,0.569807,0.693992,0.607361,0.651079,0.71595,0.726097,0.707274,0.647253,0.694629,0.682113,0.56821,0.626697,0.593614,0.713218,0.716243,0.503374,0.597374,0.72179,0.629443,0.464726,0.560212,0.450263,0.56149,0.606613,0.632869,0.606712,0.512572,1,0.581774,0.717975,0.706352,0.58695,0.691973,0.683534,0.603673,0.644054,0.653199,0.631459,0.719764,0.543718,0.710593,0.602857,0.616827,0.564096,0.540532,0.544939,0.706795,0.52858,0.64023,0.569153,0.640087,0.462551,0.6712,0.535258,0.556381,0.636452,0.498725,0.66115,0.676829,0.547028,0.62478,0.691526,0.618681,0.40749,0.594995,0.554747,0.647182,0.687562,0.608387,0.370224,0.356313,0.672071,0.673437,0.626087,0.221326,0.670979
0.784869,0.763564,0.743662,0.691575,0.700658,0.652674,0.774684,0.641299,0.686208,0.672041,0.737634,0.679964,0.771246,0.77749,0.68707,0.749455,0.791391,0.769684,0.700038,0.677278,0.750022,0.643853,0.718629,0.74012,0.508265,0.734408,0.809065,0.606172,0.514331,0.62415,0.504527,0.718624,0.729677,0.687842,0.592906,0.359539,0.581774,1,0.817497,0.796202,0.697903,0.765382,0.765746,0.742434,0.72666,0.768707,0.64635,0.583948,0.709085,0.776295,0.69175,0.77865,0.74165,0.629885,0.696101,0.756526,0.450249,0.760373,0.69009,0.644747,0.670092,0.671527,0.689999,0.693875,0.765633,0.53564,0.758234,0.752669,0.671708,0.652536,0.794102,0.705557,0.585545,0.678088,0.637094,0.777801,0.765814,0.65275,0.536434,0.448337,0.746091,0.745062,0.713943,0.359288,0.839184
0.92339,0.885336,0.916564,0.853305,0.840356,0.838875,0.814788,0.791925,0.850047,0.749972,0.878506,0.795657,0.863946,0.88247,0.84087,0.865461,0.901233,0.895777,0.888368,0.86477,0.941059,0.80817,0.859324,0.931332,0.653501,0.876941,0.936265,0.844305,0.562324,0.784509,0.47854,0.76374,0.86507,0.864149,0.612593,0.592041,0.717975,0.817497,1,0.942552,0.755498,0.855026,0.925902,0.85928,0.904907,0.886139,0.835328,0.80144,0.830143,0.84437,0.809028,0.819065,0.812522,0.770436,0.809948,0.90183,0.708325,0.904751,0.792518,0.80991,0.615506,0.765654,0.84004,0.895897,0.953485,0.773158,0.864426,0.934567,0.759665,0.816778,0.923992,0.814123,0.49198,0.731948,0.815222,0.892789,0.897657,0.877776,0.513936,0.495294,0.8694,0.927762,0.908477,0.330578,0.902097
0.91307,0.892024,0.912447,0.859338,0.840046,0.846622,0.769377,0.720859,0.857325,0.679649,0.843034,0.755053,0.840681,0.841424,0.826988,0.85808,0.888217,0.890839,0.85793,0.875182,0.919601,0.784864,0.838118,0.917858,0.711194,0.885143,0.904453,0.816977,0.561597,0.765626,0.461546,0.733557,0.846994,0.852311,0.510113,0.622007,0.706352,0.796202,0.942552,1,0.726512,0.867894,0.889066,0.85755,0.899106,0.874905,0.851095,0.757636,0.818911,0.784618,0.786257,0.803189,0.793798,0.718271,0.768706,0.899402,0.70661,0.865424,0.76588,0.815261,0.623768,0.751247,0.822944,0.912726,0.939226,0.789612,0.839972,0.927176,0.804488,0.779486,0.919786,0.708693,0.591401,0.698053,0.72219,0.883283,0.90144,0.86495,0.476718,0.442222,0.860174,0.93557,0.903014,0.375917,0.845999
0.801462,0.803792,0.786276,0.770226,0.728829,0.647523,0.675846,0.530223,0.707019,0.630877,0.799293,0.72296,0.788277,0.712557,0.748126,0.655674,0.832011,0.83654,0.735424,0.60862,0.716062,0.560747,0.704001,0.730247,0.64861,0.684146,0.753515,0.533511,0.625984,0.566683,0.377972,0.710787,0.694367,0.761146,0.593519,0.459279,0.58695,0.697903,0.755498,0.726512,1,0.712462,0.784974,0.869413,0.788404,0.780366,0.711268,0.752536,0.683792,0.661992,0.649437,0.667009,0.655942,0.683862,0.713756,0.772875,0.545821,0.716592,0.778786,0.592244,0.486663,0.735122,0.712658,0.749184,0.773704,0.601287,0.724361,0.732204,0.642419,0.665574,0.723847,0.687833,0.46604,0.5776,0.689597,0.633004,0.74307,0.698881,0.432759,0.529744,0.711528,0.751568,0.681296,0.155123,0.652573
0.836912,0.829549,0.850433,0.781437,0.748463,0.760773,0.711537,0.675723,0.721046,0.587983,0.72949,0.686101,0.7493,0.774982,0.762019,0.725481,0.831148,0.826336,0.777536,0.754106,0.82768,0.628908,0.80308,0.821391,0.67874,0.770216,0.829079,0.722933,0.523999,0.659273,0.567466,0.605862,0.773456,0.777156,0.610739,0.591009,0.691973,0.765382,0.855026,0.867894,0.712462,1,0.804744,0.793047,0.806414,0.807678,0.787468,0.703459,0.721341,0.73299,0.682464,0.703176,0.665092,0.68488,0.699267,0.842015,0.641896,0.716977,0.7235,0.723837,0.556332,0.720958,0.721979,0.79325,0.808559,0.625707,0.766598,0.823327,0.717555,0.695863,0.866947,0.670284,0.592524,0.633985,0.73067,0.841023,0.796547,0.707693,0.546336,0.537297,0.688063,0.806376,0.76206,0.34369,0.789748
0.967098,0.883773,0.949104,0.895119,0.832106,0.875551,0.788886,0.764962,0.81667,0.784123,0.925163,0.82952,0.862462,0.863165,0.855293,0.799328,0.911882,0.903911,0.862529,0.822485,0.896146,0.765087,0.903499,0.932522,0.748416,0.884758,0.932387,0.822763,0.629872,0.735962,0.534788,0.767426,0.860934,0.90391,0.673924,0.672676,0.683534,0.765746,0.925902,0.889066,0.784974,0.804744,1,0.927368,0.96192,0.946859,0.887769,0.872917,0.857061,0.827526,0.836872,0.832667,0.858115,0.794447,0.834345,0.952141,0.756501,0.865624,0.85688,0.805712,0.554001,0.810444,0.845009,0.903624,0.920046,0.814241,0.887924,0.944961,0.774141,0.855277,0.905486,0.815843,0.520375,0.726706,0.811954,0.874963,0.920398,0.868598,0.453974,0.5376,0.867731,0.921054,0.87151,0.417,0.869979
0.936499,0.903472,0.895269,0.823997,0.763876,0.795996,0.733414,0.641586,0.768319,0.741899,0.891001,0.78912,0.866421,0.84205,0.802868,0.740918,0.928098,0.910667,0.855898,0.766683,0.872344,0.642667,0.809562,0.828654,0.765251,0.804909,0.872563,0.692224,0.70906,0.668684,0.513172,0.751866,0.829449,0.879063,0.576673,0.653634,0.603673,0.742434,0.85928,0.85755,0.869413,0.793047,0.927368,1,0.919466,0.89105,0.794832,0.807819,0.8021,0.729472,0.791981,0.769273,0.796692,0.824988,0.851058,0.913522,0.700768,0.846196,0.889583,0.726385,0.508925,0.786474,0.871207,0.906939,0.908422,0.761047,0.817231,0.85639,0.722811,0.73785,0.834556,0.701703,0.613953,0.678833,0.749732,0.846676,0.866994,0.81335,0.466405,0.5787,0.850643,0.858311,0.816709,0.377013,0.762834
0.973589,0.888166,0.972941,0.899568,0.843415,0.908895,0.751402,0.677533,0.797273,0.821277,0.913456,0.796286,0.855748,0.809735,0.82835,0.773518,0.936317,0.875452,0.865362,0.822858,0.88153,0.733018,0.864635,0.903206,0.755004,0.879981,0.918296,0.792936,0.580251,0.717632,0.504354,0.772124,0.89142,0.872504,0.63171,0.725509,0.644054,0.72666,0.904907,0.899106,0.788404,0.806414,0.96192,0.919466,1,0.939479,0.867191,0.859423,0.836178,0.751464,0.866151,0.858445,0.882625,0.808871,0.86061,0.934377,0.744392,0.8434,0.876082,0.76907,0.622887,0.765478,0.852223,0.932479,0.921206,0.794657,0.883132,0.928158,0.780474,0.786687,0.909533,0.732685,0.479111,0.661115,0.793054,0.875053,0.897635,0.866652,0.457369,0.6007,0.869442,0.907526,0.842043,0.43091,0.808815
0.925452,0.856848,0.908874,0.895685,0.85717,0.843584,0.818231,0.712011,0.79964,0.809484,0.917462,0.821965,0.8875,0.789567,0.813957,0.777435,0.915451,0.875004,0.782162,0.771039,0.843076,0.736274,0.882451,0.896957,0.727226,0.85017,0.90817,0.7837,0.615648,0.73493,0.573011,0.748734,0.85303,0.903326,0.65626,0.652068,0.653199,0.768707,0.886139,0.874905,0.780366,0.807678,0.946859,0.89105,0.939479,1,0.863504,0.855327,0.813581,0.816778,0.86046,0.87082,0.897756,0.802342,0.842221,0.910296,0.624256,0.834836,0.854189,0.760264,0.595078,0.752011,0.831089,0.896737,0.889691,0.742305,0.87636,0.922636,0.72001,0.817751,0.87653,0.784069,0.54426,0.644925,0.788885,0.841964,0.864013,0.798685,0.460168,0.500082,0.848152,0.895074,0.826234,0.369036,0.866811
0.875875,0.801992,0.904046,0.907935,0.861797,0.838687,0.693708,0.648665,0.735796,0.619548,0.786915,0.7059,0.738447,0.749911,0.815024,0.807275,0.794999,0.822235,0.750817,0.827281,0.837888,0.720509,0.875973,0.929947,0.754251,0.862686,0.863448,0.750957,0.472375,0.734054,0.485687,0.60801,0.753936,0.825997,0.583057,0.627311,0.631459,0.64635,0.835328,0.851095,0.711268,0.787468,0.887769,0.794832,0.867191,0.863504,1,0.845997,0.707527,0.687373,0.676928,0.717872,0.704714,0.621546,0.675598,0.877158,0.787554,0.770049,0.725626,0.763584,0.54128,0.738033,0.703464,0.851852,0.826504,0.75274,0.803052,0.918496,0.820153,0.818585,0.863887,0.746844,0.415371,0.612107,0.694805,0.773433,0.86591,0.80337,0.39081,0.381242,0.708337,0.886431,0.866125,0.387252,0.737355
0.84246,0.788299,0.84637,0.853721,0.818621,0.827277,0.703164,0.689343,0.686474,0.715015,0.825653,0.687863,0.724119,0.756926,0.856385,0.728696,0.770954,0.781897,0.774613,0.735652,0.751485,0.637843,0.837652,0.85717,0.685617,0.746449,0.850578,0.729977,0.536317,0.604556,0.554812,0.600997,0.71648,0.818902,0.636835,0.631068,0.719764,0.583948,0.80144,0.757636,0.752536,0.703459,0.872917,0.807819,0.859423,0.855327,0.845997,1,0.659278,0.667479,0.716416,0.74857,0.696192,0.693088,0.705257,0.862951,0.730736,0.747765,0.759948,0.665692,0.502061,0.672539,0.737727,0.79348,0.777842,0.660818,0.792984,0.860004,0.675764,0.722643,0.792215,0.78784,0.389717,0.572976,0.763902,0.723195,0.828094,0.742547,0.38249,0.476563,0.749345,0.82801,0.785546,0.200792,0.739648
0.866952,0.803596,0.827489,0.773567,0.72375,0.802514,0.721496,0.691608,0.871844,0.639015,0.810655,0.685916,0.730454,0.74129,0.767548,0.621722,0.834385,0.822087,0.7859,0.706305,0.787513,0.71127,0.768135,0.836212,0.656911,0.813175,0.787467,0.833032,0.529436,0.668313,0.33951,0.692828,0.748544,0.812757,0.535049,0.646117,0.543718,0.709085,0.830143,0.818911,0.683792,0.721341,0.857061,0.8021,0.836178,0.813581,0.707527,0.659278,1,0.826732,0.774802,0.726567,0.801596,0.6734,0.657075,0.827524,0.605941,0.701209,0.674918,0.77549,0.407989,0.728651,0.785814,0.807544,0.846307,0.826469,0.807571,0.831779,0.693526,0.763306,0.847198,0.640414,0.387658,0.609019,0.658767,0.769608,0.781748,0.806967,0.483779,0.453719,0.831178,0.878965,0.76495,0.346225,0.755398
0.784023,0.742354,0.757778,0.737627,0.708728,0.693556,0.844164,0.854866,0.859028,0.66004,0.810344,0.804094,0.782694,0.761677,0.752881,0.686809,0.791667,0.829488,0.72962,0.622766,0.747376,0.688399,0.816432,0.821882,0.567296,0.744244,0.807179,0.786904,0.536856,0.669512,0.418099,0.732813,0.694082,0.841652,0.676782,0.492611,0.710593,0.776295,0.84437,0.784618,0.661992,0.73299,0.827526,0.729472,0.751464,0.816778,0.687373,0.667479,0.826732,1,0.766899,0.77589,0.768542,0.674049,0.667991,0.816124,0.495441,0.717531,0.639431,0.781567,0.437795,0.762605,0.722306,0.710742,0.795386,0.683689,0.816766,0.814544,0.600822,0.850419,0.799727,0.765212,0.384163,0.688253,0.674851,0.772736,0.805884,0.759883,0.41666,0.30291,0.798777,0.813066,0.711362,0.247145,0.852484
0.85632,0.786782,0.81118,0.747207,0.684496,0.762944,0.779584,0.699384,0.740894,0.821825,0.828592,0.729309,0.780691,0.725471,0.660245,0.657607,0.839064,0.801274,0.713724,0.643482,0.70708,0.614201,0.771347,0.763346,0.604633,0.725656,0.804302,0.673866,0.568649,0.65238,0.548678,0.749892,0.815943,0.757945,0.55851,0.708,0.602857,0.69175,0.809028,0.786257,0.649437,0.682464,0.836872,0.791981,0.866151,0.86046,0.676928,0.716416,0.774802,0.766899,1,0.845231,0.846351,0.717392,0.78332,0.827529,0.514862,0.739886,0.756031,0.773749,0.625875,0.679517,0.763959,0.789083,0.797722,0.614911,0.860452,0.8186,0.56233,0.748003,0.816528,0.648736,0.416916,0.540101,0.67192,0.805842,0.758008,0.73331,0.484327,0.621267,0.827257,0.782273,0.674179,0.388751,0.749193
0.83249,0.772472,0.804355,0.796775,0.744871,0.778943,0.85223,0.676801,0.719102,0.835729,0.855839,0.827575,0.861755,0.746466,0.719187,0.776903,0.857487,0.749518,0.756223,0.7151,0.752154,0.640776,0.775269,0.782192,0.537924,0.723631,0.867562,0.719874,0.438823,0.690484,0.44537,0.711765,0.778534,0.765061,0.670936,0.577024,0.616827,0.77865,0.819065,0.803189,0.667009,0.703176,0.832667,0.769273,0.858445,0.87082,0.717872,0.74857,0.726567,0.77589,0.845231,1,0.883607,0.765033,0.864121,0.806919,0.556902,0.835768,0.826604,0.646142,0.676698,0.64963,0.81066,0.795163,0.81795,0.60055,0.847126,0.827585,0.62914,0.679581,0.826633,0.698274,0.4708,0.651146,0.694955,0.816129,0.810958,0.697509,0.496892,0.492736,0.844399,0.784182,0.717595,0.28367,0.826587
0.839567,0.771496,0.826644,0.752435,0.794582,0.829388,0.772282,0.668618,0.770478,0.886797,0.90103,0.764766,0.85689,0.705891,0.746707,0.70378,0.890374,0.765706,0.726519,0.683494,0.744955,0.712601,0.772928,0.801553,0.647473,0.75873,0.842329,0.72935,0.550029,0.676318,0.467836,0.767532,0.795781,0.771765,0.625731,0.600227,0.564096,0.74165,0.812522,0.793798,0.655942,0.665092,0.858115,0.796692,0.882625,0.897756,0.704714,0.696192,0.801596,0.768542,0.846351,0.883607,1,0.79111,0.850405,0.805028,0.527814,0.78938,0.802462,0.698065,0.568926,0.625738,0.771889,0.806531,0.82141,0.696941,0.830763,0.802741,0.636793,0.708654,0.807597,0.640176,0.449635,0.616882,0.713144,0.817719,0.758762,0.715504,0.459416,0.482588,0.847532,0.80904,0.720156,0.42984,0.789613
