1,0.922775,0.965272,0.892016,0.87286,0.808198,0.79566,0.828291,0.674818,0.807605,0.917261,0.816897,0.92088,0.88539,0.777596,0.944977,0.950897,0.66533,0.850137,0.950272,0.961532,0.835535,0.868444,0.929358,0.274415,0.87279,0.89409,0.62205,0.647693,0.66572,0.59214,0.753338,0.890885,0.91272,0.800201,0.547495,0.5026,0.758979,0.954924,0.875089,0.486101,0.838293,0.948087,0.924223,0.96731,0.89839,0.870359,0.805268,0.708553,0.727855,0.749921,0.852202,0.829701,0.846058,0.896422,0.931564,0.742856,0.945071,0.913276,0.763541,0.635979,0.882955,0.896435,0.931302,0.962063,0.784915,0.793207,0.94288,0.769493,0.767809,0.858917,0.866936,0.369345,0.4775,0.738913,0.924685,0.928602,0.764354,0.74419,0.581894,0.671085,0.934934,0.923536,0.631027,0.796891
0.922775,1,0.899183,0.80077,0.803588,0.80299,0.776132,0.795464,0.707802,0.741255,0.877076,0.784188,0.866794,0.820723,0.770664,0.8998,0.915618,0.729596,0.848853,0.914845,0.924059,0.813747,0.892139,0.922657,0.350908,0.822493,0.879717,0.653683,0.643041,0.563203,0.459369,0.690931,0.826881,0.823092,0.708773,0.544495,0.492386,0.748128,0.866479,0.827549,0.415919,0.798441,0.928831,0.865902,0.908954,0.836937,0.813453,0.709402,0.627148,0.72444,0.718059,0.876681,0.803977,0.860105,0.892062,0.900271,0.743992,0.918563,0.891923,0.769361,0.676095,0.83773,0.796273,0.91148,0.926743,0.768672,0.731392,0.924231,0.728875,0.711544,0.858532,0.862403,0.35386,0.526801,0.730344,0.815954,0.860467,0.749632,0.799091,0.587489,0.665321,0.870124,0.899442,0.599731,0.790848
0.965272,0.899183,1,0.896254,0.884486,0.829244,0.809778,0.791735,0.615649,0.820862,0.89617,0.815968,0.881027,0.884002,0.768101,0.919769,0.933226,0.672301,0.881026,0.9459,0.939594,0.830604,0.833757,0.923657,0.304583,0.799185,0.877744,0.641777,0.640665,0.651606,0.615255,0.718492,0.831732,0.88307,0.840456,0.612509,0.481995,0.687324,0.948795,0.89745,0.477009,0.835883,0.937555,0.920082,0.977639,0.904533,0.845668,0.813861,0.717903,0.726115,0.6765,0.838991,0.794427,0.822428,0.900993,0.925923,0.801533,0.942729,0.891062,0.795132,0.690974,0.862963,0.902869,0.927445,0.935521,0.761757,0.743711,0.942678,0.69948,0.806439,0.860138,0.884904,0.319441,0.508645,0.700663,0.909344,0.891065,0.775486,0.764462,0.571556,0.67259,0.915975,0.900451,0.684524,0.768639
0.892016,0.80077,0.896254,1,0.829073,0.716036,0.785231,0.706687,0.598762,0.781708,0.812577,0.76437,0.827916,0.882236,0.78697,0.79095,0.868486,0.628788,0.827514,0.893603,0.886045,0.760678,0.838313,0.916589,0.340354,0.798955,0.841715,0.607582,0.72383,0.541794,0.501794,0.662519,0.765563,0.778906,0.87064,0.552397,0.442052,0.696347,0.856908,0.845342,0.492423,0.869448,0.914969,0.88076,0.897748,0.817641,0.837503,0.860093,0.661362,0.699672,0.608548,0.749411,0.708329,0.751759,0.785667,0.883247,0.763121,0.868086,0.807197,0.741592,0.658248,0.773811,0.881726,0.892885,0.886625,0.677715,0.784222,0.889704,0.658969,0.738464,0.845056,0.79112,0.340066,0.488368,0.634267,0.902481,0.872336,0.7701,0.735973,0.591179,0.64777,0.808261,0.840951,0.624334,0.781092
0.87286,0.803588,0.884486,0.829073,1,0.781713,0.711067,0.741283,0.606516,0.811775,0.832439,0.743025,0.824495,0.81691,0.698768,0.849382,0.85308,0.599863,0.779069,0.858567,0.840964,0.713792,0.803936,0.861685,0.245395,0.757284,0.803093,0.49629,0.659138,0.628807,0.653205,0.697469,0.806168,0.789402,0.775239,0.509338,0.421355,0.633702,0.876347,0.816127,0.346426,0.722648,0.85389,0.828313,0.899671,0.791017,0.761532,0.694277,0.62012,0.557818,0.595652,0.746587,0.761205,0.785093,0.821324,0.827318,0.679649,0.822716,0.863146,0.716571,0.649202,0.697151,0.829112,0.856261,0.84828,0.710038,0.634149,0.869465,0.638313,0.720885,0.779001,0.842695,0.243005,0.35723,0.656908,0.815768,0.81161,0.634821,0.592237,0.4047,0.522433,0.816578,0.815693,0.651756,0.647029
0.808198,0.80299,0.829244,0.716036,0.781713,1,0.696793,0.673746,0.559252,0.675354,0.771634,0.682286,0.783162,0.739973,0.765574,0.784857,0.785556,0.619663,0.803844,0.776116,0.794103,0.706845,0.746494,0.792006,0.0962885,0.671699,0.727121,0.518369,0.549543,0.61578,0.424359,0.661973,0.697466,0.654664,0.601324,0.538536,0.459023,0.599244,0.772935,0.770844,0.186387,0.688192,0.760484,0.812945,0.800047,0.718347,0.666061,0.617368,0.467104,0.569855,0.491784,0.771523,0.612339,0.725986,0.716679,0.752885,0.73653,0.739395,0.743042,0.621078,0.606462,0.737111,0.70143,0.809585,0.756462,0.680257,0.672107,0.783754,0.549526,0.669932,0.776881,0.809214,0.217644,0.418399,0.599521,0.717991,0.691334,0.650114,0.722091,0.480921,0.480654,0.710045,0.747529,0.479286,0.590702
0.79566,0.776132,0.809778,0.785231,0.711067,0.696793,1,0.696117,0.671358,0.643949,0.749765,0.6316,0.737841,0.770293,0.744902,0.762886,0.819053,0.625547,0.678802,0.833428,0.793836,0.657664,0.784947,0.829365,0.337226,0.743166,0.775564,0.580346,0.648958,0.442356,0.418393,0.605826,0.685041,0.734009,0.748051,0.502054,0.427015,0.661122,0.788312,0.830637,0.39889,0.731924,0.820918,0.769731,0.787383,0.760569,0.778957,0.751692,0.558495,0.568576,0.583432,0.759338,0.745943,0.719579,0.749027,0.755268,0.600347,0.743829,0.680267,0.617378,0.618581,0.717845,0.759387,0.802994,0.786409,0.580001,0.648585,0.803804,0.526277,0.549284,0.792471,0.806625,0.284508,0.417727,0.551795,0.740704,0.747993,0.606244,0.67333,0.529002,0.531916,0.695336,0.772594,0.655224,0.625351
0.828291,0.795464,0.791735,0.706687,0.741283,0.673746,0.696117,1,0.526914,0.701427,0.853887,0.780452,0.867941,0.728048,0.633202,0.876779,0.844716,0.525312,0.793413,0.861844,0.827881,0.708777,0.658305,0.785283,0.416341,0.831762,0.700164,0.472541,0.66864,0.562782,0.60182,0.75237,0.816472,0.830919,0.666084,0.508982,0.359928,0.674763,0.85922,0.781091,0.467827,0.635562,0.839718,0.741026,0.818201,0.776714,0.708736,0.67362,0.653543,0.701283,0.663607,0.787337,0.786299,0.817024,0.798416,0.764253,0.608315,0.827178,0.836744,0.673885,0.366837,0.74947,0.687215,0.807653,0.848941,0.67498,0.595071,0.833241,0.665514,0.710968,0.697294,0.720681,0.228276,0.512418,0.681695,0.744328,0.854721,0.589547,0.516714,0.525496,0.694968,0.841254,0.821592,0.557085,0.701802
0.674818,0.707802,0.615649,0.598762,0.606516,0.559252,0.671358,0.526914,1,0.554294,0.61876,0.461933,0.627489,0.521474,0.678617,0.63627,0.648499,0.577509,0.530014,0.662337,0.655805,0.494607,0.765302,0.655755,0.284514,0.610574,0.627481,0.475021,0.524988,0.335602,0.289741,0.434454,0.579004,0.601058,0.468493,0.25465,0.199775,0.576063,0.605005,0.622964,0.370699,0.593038,0.707955,0.620849,0.657669,0.602557,0.565422,0.523632,0.358461,0.326631,0.715202,0.707134,0.687955,0.683524,0.658486,0.609391,0.353507,0.635969,0.639885,0.467748,0.423236,0.553979,0.560073,0.632312,0.68967,0.704792,0.549836,0.616777,0.392513,0.320627,0.653581,0.682199,0.138668,0.400155,0.453038,0.554513,0.60899,0.513507,0.512989,0.394841,0.355688,0.638848,0.683694,0.360046,0.432641
0.807605,0.741255,0.820862,0.781708,0.811775,0.675354,0.643949,0.701427,0.554294,1,0.795363,0.718243,0.780271,0.730032,0.663093,0.755659,0.781608,0.524229,0.727162,0.76234,0.738595,0.659013,0.702049,0.802194,0.310641,0.682048,0.792077,0.594407,0.496282,0.57956,0.701374,0.546465,0.726269,0.712015,0.768181,0.549577,0.344001,0.644618,0.804441,0.724685,0.333497,0.696934,0.827784,0.725043,0.868417,0.846388,0.732361,0.697848,0.673513,0.580495,0.639926,0.798143,0.824681,0.771937,0.790995,0.746292,0.72169,0.795518,0.805911,0.664707,0.545217,0.711134,0.800578,0.761095,0.807664,0.700263,0.601237,0.841376,0.566131,0.690886,0.760323,0.767568,0.175366,0.553673,0.467775,0.778319,0.727409,0.555466,0.508023,0.504088,0.462187,0.715359,0.706861,0.548213,0.607857
0.917261,0.877076,0.89617,0.812577,0.832439,0.771634,0.749765,0.853887,0.61876,0.795363,1,0.888365,0.923099,0.796794,0.754319,0.922138,0.923542,0.601526,0.798231,0.910769,0.905033,0.842693,0.800445,0.846918,0.325613,0.844994,0.831455,0.576582,0.624579,0.574687,0.591685,0.739395,0.839212,0.84648,0.731349,0.550125,0.497627,0.725347,0.905371,0.824063,0.435906,0.70793,0.887728,0.8553,0.918374,0.861218,0.791658,0.72104,0.697014,0.745106,0.710284,0.85176,0.858528,0.916743,0.918902,0.830989,0.708903,0.862235,0.913237,0.698462,0.586073,0.849789,0.810779,0.906722,0.929252,0.726386,0.658547,0.904489,0.718246,0.725627,0.795333,0.82966,0.290363,0.496746,0.751907,0.830462,0.87668,0.650266,0.665081,0.476415,0.620466,0.894113,0.886012,0.532161,0.713395
0.816897,0.784188,0.815968,0.76437,0.743025,0.682286,0.6316,0.780452,0.461933,0.718243,0.888365,1,0.880018,0.718485,0.643104,0.854817,0.871051,0.629496,0.784248,0.837558,0.835558,0.807384,0.696172,0.774048,0.321189,0.681127,0.731591,0.527625,0.5062,0.532596,0.586646,0.691269,0.722576,0.752058,0.695008,0.641353,0.610358,0.512087,0.822781,0.710582,0.423699,0.666797,0.802015,0.782587,0.829125,0.73936,0.647125,0.626889,0.638228,0.73472,0.592864,0.7566,0.722239,0.833663,0.838139,0.762861,0.687123,0.768239,0.852061,0.689907,0.562752,0.758509,0.757935,0.867586,0.878897,0.62435,0.565617,0.837733,0.660801,0.734244,0.666501,0.755897,0.236225,0.471663,0.719213,0.770916,0.800722,0.596375,0.563904,0.390121,0.644282,0.812995,0.824856,0.438764,0.666823
0.92088,0.866794,0.881027,0.827916,0.824495,0.783162,0.737841,0.867941,0.627489,0.780271,0.923099,0.880018,1,0.818298,0.736287,0.927705,0.927446,0.608252,0.787495,0.906964,0.932185,0.831126,0.795114,0.857418,0.342914,0.868107,0.773423,0.552082,0.650758,0.5976,0.573032,0.755948,0.865608,0.869883,0.738356,0.509102,0.504617,0.695499,0.889047,0.835119,0.480728,0.755194,0.899451,0.862572,0.894143,0.807301,0.776708,0.706367,0.609758,0.685575,0.730765,0.84267,0.813588,0.875378,0.876439,0.843713,0.678516,0.877137,0.907231,0.726495,0.554224,0.829209,0.824702,0.917211,0.938836,0.775214,0.728888,0.88219,0.667476,0.757381,0.788149,0.789117,0.270491,0.517446,0.78404,0.842271,0.874301,0.637542,0.598506,0.499366,0.665528,0.892496,0.891004,0.550281,0.753907
0.88539,0.820723,0.884002,0.882236,0.81691,0.739973,0.770293,0.728048,0.521474,0.730032,0.796794,0.718485,0.818298,1,0.751483,0.838615,0.894103,0.654261,0.802606,0.899754,0.885564,0.798483,0.827733,0.893987,0.259261,0.796339,0.866514,0.685591,0.700841,0.540774,0.491426,0.699432,0.829351,0.816368,0.842021,0.570881,0.525533,0.711449,0.864624,0.834161,0.406928,0.789956,0.865806,0.90048,0.883797,0.834619,0.909023,0.845052,0.695188,0.746658,0.574937,0.755216,0.750067,0.762851,0.79456,0.915277,0.7762,0.884612,0.816697,0.642682,0.618914,0.786703,0.831105,0.925725,0.863742,0.66674,0.84354,0.898903,0.724885,0.804518,0.87716,0.804871,0.524291,0.379091,0.745306,0.881483,0.841525,0.787059,0.745762,0.617406,0.689614,0.808225,0.857803,0.739197,0.781789
0.777596,0.770664,0.768101,0.78697,0.698768,0.765574,0.744902,0.633202,0.678617,0.663093,0.754319,0.643104,0.736287,0.751483,1,0.724033,0.786138,0.595727,0.744329,0.756016,0.793297,0.675908,0.800021,0.81456,0.362139,0.700481,0.712189,0.710096,0.687007,0.472305,0.326047,0.642767,0.728953,0.604695,0.669577,0.390008,0.333154,0.634606,0.736518,0.816539,0.385819,0.706933,0.823618,0.836345,0.792166,0.72561,0.757692,0.737724,0.465298,0.623636,0.646782,0.735801,0.670055,0.762022,0.721716,0.764168,0.755836,0.75615,0.672589,0.536382,0.54963,0.671387,0.687898,0.793295,0.767272,0.686869,0.676316,0.80799,0.47999,0.647693,0.856327,0.749345,0.271162,0.407066,0.61405,0.664866,0.719634,0.678127,0.652124,0.486203,0.412071,0.680253,0.780148,0.472279,0.649431
0.944977,0.8998,0.919769,0.79095,0.849382,0.784857,0.762886,0.876779,0.63627,0.755659,0.922138,0.854817,0.927705,0.838615,0.724033,1,0.947025,0.678154,0.825272,0.936027,0.941884,0.859042,0.815444,0.856467,0.315593,0.79767,0.821521,0.621367,0.616547,0.609343,0.629964,0.762409,0.884189,0.921492,0.745093,0.517825,0.495117,0.667772,0.946003,0.850972,0.514479,0.732389,0.90123,0.874846,0.937946,0.877165,0.807492,0.707412,0.70943,0.691451,0.738139,0.861532,0.848243,0.883593,0.91118,0.885074,0.699449,0.91818,0.932828,0.690944,0.543964,0.867753,0.785367,0.935698,0.953912,0.774067,0.734978,0.920258,0.72331,0.810913,0.818747,0.854816,0.366954,0.436644,0.806487,0.853194,0.898652,0.700644,0.635591,0.467334,0.679173,0.942786,0.9284,0.634932,0.747743
0.950897,0.915618,0.933226,0.868486,0.85308,0.785556,0.819053,0.844716,0.648499,0.781608,0.923542,0.871051,0.927446,0.894103,0.786138,0.947025,1,0.681939,0.857926,0.953568,0.967664,0.88157,0.85449,0.926177,0.369809,0.837221,0.884955,0.640657,0.673735,0.651903,0.576571,0.73187,0.865699,0.891511,0.825039,0.604263,0.580788,0.670628,0.928476,0.866889,0.470426,0.803277,0.937361,0.895667,0.942333,0.869896,0.874487,0.802923,0.664694,0.783824,0.694606,0.862303,0.834973,0.862637,0.921089,0.924068,0.729428,0.926578,0.926166,0.700041,0.644726,0.819088,0.855641,0.958015,0.959424,0.790522,0.7767,0.942731,0.743042,0.800843,0.839624,0.857699,0.407342,0.498592,0.789488,0.879998,0.887906,0.748968,0.69625,0.527237,0.68197,0.892545,0.910637,0.624969,0.801974
0.66533,0.729596,0.672301,0.628788,0.599863,0.619663,0.625547,0.525312,0.577509,0.524229,0.601526,0.629496,0.608252,0.654261,0.595727,0.678154,0.681939,1,0.734396,0.735822,0.673071,0.559217,0.743866,0.753381,0.320746,0.506967,0.727733,0.464487,0.482138,0.4565,0.271524,0.345317,0.478313,0.620789,0.567467,0.567538,0.272017,0.414772,0.621729,0.565585,0.449308,0.641875,0.708603,0.63563,0.680528,0.572207,0.636467,0.531036,0.431153,0.416164,0.490042,0.617801,0.512092,0.663288,0.652948,0.729561,0.530983,0.685032,0.645006,0.549062,0.556028,0.62754,0.589161,0.714128,0.676704,0.566554,0.682919,0.66094,0.423191,0.48539,0.662177,0.657665,0.435041,0.553289,0.529534,0.641232,0.649777,0.590057,0.615296,0.422029,0.586396,0.663844,0.741023,0.543533,0.569187
0.850137,0.848853,0.881026,0.827514,0.779069,0.803844,0.678802,0.793413,0.530014,0.727162,0.798231,0.784248,0.787495,0.802606,0.744329,0.825272,0.857926,0.734396,1,0.886607,0.867244,0.750519,0.764233,0.888077,0.337026,0.700007,0.801226,0.564133,0.671343,0.681277,0.510886,0.642947,0.71432,0.767201,0.78179,0.686975,0.360175,0.595031,0.838268,0.80613,0.472878,0.784071,0.869295,0.810306,0.866577,0.758117,0.749274,0.783756,0.605899,0.711445,0.535345,0.774894,0.637936,0.768725,0.790553,0.881396,0.777355,0.877431,0.819632,0.744779,0.569523,0.754281,0.77642,0.859694,0.844869,0.708519,0.726477,0.871107,0.59193,0.748339,0.779098,0.778182,0.289729,0.588491,0.625488,0.832351,0.835984,0.772594,0.720127,0.559449,0.725199,0.832339,0.831785,0.576393,0.751493
0.950272,0.914845,0.9459,0.893603,0.858567,0.776116,0.833428,0.861844,0.662337,0.76234,0.910769,0.837558,0.906964,0.899754,0.756016,0.936027,0.953568,0.735822,0.886607,1,0.960903,0.840919,0.857218,0.936306,0.360415,0.835401,0.893061,0.629866,0.710319,0.590889,0.583637,0.755699,0.866153,0.899611,0.818576,0.60208,0.486723,0.732693,0.937123,0.901244,0.485635,0.804659,0.945261,0.897851,0.940748,0.868409,0.866128,0.833771,0.701986,0.764162,0.665326,0.860489,0.821499,0.881437,0.902614,0.930475,0.7584,0.940598,0.909231,0.761534,0.624776,0.865458,0.86331,0.957603,0.963897,0.743485,0.796086,0.947369,0.747065,0.77279,0.851044,0.856528,0.358208,0.535022,0.759874,0.912314,0.932315,0.773746,0.726919,0.584327,0.773386,0.931923,0.940699,0.678038,0.766305
0.961532,0.924059,0.939594,0.886045,0.840964,0.794103,0.793836,0.827881,0.655805,0.738595,0.905033,0.835558,0.932185,0.885564,0.793297,0.941884,0.967664,0.673071,0.867244,0.960903,1,0.890618,0.854593,0.918036,0.336414,0.844125,0.863027,0.651084,0.677393,0.62171,0.51027,0.744771,0.888102,0.904812,0.808041,0.553378,0.532824,0.706324,0.910589,0.891275,0.511774,0.820008,0.944606,0.91774,0.93106,0.846804,0.855024,0.803429,0.648045,0.767309,0.70822,0.823959,0.786054,0.842572,0.900242,0.945576,0.755901,0.944571,0.908699,0.722772,0.639939,0.862167,0.85858,0.959841,0.96321,0.798704,0.825349,0.933384,0.741149,0.794329,0.851228,0.835965,0.399857,0.51663,0.799951,0.885792,0.904753,0.754805,0.726929,0.539663,0.737609,0.92694,0.926369,0.60841,0.821087
0.835535,0.813747,0.830604,0.760678,0.713792,0.706845,0.657664,0.708777,0.494607,0.659013,0.842693,0.807384,0.831126,0.798483,0.675908,0.859042,0.88157,0.559217,0.750519,0.840919,0.890618,1,0.7633,0.779709,0.315485,0.712667,0.787402,0.644175,0.604584,0.49965,0.462639,0.67825,0.819303,0.817432,0.714328,0.560379,0.568987,0.611257,0.810728,0.728301,0.391885,0.707105,0.80067,0.826109,0.834736,0.769545,0.765077,0.703533,0.677074,0.805425,0.619907,0.741912,0.755491,0.772738,0.848139,0.823318,0.712654,0.827294,0.870703,0.589453,0.578607,0.798396,0.732823,0.892233,0.87294,0.668214,0.713502,0.859026,0.744983,0.805148,0.749453,0.734913,0.420922,0.380687,0.789231,0.779975,0.784817,0.719117,0.620316,0.46175,0.657603,0.807624,0.810928,0.505788,0.786097
0.868444,0.892139,0.833757,0.838313,0.803936,0.746494,0.784947,0.658305,0.765302,0.702049,0.800445,0.696172,0.795114,0.827733,0.800021,0.815444,0.85449,0.743866,0.764233,0.857218,0.854593,0.7633,1,0.915979,0.365304,0.782882,0.879108,0.643386,0.743619,0.529396,0.40564,0.638794,0.774934,0.760034,0.722271,0.515678,0.377686,0.741076,0.804375,0.777289,0.491888,0.77382,0.872862,0.83375,0.870928,0.776554,0.825076,0.705792,0.55431,0.612596,0.668774,0.788807,0.772674,0.823923,0.83668,0.865232,0.663379,0.824074,0.818809,0.706037,0.685564,0.750228,0.768311,0.880402,0.870327,0.760946,0.769809,0.86142,0.646659,0.634026,0.894478,0.799515,0.436684,0.414761,0.722097,0.800539,0.836883,0.80097,0.750006,0.575252,0.550895,0.808311,0.887387,0.575459,0.718372
0.929358,0.922657,0.923657,0.916589,0.861685,0.792006,0.829365,0.785283,0.655755,0.802194,0.846918,0.774048,0.857418,0.893987,0.81456,0.856467,0.926177,0.753381,0.888077,0.936306,0.918036,0.779709,0.915979,1,0.39998,0.844933,0.924284,0.63664,0.762008,0.648268,0.535951,0.686076,0.821069,0.81424,0.83722,0.618025,0.433113,0.73058,0.881261,0.869865,0.465382,0.840309,0.955908,0.879169,0.932861,0.841168,0.874716,0.825888,0.612554,0.719834,0.639879,0.838189,0.777346,0.82662,0.864901,0.927612,0.774541,0.912108,0.864336,0.783587,0.715156,0.787907,0.867432,0.920173,0.915039,0.768092,0.785634,0.937473,0.692017,0.754638,0.888652,0.824211,0.385452,0.561733,0.677566,0.871672,0.88008,0.801284,0.7548,0.634138,0.651046,0.841445,0.888489,0.687663,0.793214
0.274415,0.350908,0.304583,0.340354,0.245395,0.0962885,0.337226,0.416341,0.284514,0.310641,0.325613,0.321189,0.342914,0.259261,0.362139,0.315593,0.369809,0.320746,0.337026,0.360415,0.336414,0.315485,0.365304,0.39998,1,0.347561,0.230028,0.207918,0.522941,0.103973,0.12296,0.137514,0.299426,0.349606,0.305032,0.153424,-0.0760627,0.187526,0.314537,0.291509,0.459933,0.277177,0.450265,0.294265,0.377125,0.280104,0.343543,0.276594,0.236786,0.343763,0.434406,0.335876,0.313828,0.38517,0.395142,0.384831,0.261439,0.419121,0.350592,0.360732,0.266606,0.197695,0.288909,0.303534,0.369524,0.361962,0.224538,0.347781,0.118142,0.320317,0.321032,0.184742,0.0587888,0.435391,0.386197,0.204219,0.402282,0.376116,0.216117,0.188889,0.367194,0.350329,0.397919,0.269124,0.403417
0.87279,0.822493,0.799185,0.798955,0.757284,0.671699,0.743166,0.831762,0.610574,0.682048,0.844994,0.681127,0.868107,0.796339,0.700481,0.79767,0.837221,0.506967,0.700007,0.835401,0.844125,0.712667,0.782882,0.844933,0.347561,1,0.773902,0.500956,0.738626,0.505628,0.403385,0.714081,0.817987,0.822587,0.70351,0.395048,0.3377,0.800704,0.81811,0.78859,0.452442,0.736165,0.859676,0.816791,0.810653,0.741679,0.817834,0.757256,0.623912,0.707315,0.744949,0.747963,0.762377,0.752709,0.757486,0.784515,0.601896,0.805767,0.783593,0.667959,0.50506,0.752492,0.777866,0.815761,0.824725,0.652004,0.691906,0.816478,0.66478,0.597167,0.770632,0.676739,0.363262,0.457043,0.642012,0.78059,0.849903,0.606767,0.64122,0.632322,0.612035,0.787696,0.796864,0.574278,0.790568
0.89409,0.879717,0.877744,0.841715,0.803093,0.727121,0.775564,0.700164,0.627481,0.792077,0.831455,0.731591,0.773423,0.866514,0.712189,0.821521,0.884955,0.727733,0.801226,0.893061,0.863027,0.787402,0.879108,0.924284,0.230028,0.773902,1,0.698287,0.634276,0.618746,0.538206,0.617463,0.782679,0.805697,0.818534,0.63454,0.475265,0.716017,0.82805,0.79251,0.36667,0.793746,0.886116,0.842544,0.891382,0.861145,0.889642,0.797639,0.650553,0.713859,0.613225,0.787325,0.789078,0.787448,0.847261,0.886705,0.749586,0.86167,0.830726,0.669784,0.666995,0.793544,0.847566,0.880534,0.870873,0.688901,0.788913,0.911999,0.785758,0.695337,0.843135,0.797326,0.459231,0.495922,0.612714,0.864902,0.816462,0.741117,0.733787,0.62909,0.640444,0.798175,0.838493,0.639847,0.74154
0.62205,0.653683,0.641777,0.607582,0.49629,0.518369,0.580346,0.472541,0.475021,0.594407,0.576582,0.527625,0.552082,0.685591,0.710096,0.621367,0.640657,0.464487,0.564133,0.629866,0.651084,0.644175,0.643386,0.63664,0.207918,0.500956,0.698287,1,0.413949,0.193338,0.345312,0.571581,0.633402,0.572914,0.65973,0.372761,0.284765,0.502519,0.616444,0.728195,0.402922,0.567503,0.661283,0.719914,0.660104,0.68473,0.666473,0.693219,0.595144,0.622499,0.598073,0.622788,0.649391,0.642573,0.648779,0.646949,0.766082,0.671426,0.55378,0.385338,0.315924,0.676872,0.538927,0.706449,0.670232,0.481224,0.629104,0.74752,0.533296,0.663447,0.795236,0.5674,0.357851,0.281106,0.477039,0.591265,0.589806,0.566336,0.488743,0.578049,0.434308,0.576058,0.605965,0.526875,0.605218
0.647693,0.643041,0.640665,0.72383,0.659138,0.549543,0.648958,0.66864,0.524988,0.496282,0.624579,0.5062,0.650758,0.700841,0.687007,0.616547,0.673735,0.482138,0.671343,0.710319,0.677393,0.604584,0.743619,0.762008,0.522941,0.738626,0.634276,0.413949,1,0.411267,0.339599,0.604781,0.677349,0.613896,0.657373,0.342729,0.105843,0.611921,0.643477,0.687616,0.418961,0.631926,0.711408,0.675928,0.675132,0.555883,0.707904,0.662553,0.411901,0.535614,0.464137,0.587429,0.561537,0.607457,0.588324,0.67854,0.526244,0.664839,0.622196,0.6045,0.457368,0.498949,0.615045,0.691871,0.650925,0.520764,0.587349,0.693569,0.475225,0.565183,0.668741,0.5079,0.275289,0.3257,0.611709,0.604869,0.707557,0.678027,0.533046,0.497469,0.551393,0.630123,0.716297,0.570171,0.65447
0.66572,0.563203,0.651606,0.541794,0.628807,0.61578,0.442356,0.562782,0.335602,0.57956,0.574687,0.532596,0.5976,0.540774,0.472305,0.609343,0.651903,0.4565,0.681277,0.590889,0.62171,0.49965,0.529396,0.648268,0.103973,0.505628,0.618746,0.193338,0.411267,1,0.523686,0.354667,0.518267,0.580103,0.586791,0.508256,0.317918,0.390533,0.595625,0.511355,0.273508,0.545142,0.62409,0.512964,0.64104,0.59344,0.582391,0.485753,0.24837,0.390871,0.310445,0.531598,0.435204,0.500292,0.616566,0.631719,0.39699,0.60373,0.622685,0.513441,0.513279,0.415515,0.656149,0.553175,0.567452,0.695873,0.507462,0.576022,0.401072,0.500097,0.450068,0.559788,0.186123,0.343282,0.389344,0.617996,0.516794,0.514536,0.400982,0.249645,0.34281,0.601734,0.572549,0.340711,0.466194
0.59214,0.459369,0.615255,0.501794,0.653205,0.424359,0.418393,0.60182,0.289741,0.701374,0.591685,0.586646,0.573032,0.491426,0.326047,0.629964,0.576571,0.271524,0.510886,0.583637,0.51027,0.462639,0.40564,0.535951,0.12296,0.403385,0.538206,0.345312,0.339599,0.523686,1,0.553861,0.633747,0.58791,0.600227,0.397866,0.281459,0.436107,0.670544,0.581176,0.259244,0.381924,0.539337,0.464281,0.647019,0.667366,0.462185,0.464736,0.510597,0.392247,0.332611,0.612017,0.656152,0.558683,0.613768,0.494858,0.43848,0.56223,0.643864,0.487037,0.287605,0.504289,0.548388,0.523794,0.619463,0.512585,0.323753,0.613665,0.515179,0.600248,0.433895,0.538128,0.00186765,0.252694,0.381483,0.57482,0.566402,0.424284,0.157746,0.280438,0.3144,0.607006,0.495288,0.484174,0.333567
0.753338,0.690931,0.718492,0.662519,0.697469,0.661973,0.605826,0.75237,0.434454,0.546465,0.739395,0.691269,0.755948,0.699432,0.642767,0.762409,0.73187,0.345317,0.642947,0.755699,0.744771,0.67825,0.638794,0.686076,0.137514,0.714081,0.617463,0.571581,0.604781,0.354667,0.553861,1,0.82347,0.677884,0.537539,0.39342,0.397184,0.624942,0.819598,0.758238,0.33748,0.614601,0.664273,0.747959,0.712862,0.637784,0.624225,0.653397,0.588351,0.683824,0.542031,0.69836,0.690133,0.694241,0.634122,0.657354,0.671189,0.675084,0.695643,0.582529,0.263706,0.735767,0.602097,0.759008,0.773963,0.513947,0.518787,0.783137,0.698751,0.674744,0.671898,0.637816,0.204966,0.214667,0.675256,0.702291,0.793231,0.662337,0.486362,0.503868,0.57545,0.736164,0.743334,0.404152,0.577271
0.890885,0.826881,0.831732,0.765563,0.806168,0.697466,0.685041,0.816472,0.579004,0.726269,0.839212,0.722576,0.865608,0.829351,0.728953,0.884189,0.865699,0.478313,0.71432,0.866153,0.888102,0.819303,0.774934,0.821069,0.299426,0.817987,0.782679,0.633402,0.677349,0.518267,0.633747,0.82347,1,0.849785,0.698066,0.380299,0.474819,0.799914,0.877745,0.829978,0.364635,0.690149,0.841884,0.852613,0.859395,0.804343,0.81167,0.73232,0.640285,0.735259,0.697437,0.797807,0.844237,0.805058,0.819632,0.841426,0.707559,0.865939,0.861367,0.623721,0.483221,0.815199,0.748657,0.861036,0.890558,0.708988,0.742769,0.88388,0.803843,0.764702,0.778617,0.746042,0.327473,0.380611,0.787708,0.789984,0.855348,0.693634,0.572445,0.541331,0.629207,0.860346,0.835038,0.568051,0.736159
0.91272,0.823092,0.88307,0.778906,0.789402,0.654664,0.734009,0.830919,0.601058,0.712015,0.84648,0.752058,0.869883,0.816368,0.604695,0.921492,0.891511,0.620789,0.767201,0.899611,0.904812,0.817432,0.760034,0.81424,0.349606,0.822587,0.805697,0.572914,0.613896,0.580103,0.58791,0.677884,0.849785,1,0.790621,0.494352,0.390433,0.680506,0.904898,0.810556,0.588055,0.757742,0.865939,0.819773,0.880039,0.812258,0.807095,0.736712,0.71609,0.668899,0.74781,0.760094,0.781854,0.777158,0.854997,0.880059,0.591093,0.897638,0.864665,0.702617,0.4768,0.837377,0.823175,0.865759,0.902063,0.724583,0.7809,0.852921,0.728986,0.71139,0.741031,0.739099,0.356616,0.455948,0.71752,0.868762,0.898163,0.668499,0.592452,0.528951,0.755429,0.931171,0.861874,0.63667,0.783277
0.800201,0.708773,0.840456,0.87064,0.775239,0.601324,0.748051,0.666084,0.468493,0.768181,0.731349,0.695008,0.738356,0.842021,0.669577,0.745093,0.825039,0.567467,0.78179,0.818576,0.808041,0.714328,0.722271,0.83722,0.305032,0.70351,0.818534,0.65973,0.657373,0.586791,0.600227,0.537539,0.698066,0.790621,1,0.591062,0.36611,0.602934,0.785919,0.83258,0.490198,0.752241,0.845814,0.778424,0.830379,0.7854,0.834377,0.85873,0.647759,0.640554,0.534933,0.680289,0.662347,0.674001,0.766452,0.83349,0.68801,0.819718,0.721716,0.678823,0.55877,0.697952,0.860989,0.81433,0.797876,0.60096,0.730174,0.848112,0.580286,0.719886,0.779296,0.69347,0.338958,0.405365,0.540512,0.815922,0.764719,0.641486,0.587485,0.528108,0.619825,0.739258,0.735458,0.746323,0.749001
0.547495,0.544495,0.612509,0.552397,0.509338,0.538536,0.502054,0.508982,0.25465,0.549577,0.550125,0.641353,0.509102,0.570881,0.390008,0.517825,0.604263,0.567538,0.686975,0.60208,0.553378,0.560379,0.515678,0.618025,0.153424,0.395048,0.63454,0.372761,0.342729,0.508256,0.397866,0.39342,0.380299,0.494352,0.591062,1,0.440657,0.28354,0.557835,0.458065,0.295474,0.532582,0.5326,0.476732,0.58314,0.470041,0.461898,0.577395,0.487093,0.505583,0.259899,0.496112,0.455185,0.542886,0.601187,0.592737,0.484504,0.544421,0.586679,0.563837,0.460023,0.576601,0.588446,0.599561,0.578434,0.468221,0.443083,0.601697,0.451195,0.472661,0.527894,0.568153,0.267756,0.455705,0.377205,0.622851,0.550043,0.561937,0.533211,0.56839,0.571475,0.514941,0.55098,0.382718,0.470705
0.5026,0.492386,0.481995,0.442052,0.421355,0.459023,0.427015,0.359928,0.199775,0.344001,0.497627,0.610358,0.504617,0.525533,0.333154,0.495117,0.580788,0.272017,0.360175,0.486723,0.532824,0.568987,0.377686,0.433113,-0.0760627,0.3377,0.475265,0.284765,0.105843,0.317918,0.281459,0.397184,0.474819,0.390433,0.36611,0.440657,1,0.327059,0.458226,0.370383,-0.15292,0.368775,0.428031,0.499451,0.459666,0.468031,0.373746,0.325437,0.373994,0.555485,0.198454,0.417253,0.430573,0.440728,0.516706,0.498129,0.433189,0.436144,0.54084,0.343539,0.557455,0.450156,0.49397,0.559303,0.529974,0.332232,0.360764,0.509413,0.627885,0.48442,0.378889,0.599428,0.222188,0.103983,0.519219,0.482885,0.380519,0.366623,0.469107,0.168549,0.347144,0.390428,0.455488,0.22442,0.359006
0.758979,0.748128,0.687324,0.696347,0.633702,0.599244,0.661122,0.674763,0.576063,0.644618,0.725347,0.512087,0.695499,0.711449,0.634606,0.667772,0.670628,0.414772,0.595031,0.732693,0.706324,0.611257,0.741076,0.73058,0.187526,0.800704,0.716017,0.502519,0.611921,0.390533,0.436107,0.624942,0.799914,0.680506,0.602934,0.28354,0.327059,1,0.704126,0.688288,0.253656,0.623912,0.746994,0.679144,0.711814,0.738024,0.738424,0.633809,0.537479,0.63538,0.552528,0.727556,0.749585,0.704671,0.677768,0.703973,0.568451,0.717948,0.679946,0.603307,0.470241,0.722766,0.675007,0.696117,0.732487,0.579672,0.661678,0.739662,0.691492,0.482353,0.722721,0.685188,0.232469,0.397388,0.574448,0.687381,0.738757,0.610673,0.645688,0.603482,0.516309,0.698575,0.711544,0.457176,0.6135
0.954924,0.866479,0.948795,0.856908,0.876347,0.772935,0.788312,0.85922,0.605005,0.804441,0.905371,0.822781,0.889047,0.864624,0.736518,0.946003,0.928476,0.621729,0.838268,0.937123,0.910589,0.810728,0.804375,0.881261,0.314537,0.81811,0.82805,0.616444,0.643477,0.595625,0.670544,0.819598,0.877745,0.904898,0.785919,0.557835,0.458226,0.704126,1,0.873392,0.504611,0.815618,0.900205,0.889314,0.956967,0.886577,0.835375,0.804058,0.779541,0.726062,0.721417,0.868842,0.851464,0.854226,0.876493,0.876616,0.736841,0.916332,0.90674,0.75335,0.515878,0.875932,0.840634,0.911833,0.943902,0.71921,0.713326,0.941529,0.742621,0.790118,0.827212,0.862046,0.321993,0.428979,0.736305,0.91602,0.94279,0.766091,0.671509,0.573845,0.664154,0.925565,0.897701,0.633853,0.761056
0.875089,0.827549,0.89745,0.845342,0.816127,0.770844,0.830637,0.781091,0.622964,0.724685,0.824063,0.710582,0.835119,0.834161,0.816539,0.850972,0.866889,0.565585,0.80613,0.901244,0.891275,0.728301,0.777289,0.869865,0.291509,0.78859,0.79251,0.728195,0.687616,0.511355,0.581176,0.758238,0.829978,0.810556,0.83258,0.458065,0.370383,0.688288,0.873392,1,0.458745,0.725325,0.883307,0.875236,0.8756,0.821904,0.805288,0.839366,0.627497,0.678552,0.626801,0.806147,0.742825,0.801202,0.818207,0.836342,0.780258,0.862689,0.766039,0.703017,0.546093,0.805963,0.796012,0.877703,0.875818,0.677856,0.733753,0.895422,0.60408,0.756016,0.879757,0.780596,0.213416,0.401239,0.639611,0.826871,0.845086,0.661626,0.638677,0.563992,0.60145,0.833795,0.823309,0.725468,0.703922
0.486101,0.415919,0.477009,0.492423,0.346426,0.186387,0.39889,0.467827,0.370699,0.333497,0.435906,0.423699,0.480728,0.406928,0.385819,0.514479,0.470426,0.449308,0.472878,0.485635,0.511774,0.391885,0.491888,0.465382,0.459933,0.452442,0.36667,0.402922,0.418961,0.273508,0.259244,0.33748,0.364635,0.588055,0.490198,0.295474,-0.15292,0.253656,0.504611,0.458745,1,0.487527,0.51354,0.430142,0.49811,0.422182,0.43598,0.456786,0.403144,0.270196,0.567457,0.37103,0.413855,0.444852,0.502278,0.499381,0.260303,0.53186,0.45257,0.382132,0.105941,0.470057,0.359394,0.470263,0.51782,0.508785,0.468948,0.432484,0.16861,0.39698,0.47908,0.293661,0.383384,0.376187,0.434712,0.498844,0.612608,0.484067,0.250388,0.386485,0.410236,0.621587,0.530962,0.329199,0.549373
0.838293,0.798441,0.835883,0.869448,0.722648,0.688192,0.731924,0.635562,0.593038,0.696934,0.70793,0.666797,0.755194,0.789956,0.706933,0.732389,0.803277,0.641875,0.784071,0.804659,0.820008,0.707105,0.77382,0.840309,0.277177,0.736165,0.793746,0.567503,0.631926,0.545142,0.381924,0.614601,0.690149,0.757742,0.752241,0.532582,0.368775,0.623912,0.815618,0.725325,0.487527,1,0.834525,0.833989,0.821075,0.72746,0.804556,0.779597,0.563039,0.599744,0.644092,0.724903,0.637208,0.6285,0.688916,0.820448,0.666708,0.830629,0.744812,0.68364,0.531512,0.731516,0.824164,0.803666,0.802949,0.623655,0.740344,0.821849,0.617696,0.620012,0.730289,0.755188,0.343937,0.50945,0.553851,0.868419,0.8137,0.754232,0.737485,0.666447,0.637773,0.747311,0.768251,0.471502,0.835678
0.948087,0.928831,0.937555,0.914969,0.85389,0.760484,0.820918,0.839718,0.707955,0.827784,0.887728,0.802015,0.899451,0.865806,0.823618,0.90123,0.937361,0.708603,0.869295,0.945261,0.944606,0.80067,0.872862,0.955908,0.450265,0.859676,0.886116,0.661283,0.711408,0.62409,0.539337,0.664273,0.841884,0.865939,0.845814,0.5326,0.428031,0.746994,0.900205,0.883307,0.51354,0.834525,1,0.897632,0.955944,0.892872,0.871196,0.810771,0.66428,0.724477,0.761176,0.855951,0.816762,0.862817,0.904956,0.934162,0.770186,0.95689,0.894154,0.773882,0.659113,0.822837,0.879562,0.920913,0.946348,0.804408,0.775246,0.948529,0.689593,0.770144,0.880782,0.85442,0.320627,0.59037,0.695948,0.8632,0.893642,0.74077,0.731739,0.582256,0.681663,0.8923,0.912547,0.669132,0.815027
0.924223,0.865902,0.920082,0.88076,0.828313,0.812945,0.769731,0.741026,0.620849,0.725043,0.8553,0.782587,0.862572,0.90048,0.836345,0.874846,0.895667,0.63563,0.810306,0.897851,0.91774,0.826109,0.83375,0.879169,0.294265,0.816791,0.842544,0.719914,0.675928,0.512964,0.464281,0.747959,0.852613,0.819773,0.778424,0.476732,0.499451,0.679144,0.889314,0.875236,0.430142,0.833989,0.897632,1,0.914662,0.845177,0.862118,0.822149,0.692283,0.736419,0.736698,0.795159,0.746243,0.793177,0.812442,0.886293,0.837691,0.896535,0.824389,0.653824,0.610852,0.832004,0.839052,0.92189,0.892675,0.657116,0.777688,0.919218,0.710524,0.796396,0.871855,0.826419,0.392954,0.385608,0.739886,0.861735,0.873001,0.759261,0.770072,0.58725,0.635293,0.846998,0.873705,0.630964,0.80396
0.96731,0.908954,0.977639,0.897748,0.899671,0.800047,0.787383,0.818201,0.657669,0.868417,0.918374,0.829125,0.894143,0.883797,0.792166,0.937946,0.942333,0.680528,0.866577,0.940748,0.93106,0.834736,0.870928,0.932861,0.377125,0.810653,0.891382,0.660104,0.675132,0.64104,0.647019,0.712862,0.859395,0.880039,0.830379,0.58314,0.459666,0.711814,0.956967,0.8756,0.49811,0.821075,0.955944,0.914662,1,0.932964,0.8631,0.788838,0.738543,0.713396,0.730512,0.865375,0.85329,0.870951,0.925028,0.925198,0.78967,0.953368,0.929518,0.777124,0.660088,0.855635,0.885008,0.9311,0.955742,0.795063,0.742362,0.961111,0.723414,0.824823,0.885206,0.88568,0.339353,0.508815,0.735606,0.901341,0.910478,0.78166,0.731989,0.561696,0.641591,0.920475,0.919321,0.675244,0.779882
0.89839,0.836937,0.904533,0.817641,0.791017,0.718347,0.760569,0.776714,0.602557,0.846388,0.861218,0.73936,0.807301,0.834619,0.72561,0.877165,0.869896,0.572207,0.758117,0.868409,0.846804,0.769545,0.776554,0.841168,0.280104,0.741679,0.861145,0.68473,0.555883,0.59344,0.667366,0.637784,0.804343,0.812258,0.7854,0.470041,0.468031,0.738024,0.886577,0.821904,0.422182,0.72746,0.892872,0.845177,0.932964,1,0.850486,0.73313,0.749009,0.719015,0.661281,0.853246,0.865018,0.814755,0.873785,0.835996,0.770019,0.885338,0.850709,0.647449,0.600132,0.800172,0.803779,0.854406,0.882017,0.745152,0.69342,0.904068,0.720614,0.784548,0.84338,0.861722,0.370101,0.447463,0.642332,0.828592,0.821771,0.718126,0.673919,0.524827,0.543267,0.840045,0.839447,0.628078,0.693796
0.870359,0.813453,0.845668,0.837503,0.761532,0.666061,0.778957,0.708736,0.565422,0.732361,0.791658,0.647125,0.776708,0.909023,0.757692,0.807492,0.874487,0.636467,0.749274,0.866128,0.855024,0.765077,0.825076,0.874716,0.343543,0.817834,0.889642,0.666473,0.707904,0.582391,0.462185,0.624225,0.81167,0.807095,0.834377,0.461898,0.373746,0.738424,0.835375,0.805288,0.43598,0.804556,0.871196,0.862118,0.8631,0.850486,1,0.849648,0.636895,0.730615,0.640648,0.767438,0.751612,0.724259,0.765615,0.873028,0.725607,0.869973,0.760384,0.575103,0.550107,0.757326,0.823652,0.844357,0.825149,0.643295,0.841951,0.87512,0.70418,0.691583,0.837162,0.740599,0.543374,0.414726,0.702457,0.834676,0.828244,0.73985,0.710009,0.592034,0.642376,0.781927,0.830908,0.661836,0.804818
0.805268,0.709402,0.813861,0.860093,0.694277,0.617368,0.751692,0.67362,0.523632,0.697848,0.72104,0.626889,0.706367,0.845052,0.737724,0.707412,0.802923,0.531036,0.783756,0.833771,0.803429,0.703533,0.705792,0.825888,0.276594,0.757256,0.797639,0.693219,0.662553,0.485753,0.464736,0.653397,0.73232,0.736712,0.85873,0.577395,0.325437,0.633809,0.804058,0.839366,0.456786,0.779597,0.810771,0.822149,0.788838,0.73313,0.849648,1,0.696327,0.736318,0.59438,0.731072,0.685217,0.679859,0.700419,0.795507,0.739797,0.805907,0.688993,0.571723,0.429451,0.758805,0.77739,0.802998,0.784191,0.542297,0.752155,0.838379,0.589507,0.662512,0.783909,0.660187,0.391559,0.423095,0.499243,0.836582,0.802959,0.721389,0.630494,0.701931,0.630519,0.718803,0.711435,0.646914,0.738625
0.708553,0.627148,0.717903,0.661362,0.62012,0.467104,0.558495,0.653543,0.358461,0.673513,0.697014,0.638228,0.609758,0.695188,0.465298,0.70943,0.664694,0.431153,0.605899,0.701986,0.648045,0.677074,0.55431,0.612554,0.236786,0.623912,0.650553,0.595144,0.411901,0.24837,0.510597,0.588351,0.640285,0.71609,0.647759,0.487093,0.373994,0.537479,0.779541,0.627497,0.403144,0.563039,0.66428,0.692283,0.738543,0.749009,0.636895,0.696327,1,0.689107,0.646159,0.625132,0.731926,0.664861,0.68389,0.644176,0.658262,0.698277,0.703439,0.582115,0.340594,0.774888,0.618663,0.700353,0.717721,0.397108,0.503731,0.754612,0.647085,0.619959,0.678482,0.64755,0.417943,0.236144,0.471453,0.728846,0.760817,0.564784,0.550456,0.541044,0.564651,0.697475,0.644668,0.588845,0.644945
0.727855,0.72444,0.726115,0.699672,0.557818,0.569855,0.568576,0.701283,0.326631,0.580495,0.745106,0.73472,0.685575,0.746658,0.623636,0.691451,0.783824,0.416164,0.711445,0.764162,0.767309,0.805425,0.612596,0.719834,0.343763,0.707315,0.713859,0.622499,0.535614,0.390871,0.392247,0.683824,0.735259,0.668899,0.640554,0.505583,0.555485,0.63538,0.726062,0.678552,0.270196,0.599744,0.724477,0.736419,0.713396,0.719015,0.730615,0.736318,0.689107,1,0.494806,0.678005,0.653936,0.666924,0.7078,0.733188,0.775042,0.729168,0.706162,0.542607,0.494357,0.693187,0.646652,0.768922,0.750158,0.529361,0.62251,0.784302,0.747458,0.694136,0.67001,0.623498,0.413768,0.416522,0.641967,0.681694,0.724074,0.691771,0.633156,0.56633,0.668737,0.678994,0.695057,0.394533,0.710995
0.749921,0.718059,0.6765,0.608548,0.595652,0.491784,0.583432,0.663607,0.715202,0.639926,0.710284,0.592864,0.730765,0.574937,0.646782,0.738139,0.694606,0.490042,0.535345,0.665326,0.70822,0.619907,0.668774,0.639879,0.434406,0.744949,0.613225,0.598073,0.464137,0.310445,0.332611,0.542031,0.697437,0.74781,0.534933,0.259899,0.198454,0.552528,0.721417,0.626801,0.567457,0.644092,0.761176,0.736698,0.730512,0.661281,0.640648,0.59438,0.646159,0.494806,1,0.681357,0.739296,0.714867,0.711033,0.664372,0.521963,0.746283,0.707644,0.513853,0.278945,0.727011,0.599312,0.661677,0.741578,0.632693,0.559165,0.711162,0.505021,0.514132,0.691794,0.619542,0.279193,0.413707,0.543868,0.628401,0.736244,0.483328,0.483566,0.52172,0.477579,0.732943,0.704746,0.415587,0.699567
0.852202,0.876681,0.838991,0.749411,0.746587,0.771523,0.759338,0.787337,0.707134,0.798143,0.85176,0.7566,0.84267,0.755216,0.735801,0.861532,0.862303,0.617801,0.774894,0.860489,0.823959,0.741912,0.788807,0.838189,0.335876,0.747963,0.787325,0.622788,0.587429,0.531598,0.612017,0.69836,0.797807,0.760094,0.680289,0.496112,0.417253,0.727556,0.868842,0.806147,0.37103,0.724903,0.855951,0.795159,0.865375,0.853246,0.767438,0.731072,0.625132,0.678005,0.681357,1,0.863924,0.883995,0.842056,0.763173,0.697333,0.833359,0.858622,0.634784,0.493977,0.800413,0.706967,0.852586,0.880546,0.749368,0.652677,0.87762,0.602474,0.700511,0.791886,0.829131,0.224831,0.505343,0.62385,0.774873,0.804483,0.726717,0.630554,0.580664,0.533992,0.798864,0.809729,0.529557,0.628484
0.829701,0.803977,0.794427,0.708329,0.761205,0.612339,0.745943,0.786299,0.687955,0.824681,0.858528,0.722239,0.813588,0.750067,0.670055,0.848243,0.834973,0.512092,0.637936,0.821499,0.786054,0.755491,0.772674,0.777346,0.313828,0.762377,0.789078,0.649391,0.561537,0.435204,0.656152,0.690133,0.844237,0.781854,0.662347,0.455185,0.430573,0.749585,0.851464,0.742825,0.413855,0.637208,0.816762,0.746243,0.85329,0.865018,0.751612,0.685217,0.731926,0.653936,0.739296,0.863924,1,0.87668,0.884324,0.729962,0.616013,0.799298,0.879881,0.575942,0.472722,0.77092,0.682903,0.826759,0.865239,0.706731,0.580069,0.855324,0.674762,0.661744,0.774543,0.802007,0.333424,0.441695,0.638907,0.746726,0.788675,0.616265,0.501352,0.543892,0.463643,0.795023,0.780223,0.545836,0.627038
