1,0.821739,0.899329,0.77359,0.806555,0.713872,0.524883,0.289617,0.707138,0.542859,0.688969,0.627846,0.768469,0.603445,0.611432,0.627495,0.745235,0.627061,0.752991,0.790234,0.804671,0.512928,0.779395,0.831101,0.402226,0.698158,0.803105,0.560799,0.571681,0.521144,0.315102,0.504822,0.779347,0.747578,0.55084,0.620452,0.239781,0.574099,0.825517,0.731399,0.569538,0.742607,0.883568,0.688577,0.88624,0.719429,0.730569,0.585903,0.624147,0.594903,0.550585,0.475573,0.579342,0.690378,0.752928,0.548484,0.712352,0.72897,0.793453,0.217077,0.545175,0.393555,0.620625,0.851765,0.825656,0.625145,0.775589,0.856958,0.460889,0.716048,0.75144,0.804491,0.561389,0.397205,0.448682,0.766712,0.552863,0.353323,0.571107,-0.000380435,0.797799,0.796796,0.767308,0.563783,0.682881
0.821739,1,0.66083,0.700171,0.676304,0.68372,0.55342,0.300009,0.553119,0.427941,0.531471,0.622314,0.746198,0.792153,0.442858,0.820373,0.66005,0.46733,0.789959,0.77735,0.758889,0.567818,0.581988,0.796198,0.484734,0.7752,0.668721,0.539676,0.561373,0.413634,0.364995,0.322392,0.677166,0.640065,0.505563,0.620782,0.388618,0.452605,0.670181,0.677262,0.420494,0.611929,0.76684,0.849657,0.715919,0.738792,0.768133,0.590587,0.567025,0.584196,0.550026,0.549569,0.527188,0.657477,0.729277,0.753847,0.727658,0.825746,0.764082,0.363574,0.600211,0.479083,0.691063,0.795392,0.681758,0.441275,0.627089,0.782723,0.456553,0.701836,0.592935,0.660835,0.562268,0.483804,0.301768,0.698867,0.41502,0.332147,0.387901,0.17951,0.696493,0.715482,0.665876,0.593977,0.662626
0.899329,0.66083,1,0.783162,0.737681,0.711295,0.419525,0.262605,0.747451,0.602009,0.726887,0.608719,0.769423,0.441633,0.546517,0.489632,0.831897,0.631629,0.578361,0.752937,0.746682,0.463273,0.721744,0.799179,0.245516,0.66297,0.808279,0.553049,0.591141,0.481351,0.110345,0.543504,0.678062,0.699546,0.626054,0.502578,0.262258,0.664687,0.817901,0.683623,0.511356,0.70051,0.858199,0.51801,0.941643,0.673104,0.604346,0.516723,0.596066,0.465017,0.516635,0.432677,0.64302,0.673207,0.725456,0.374088,0.526205,0.572924,0.794843,0.248463,0.376819,0.314933,0.595307,0.822841,0.829232,0.606797,0.81314,0.835325,0.493838,0.684591,0.774003,0.804684,0.503536,0.301062,0.550196,0.714187,0.623337,0.384007,0.555924,-0.104384,0.782618,0.750914,0.766718,0.541798,0.639499
0.77359,0.700171,0.783162,1,0.663963,0.665253,0.318587,0.337555,0.514679,0.638498,0.79199,0.470754,0.678012,0.437085,0.476711,0.506411,0.735079,0.436246,0.612697,0.637027,0.619374,0.360635,0.515296,0.697619,0.235248,0.552948,0.610258,0.371012,0.442533,0.26581,-0.0864984,0.433117,0.622952,0.669119,0.496992,0.549071,0.314433,0.509147,0.667428,0.634899,0.296408,0.550904,0.764558,0.576466,0.82694,0.760129,0.649048,0.593864,0.478566,0.457098,0.503551,0.715804,0.815937,0.642158,0.696853,0.417814,0.540407,0.604464,0.79556,0.301543,0.237181,0.393073,0.551381,0.682759,0.710782,0.431927,0.614913,0.709841,0.581184,0.473962,0.523635,0.629342,0.403086,0.321157,0.499596,0.596051,0.54102,0.278983,0.441196,-0.00721252,0.590497,0.530813,0.599914,0.37687,0.55278
0.806555,0.676304,0.737681,0.663963,1,0.804256,0.367961,0.346147,0.625881,0.461202,0.698456,0.705158,0.739568,0.558901,0.590215,0.570881,0.561889,0.595601,0.679572,0.779451,0.699557,0.417455,0.699532,0.815999,0.310733,0.59757,0.72756,0.547276,0.485749,0.510646,0.275216,0.449941,0.638233,0.764605,0.551655,0.627763,0.249778,0.525445,0.827643,0.694907,0.478985,0.641116,0.817537,0.665185,0.784119,0.734261,0.740939,0.735455,0.605629,0.634759,0.456926,0.518051,0.554435,0.737283,0.713875,0.530532,0.573291,0.66795,0.67521,0.342814,0.457912,0.575,0.589746,0.780556,0.761758,0.521209,0.761716,0.762245,0.553016,0.613382,0.730075,0.738297,0.495416,0.463961,0.406478,0.673239,0.651511,0.36262,0.483183,-0.0440353,0.700756,0.690214,0.729954,0.633651,0.727279
0.713872,0.68372,0.711295,0.665253,0.804256,1,0.316872,0.510437,0.568445,0.391971,0.587653,0.748131,0.835805,0.602167,0.641092,0.557193,0.675295,0.516851,0.546504,0.779089,0.653157,0.399734,0.538362,0.83033,0.431771,0.598973,0.745492,0.667622,0.52488,0.468286,0.103279,0.484754,0.589805,0.665616,0.531936,0.443729,0.356943,0.418994,0.737322,0.575841,0.365058,0.563037,0.732603,0.677267,0.781264,0.747422,0.716426,0.734537,0.628685,0.657901,0.607151,0.490442,0.575677,0.71876,0.684578,0.53336,0.639561,0.577754,0.674335,0.397555,0.382905,0.513988,0.589209,0.750496,0.654621,0.476642,0.752746,0.827291,0.585945,0.608957,0.697737,0.66974,0.460825,0.445284,0.369183,0.634738,0.623711,0.515423,0.453776,0.149945,0.68732,0.653033,0.760696,0.651807,0.788563
0.524883,0.55342,0.419525,0.318587,0.367961,0.316872,1,0.452277,0.479548,0.432331,0.26107,0.43276,0.515468,0.568588,0.346603,0.511676,0.524921,0.165756,0.584635,0.522755,0.628285,0.402325,0.484213,0.554046,0.333235,0.414019,0.474088,0.357562,0.392865,0.23727,0.33994,0.107291,0.509945,0.475559,0.444136,0.477307,0.0908009,0.430754,0.499997,0.602613,0.297738,0.396778,0.48613,0.560854,0.434743,0.450575,0.489259,0.364597,0.309323,0.307476,0.310589,0.200444,0.248649,0.441699,0.580497,0.560925,0.475978,0.589009,0.489473,0.254943,0.565598,0.382686,0.573194,0.558592,0.560942,0.421556,0.430632,0.56626,0.303688,0.529704,0.504731,0.297439,0.405806,0.216623,0.23384,0.451742,0.422625,0.297696,0.327815,0.133693,0.461433,0.606401,0.397507,0.315543,0.395298
0.289617,0.300009,0.262605,0.337555,0.346147,0.510437,0.452277,1,0.261381,0.378627,0.390904,0.363597,0.482947,0.504415,0.483867,0.242084,0.386391,-0.00203917,0.362339,0.432437,0.392182,0.0474095,0.202955,0.476254,0.229368,0.239514,0.297419,0.390208,0.153632,0.183673,-0.0531689,0.0929346,0.399248,0.414666,0.290159,0.222904,0.0337213,0.148521,0.388641,0.41047,0.00893978,0.182026,0.348791,0.480977,0.337554,0.383352,0.436325,0.554283,0.211137,0.466488,0.306386,0.341022,0.345976,0.435645,0.479476,0.513462,0.475779,0.360562,0.366466,0.222146,0.240292,0.450071,0.302489,0.362365,0.398611,0.207833,0.403547,0.440548,0.40488,0.184924,0.291664,0.0433351,0.171571,0.0206724,0.228721,0.277404,0.466681,0.31736,0.322747,0.2447,0.273856,0.338187,0.329783,0.286599,0.39697
0.707138,0.553119,0.747451,0.514679,0.625881,0.568445,0.479548,0.261381,1,0.338442,0.463499,0.526409,0.603625,0.401477,0.556232,0.57454,0.606018,0.580138,0.572553,0.758162,0.73308,0.30682,0.843737,0.749773,0.233362,0.579474,0.791848,0.442091,0.662818,0.594521,0.183515,0.517874,0.523702,0.650523,0.648233,0.374358,0.219054,0.614387,0.727915,0.687178,0.513229,0.713692,0.732656,0.436156,0.756688,0.52864,0.546354,0.445961,0.637691,0.337331,0.346987,0.183807,0.333248,0.446568,0.540938,0.35348,0.484839,0.538379,0.494805,0.289701,0.411938,0.405498,0.556504,0.75291,0.723729,0.70712,0.809963,0.758431,0.344821,0.693168,0.818452,0.645374,0.487557,0.32618,0.329879,0.632205,0.647345,0.202804,0.517788,-0.0977342,0.774534,0.742739,0.654016,0.578364,0.643633
0.542859,0.427941,0.602009,0.638498,0.461202,0.391971,0.432331,0.378627,0.338442,1,0.772673,0.415399,0.608121,0.499682,0.295599,0.323267,0.568623,0.481766,0.412895,0.388441,0.446608,0.0514814,0.288193,0.473049,0.0764541,0.399786,0.284402,0.196707,0.128012,0.104731,-0.227763,0.087956,0.414276,0.553429,0.482427,0.353615,0.0180733,0.421606,0.577265,0.541327,0.452206,0.304499,0.589615,0.515686,0.643546,0.432021,0.576073,0.376115,0.15612,0.415671,0.307751,0.47271,0.625193,0.637532,0.701609,0.489399,0.441163,0.546186,0.668953,0.0806,0.159126,0.330972,0.469128,0.455175,0.633547,0.354284,0.450962,0.46405,0.377084,0.273242,0.321539,0.331415,0.339229,0.0958639,0.379084,0.380718,0.463737,0.176599,0.256444,-0.152933,0.482514,0.397285,0.414645,0.146482,0.265983
0.688969,0.531471,0.726887,0.79199,0.698456,0.587653,0.26107,0.390904,0.463499,0.772673,1,0.470619,0.685088,0.443281,0.438763,0.457969,0.619863,0.544498,0.549296,0.536448,0.560657,0.225537,0.481835,0.609638,0.106341,0.536232,0.514934,0.302464,0.262585,0.244947,-0.162399,0.237222,0.554154,0.667217,0.52739,0.492043,0.223606,0.546233,0.694393,0.615606,0.41179,0.534051,0.75671,0.565128,0.762767,0.612683,0.562018,0.498608,0.352926,0.512298,0.402006,0.67818,0.791661,0.651897,0.743463,0.470043,0.481558,0.611649,0.814789,0.146831,0.1177,0.339963,0.499485,0.630515,0.749844,0.351491,0.603828,0.573043,0.540423,0.402902,0.469313,0.551797,0.44162,0.312252,0.558864,0.536096,0.539441,0.184835,0.387416,-0.110974,0.609613,0.467702,0.547494,0.365667,0.448384
0.627846,0.622314,0.608719,0.470754,0.705158,0.748131,0.43276,0.363597,0.526409,0.415399,0.470619,1,0.818659,0.619617,0.487887,0.552862,0.577969,0.549242,0.547644,0.687765,0.588631,0.393929,0.60951,0.76172,0.353274,0.56371,0.578173,0.597512,0.370362,0.481891,0.1895,0.350932,0.465999,0.654589,0.542185,0.267292,0.199521,0.350574,0.665356,0.473915,0.419578,0.625814,0.740313,0.693707,0.675121,0.685534,0.674133,0.633057,0.43307,0.623446,0.586552,0.385813,0.472122,0.777356,0.738835,0.535788,0.640911,0.698456,0.656558,0.412115,0.397862,0.543153,0.5821,0.656733,0.636582,0.496445,0.609686,0.690712,0.466047,0.508831,0.571864,0.484528,0.535067,0.546132,0.328405,0.481507,0.628413,0.513129,0.343103,-0.0745737,0.649727,0.643882,0.641277,0.561817,0.728595
0.768469,0.746198,0.769423,0.678012,0.739568,0.835805,0.515468,0.482947,0.603625,0.608121,0.685088,0.818659,1,0.659543,0.553283,0.63599,0.844735,0.530036,0.642644,0.776854,0.747282,0.422062,0.624514,0.82996,0.426295,0.630236,0.710175,0.708975,0.55924,0.514186,0.123261,0.403337,0.632552,0.749651,0.561988,0.41267,0.270324,0.45007,0.810382,0.64547,0.466555,0.62083,0.808012,0.751081,0.813635,0.777578,0.779169,0.658711,0.603482,0.636461,0.610542,0.48172,0.677895,0.890867,0.892291,0.596223,0.690782,0.742665,0.857245,0.40043,0.407057,0.545564,0.732837,0.791442,0.785165,0.57705,0.770296,0.814406,0.567061,0.615969,0.652536,0.632326,0.560891,0.517527,0.406168,0.662905,0.641251,0.540425,0.494287,0.0376615,0.773154,0.70835,0.739942,0.617171,0.750183
0.603445,0.792153,0.441633,0.437085,0.558901,0.602167,0.568588,0.504415,0.401477,0.499682,0.443281,0.619617,0.659543,1,0.465728,0.768441,0.501675,0.373873,0.669074,0.650895,0.652166,0.297277,0.412369,0.736177,0.461632,0.71941,0.495504,0.547937,0.34795,0.348465,0.283832,0.189446,0.606851,0.562637,0.531301,0.559766,0.353548,0.417085,0.595292,0.649703,0.376488,0.444972,0.617448,0.904366,0.564906,0.5198,0.771892,0.543087,0.345009,0.731663,0.533721,0.448949,0.371083,0.603539,0.673162,0.951578,0.667046,0.836624,0.605566,0.262796,0.504942,0.48956,0.591437,0.633841,0.592461,0.366887,0.510819,0.660309,0.365709,0.503878,0.442304,0.396704,0.413224,0.338187,0.243633,0.562605,0.449128,0.413312,0.19493,0.160181,0.583885,0.677223,0.614851,0.459908,0.568759
0.611432,0.442858,0.546517,0.476711,0.590215,0.641092,0.346603,0.483867,0.556232,0.295599,0.438763,0.487887,0.553283,0.465728,1,0.414122,0.528902,0.389306,0.435818,0.577088,0.54693,0.0923635,0.657805,0.690385,0.284775,0.390471,0.697162,0.537249,0.424324,0.516611,0.083901,0.673387,0.511055,0.513721,0.363553,0.295627,0.186097,0.380325,0.525196,0.516948,0.28705,0.53212,0.556385,0.556886,0.612537,0.463535,0.469924,0.501508,0.623604,0.638151,0.559093,0.175884,0.193604,0.4591,0.453798,0.474687,0.566772,0.511954,0.393387,0.0702573,0.153216,0.288916,0.296501,0.492143,0.51457,0.448317,0.616755,0.718183,0.3804,0.279884,0.605394,0.468172,0.382338,0.331544,0.265759,0.48528,0.507779,0.389245,0.316638,-0.0843855,0.540307,0.523843,0.509576,0.35529,0.618144
0.627495,0.820373,0.489632,0.506411,0.570881,0.557193,0.511676,0.242084,0.57454,0.323267,0.457969,0.552862,0.63599,0.768441,0.414122,1,0.537742,0.497261,0.751952,0.757232,0.794999,0.477022,0.563236,0.802226,0.449235,0.824779,0.668748,0.526753,0.595656,0.415187,0.283697,0.237218,0.516252,0.660291,0.649527,0.512937,0.547203,0.581432,0.69063,0.729345,0.403559,0.634152,0.684872,0.765584,0.5899,0.585744,0.705491,0.457117,0.521206,0.583748,0.508851,0.420678,0.379869,0.515208,0.621168,0.750422,0.581099,0.883841,0.597883,0.391182,0.411331,0.482408,0.774412,0.778298,0.699692,0.489316,0.570359,0.711798,0.430321,0.637696,0.563298,0.551635,0.630452,0.588294,0.340386,0.676685,0.547182,0.421948,0.1945,0.150921,0.674339,0.716552,0.665943,0.611472,0.655921
0.745235,0.66005,0.831897,0.735079,0.561889,0.675295,0.524921,0.386391,0.606018,0.568623,0.619863,0.577969,0.844735,0.501675,0.528902,0.537742,1,0.427942,0.550673,0.677658,0.730239,0.487576,0.545705,0.767623,0.351961,0.617534,0.723608,0.655793,0.57787,0.444662,0.0903918,0.513197,0.589359,0.633095,0.510058,0.416065,0.293601,0.557613,0.698388,0.624231,0.27555,0.543048,0.701543,0.602212,0.810139,0.641215,0.572525,0.498176,0.581473,0.420377,0.588414,0.423348,0.62476,0.756236,0.76837,0.450747,0.533692,0.627556,0.830718,0.244583,0.284855,0.290998,0.665996,0.751599,0.735378,0.473483,0.751253,0.799891,0.484929,0.558395,0.660681,0.622677,0.460168,0.335539,0.446652,0.658134,0.554361,0.570172,0.475234,0.0800769,0.659368,0.696812,0.664956,0.494478,0.584451
0.627061,0.46733,0.631629,0.436246,0.595601,0.516851,0.165756,-0.00203917,0.580138,0.481766,0.544498,0.549242,0.530036,0.373873,0.389306,0.497261,0.427942,1,0.458762,0.552892,0.570397,0.264226,0.517445,0.598197,0.377229,0.587184,0.557175,0.37668,0.447192,0.428206,0.0927511,0.410567,0.380596,0.578432,0.557285,0.321869,0.144742,0.550275,0.664707,0.495832,0.630252,0.573301,0.659066,0.424991,0.653802,0.416455,0.483687,0.292825,0.519347,0.504778,0.457804,0.161972,0.230982,0.460201,0.452828,0.304861,0.511631,0.517064,0.44127,-0.0641592,0.227483,0.25518,0.389348,0.605031,0.594549,0.341358,0.629604,0.597355,0.215562,0.451802,0.569219,0.584002,0.585076,0.362542,0.229745,0.62544,0.493255,0.240995,0.220856,-0.216259,0.647565,0.552503,0.61265,0.523046,0.515668
0.752991,0.789959,0.578361,0.612697,0.679572,0.546504,0.584635,0.362339,0.572553,0.412895,0.549296,0.547644,0.642644,0.669074,0.435818,0.751952,0.550673,0.458762,1,0.826304,0.835204,0.490094,0.66144,0.729828,0.333447,0.600894,0.650101,0.386729,0.585365,0.450996,0.405614,0.289425,0.73588,0.814183,0.668341,0.665303,0.302654,0.53848,0.757175,0.781629,0.396102,0.72385,0.807827,0.77665,0.641796,0.72766,0.687634,0.560343,0.489666,0.491031,0.424887,0.591639,0.499792,0.616093,0.695004,0.663926,0.62707,0.826968,0.655608,0.317936,0.526534,0.595967,0.724724,0.819551,0.787432,0.5031,0.630622,0.695992,0.504013,0.607629,0.619523,0.542798,0.445006,0.445927,0.554604,0.738541,0.582612,0.422841,0.490884,0.0180327,0.726236,0.699436,0.617025,0.551425,0.645343
0.790234,0.77735,0.752937,0.637027,0.779451,0.779089,0.522755,0.432437,0.758162,0.388441,0.536448,0.687765,0.776854,0.650895,0.577088,0.757232,0.677658,0.552892,0.826304,1,0.916148,0.526281,0.742829,0.890589,0.354095,0.699909,0.815056,0.612922,0.751447,0.6041,0.318923,0.487398,0.723907,0.807609,0.798929,0.585601,0.353629,0.626009,0.8733,0.832738,0.433221,0.77461,0.870812,0.742645,0.789652,0.780485,0.713416,0.619619,0.655582,0.614126,0.531174,0.488414,0.512942,0.647581,0.713339,0.613394,0.627307,0.774581,0.671109,0.49482,0.494126,0.615995,0.75974,0.927355,0.856277,0.657402,0.848382,0.875173,0.558779,0.759067,0.787018,0.690825,0.512803,0.451655,0.51155,0.805037,0.754932,0.552744,0.525303,0.00834538,0.791993,0.825645,0.792594,0.769959,0.83047
0.804671,0.758889,0.746682,0.619374,0.699557,0.653157,0.628285,0.392182,0.73308,0.446608,0.560657,0.588631,0.747282,0.652166,0.54693,0.794999,0.730239,0.570397,0.835204,0.916148,1,0.599608,0.721079,0.870557,0.483849,0.778577,0.829191,0.676227,0.758437,0.599519,0.34728,0.447031,0.726601,0.835426,0.783414,0.622674,0.357876,0.722192,0.885772,0.85659,0.448955,0.721554,0.845253,0.710684,0.759242,0.667391,0.661213,0.53114,0.59999,0.595692,0.580904,0.436901,0.451499,0.639437,0.73996,0.622323,0.609145,0.815432,0.720728,0.329013,0.456604,0.5032,0.800186,0.938774,0.883867,0.628366,0.844385,0.871666,0.452266,0.759643,0.783074,0.640538,0.611197,0.401233,0.506346,0.80999,0.716089,0.569326,0.475251,0.011891,0.756618,0.855724,0.730875,0.716968,0.711269
0.512928,0.567818,0.463273,0.360635,0.417455,0.399734,0.402325,0.0474095,0.30682,0.0514814,0.225537,0.393929,0.422062,0.297277,0.0923635,0.477022,0.487576,0.264226,0.490094,0.526281,0.599608,1,0.345925,0.460367,0.351459,0.579005,0.545272,0.457507,0.417694,0.454392,0.391781,0.136157,0.391449,0.373463,0.381915,0.381433,0.433351,0.443386,0.492737,0.379801,0.0710768,0.409431,0.440082,0.346498,0.32387,0.35302,0.246252,0.308884,0.270816,0.179511,0.307575,0.262089,0.317345,0.421623,0.483169,0.29641,0.309438,0.450697,0.541115,0.244905,0.368388,0.120285,0.508172,0.647408,0.481084,0.234123,0.461824,0.484281,0.214645,0.650081,0.509631,0.434604,0.453927,0.257059,0.295076,0.534707,0.32431,0.386066,0.442772,0.336763,0.347122,0.556626,0.421985,0.533866,0.407281
0.779395,0.581988,0.721744,0.515296,0.699532,0.538362,0.484213,0.202955,0.843737,0.288193,0.481835,0.60951,0.624514,0.412369,0.657805,0.563236,0.545705,0.517445,0.66144,0.742829,0.721079,0.345925,1,0.721898,0.20479,0.519097,0.802546,0.452334,0.631589,0.635632,0.271763,0.527895,0.637219,0.715298,0.591252,0.39244,0.129371,0.51494,0.742463,0.639929,0.569078,0.78856,0.76298,0.511647,0.716752,0.585785,0.573661,0.450613,0.587062,0.426719,0.381469,0.223494,0.342518,0.528941,0.586202,0.381942,0.552022,0.62693,0.538372,0.307283,0.411052,0.4452,0.531884,0.726484,0.737024,0.762603,0.722821,0.703234,0.328361,0.587476,0.72259,0.686526,0.470115,0.407813,0.401862,0.589409,0.606339,0.281659,0.498311,-0.208051,0.80303,0.722128,0.629022,0.492409,0.699649
0.831101,0.796198,0.799179,0.697619,0.815999,0.83033,0.554046,0.476254,0.749773,0.473049,0.609638,0.76172,0.82996,0.736177,0.690385,0.802226,0.767623,0.598197,0.729828,0.890589,0.870557,0.460367,0.721898,1,0.483956,0.814709,0.858265,0.737945,0.632379,0.563366,0.245345,0.538814,0.649262,0.787634,0.677172,0.562084,0.44245,0.681965,0.859291,0.80442,0.437833,0.723647,0.866817,0.766724,0.867921,0.738298,0.810567,0.697415,0.680392,0.717757,0.647697,0.454743,0.511032,0.746364,0.780862,0.681602,0.673446,0.82031,0.730869,0.379107,0.460417,0.541667,0.74664,0.895165,0.842147,0.612496,0.825996,0.953416,0.565639,0.70406,0.806701,0.696509,0.622325,0.524068,0.448808,0.767942,0.756426,0.560069,0.429661,0.0421797,0.768377,0.843888,0.824397,0.68484,0.804969
0.402226,0.484734,0.245516,0.235248,0.310733,0.431771,0.333235,0.229368,0.233362,0.0764541,0.106341,0.353274,0.426295,0.461632,0.284775,0.449235,0.351961,0.377229,0.333447,0.354095,0.483849,0.351459,0.20479,0.483956,1,0.499677,0.437686,0.64122,0.351133,0.359091,0.258913,0.304072,0.342511,0.339048,0.159345,0.320033,0.193204,0.236115,0.402354,0.291123,0.174287,0.219489,0.318833,0.402382,0.316322,0.344168,0.441626,0.351321,0.408963,0.505287,0.531986,0.0661439,0.00696211,0.348295,0.310083,0.376361,0.453454,0.384378,0.317984,-0.0757051,0.258349,0.210976,0.297291,0.414537,0.237431,0.0733781,0.38876,0.519436,0.164983,0.439804,0.289765,0.265701,0.433101,0.293484,-0.0583095,0.439087,0.168173,0.348637,0.145251,0.187896,0.34707,0.367671,0.384861,0.523136,0.396476
0.698158,0.7752,0.66297,0.552948,0.59757,0.598973,0.414019,0.239514,0.579474,0.399786,0.536232,0.56371,0.630236,0.71941,0.390471,0.824779,0.617534,0.587184,0.600894,0.699909,0.778577,0.579005,0.519097,0.814709,0.499677,1,0.718931,0.647181,0.47511,0.409959,0.223317,0.297718,0.463048,0.603206,0.610341,0.481115,0.509655,0.682419,0.713833,0.664905,0.441022,0.584946,0.725175,0.663619,0.691459,0.469253,0.637035,0.439892,0.42585,0.588602,0.579405,0.452731,0.401861,0.557932,0.655102,0.673341,0.563535,0.761223,0.698983,0.236039,0.378605,0.238841,0.653644,0.793543,0.704305,0.416876,0.667049,0.759332,0.303296,0.718094,0.630224,0.590648,0.677566,0.419066,0.378253,0.6231,0.518219,0.4097,0.244792,0.0522162,0.62776,0.737261,0.670923,0.586463,0.51169
0.803105,0.668721,0.808279,0.610258,0.72756,0.745492,0.474088,0.297419,0.791848,0.284402,0.514934,0.578173,0.710175,0.495504,0.697162,0.668748,0.723608,0.557175,0.650101,0.815056,0.829191,0.545272,0.802546,0.858265,0.437686,0.718931,1,0.691287,0.728359,0.595014,0.267891,0.582904,0.649541,0.718488,0.66664,0.506243,0.500846,0.716536,0.813564,0.73014,0.458095,0.775293,0.776071,0.553046,0.789364,0.604034,0.606468,0.541145,0.728674,0.496372,0.606062,0.298546,0.400648,0.583263,0.629801,0.449095,0.513273,0.620414,0.617101,0.354907,0.397873,0.390099,0.610349,0.85659,0.766794,0.635894,0.792676,0.891776,0.490186,0.725123,0.834741,0.758246,0.568618,0.491993,0.485668,0.783854,0.673552,0.51447,0.497519,0.02595,0.81041,0.827871,0.781673,0.649542,0.776914
0.560799,0.539676,0.553049,0.371012,0.547276,0.667622,0.357562,0.390208,0.442091,0.196707,0.302464,0.597512,0.708975,0.547937,0.537249,0.526753,0.655793,0.37668,0.386729,0.612922,0.676227,0.457507,0.452334,0.737945,0.64122,0.647181,0.691287,1,0.551977,0.546029,0.345235,0.482599,0.506457,0.538544,0.383745,0.309073,0.335024,0.399798,0.606053,0.48177,0.252163,0.413719,0.538991,0.530303,0.549701,0.445651,0.518984,0.495291,0.551515,0.635525,0.658532,0.184732,0.287494,0.625615,0.571722,0.457017,0.524016,0.554458,0.550501,0.233287,0.300686,0.335334,0.519461,0.64451,0.542224,0.38145,0.6891,0.739638,0.283107,0.497463,0.576252,0.464321,0.529821,0.358775,0.144899,0.56077,0.470512,0.672141,0.2963,0.100379,0.467177,0.685381,0.602329,0.619681,0.627785
0.571681,0.561373,0.591141,0.442533,0.485749,0.52488,0.392865,0.153632,0.662818,0.128012,0.262585,0.370362,0.55924,0.34795,0.424324,0.595656,0.57787,0.447192,0.585365,0.751447,0.758437,0.417694,0.631589,0.632379,0.351133,0.47511,0.728359,0.551977,1,0.519194,0.359185,0.52061,0.657526,0.658136,0.610736,0.471856,0.25878,0.51393,0.662356,0.607475,0.426928,0.571052,0.547525,0.417503,0.55826,0.546,0.442479,0.36991,0.672993,0.350781,0.455792,0.139748,0.250857,0.352719,0.39114,0.294881,0.346121,0.465459,0.390254,0.354366,0.422274,0.474158,0.558474,0.689082,0.601753,0.496149,0.678939,0.659282,0.304883,0.558316,0.66588,0.643659,0.3829,0.278078,0.272581,0.677258,0.488904,0.393759,0.384417,-0.0449227,0.666561,0.701084,0.631029,0.601849,0.677232
0.521144,0.413634,0.481351,0.26581,0.510646,0.468286,0.23727,0.183673,0.594521,0.104731,0.244947,0.481891,0.514186,0.348465,0.516611,0.415187,0.444662,0.428206,0.450996,0.6041,0.599519,0.454392,0.635632,0.563366,0.359091,0.409959,0.595014,0.546029,0.519194,1,0.328992,0.549172,0.440755,0.451783,0.347519,0.175704,0.184071,0.387442,0.593643,0.427725,0.163846,0.479343,0.479996,0.349257,0.425974,0.336375,0.405235,0.378462,0.483158,0.469158,0.329185,-0.0577028,0.0940297,0.473643,0.47261,0.306523,0.412026,0.470911,0.344569,-0.0125524,0.169749,0.349178,0.380248,0.576642,0.520028,0.4547,0.681624,0.579984,0.226406,0.443076,0.5454,0.462332,0.381861,0.28652,0.230987,0.543114,0.438786,0.338148,0.440226,0.0255474,0.593499,0.501803,0.457495,0.587663,0.609462
0.315102,0.364995,0.110345,-0.0864984,0.275216,0.103279,0.33994,-0.0531689,0.183515,-0.227763,-0.162399,0.1895,0.123261,0.283832,0.083901,0.283697,0.0903918,0.0927511,0.405614,0.318923,0.34728,0.391781,0.271763,0.245345,0.258913,0.223317,0.267891,0.345235,0.359185,0.328992,1,0.0933941,0.362461,0.175684,0.0630135,0.40451,0.060518,0.0889179,0.168839,0.258813,0.0659488,0.31008,0.196013,0.304713,0.0642467,0.202752,0.140067,0.146649,0.25841,0.178506,0.224498,-0.0282822,-0.125601,0.152369,0.118654,0.246415,0.248776,0.285968,0.0976108,0.0817778,0.568794,0.28497,0.175447,0.331552,0.222115,0.0999968,0.203631,0.263719,0.074423,0.363072,0.299411,0.254425,0.21263,0.194628,-0.0607269,0.361181,-0.0242525,0.169078,0.230001,0.0907392,0.173388,0.41652,0.203629,0.304244,0.232249
0.504822,0.322392,0.543504,0.433117,0.449941,0.484754,0.107291,0.0929346,0.517874,0.087956,0.237222,0.350932,0.403337,0.189446,0.673387,0.237218,0.513197,0.410567,0.289425,0.487398,0.447031,0.136157,0.527895,0.538814,0.304072,0.297718,0.582904,0.482599,0.52061,0.549172,0.0933941,1,0.40068,0.361177,0.261384,0.286824,0.128941,0.383328,0.42605,0.336138,0.199123,0.413671,0.433808,0.288537,0.550345,0.367244,0.264258,0.352846,0.647637,0.459254,0.414978,0.0593001,0.0976661,0.296191,0.23221,0.130382,0.372311,0.294888,0.244787,-0.122286,0.0612213,0.0322981,0.186202,0.382889,0.353835,0.277258,0.636018,0.602757,0.19351,0.275118,0.559252,0.517468,0.202533,0.219922,0.176255,0.503338,0.349255,0.376557,0.236221,-0.203024,0.416759,0.439444,0.467009,0.395422,0.559606
0.779347,0.677166,0.678062,0.622952,0.638233,0.589805,0.509945,0.399248,0.523702,0.414276,0.554154,0.465999,0.632552,0.606851,0.511055,0.516252,0.589359,0.380596,0.73588,0.723907,0.726601,0.391449,0.637219,0.649262,0.342511,0.463048,0.649541,0.506457,0.657526,0.440755,0.362461,0.40068,1,0.70769,0.579741,0.708723,0.207399,0.448718,0.699881,0.674603,0.421077,0.615797,0.689045,0.644222,0.662862,0.668369,0.581628,0.517654,0.509028,0.565364,0.523837,0.430896,0.521337,0.497529,0.597663,0.553767,0.565003,0.621111,0.628447,0.275542,0.516165,0.531059,0.493424,0.719766,0.68771,0.479159,0.637423,0.660668,0.399978,0.527061,0.541925,0.587402,0.322586,0.183985,0.377924,0.732983,0.512296,0.367963,0.457617,0.0546002,0.68417,0.708774,0.712772,0.515116,0.673505
0.747578,0.640065,0.699546,0.669119,0.764605,0.665616,0.475559,0.414666,0.650523,0.553429,0.667217,0.654589,0.749651,0.562637,0.513721,0.660291,0.633095,0.578432,0.814183,0.807609,0.835426,0.373463,0.715298,0.787634,0.339048,0.603206,0.718488,0.538544,0.658136,0.451783,0.175684,0.361177,0.70769,1,0.729115,0.540755,0.215878,0.563575,0.887587,0.719857,0.539037,0.674505,0.825215,0.652563,0.758913,0.703758,0.72386,0.68969,0.489034,0.554685,0.518293,0.505623,0.568425,0.727633,0.735421,0.546519,0.629404,0.751045,0.677564,0.360466,0.416359,0.687069,0.728754,0.817931,0.831561,0.612922,0.743679,0.723472,0.456371,0.560918,0.709792,0.565126,0.558428,0.379736,0.525484,0.656154,0.771529,0.52537,0.47295,-0.0769972,0.757131,0.737635,0.711626,0.542522,0.709225
0.55084,0.505563,0.626054,0.496992,0.551655,0.531936,0.444136,0.290159,0.648233,0.482427,0.52739,0.542185,0.561988,0.531301,0.363553,0.649527,0.510058,0.557285,0.668341,0.798929,0.783414,0.381915,0.591252,0.677172,0.159345,0.610341,0.66664,0.383745,0.610736,0.347519,0.0630135,0.261384,0.579741,0.729115,1,0.487484,0.328658,0.683085,0.75615,0.786367,0.451705,0.690146,0.73802,0.584903,0.663053,0.557083,0.470949,0.292063,0.38804,0.428334,0.408945,0.451706,0.463294,0.43104,0.529932,0.484889,0.349767,0.661111,0.529902,0.454225,0.225151,0.465057,0.685814,0.774298,0.807888,0.59384,0.663856,0.64217,0.494407,0.561677,0.59277,0.519936,0.399443,0.295644,0.596587,0.666778,0.755094,0.505801,0.359681,-0.197139,0.677855,0.719688,0.655389,0.58649,0.642216
0.620452,0.620782,0.502578,0.549071,0.627763,0.443729,0.477307,0.222904,0.374358,0.353615,0.492043,0.267292,0.41267,0.559766,0.295627,0.512937,0.416065,0.321869,0.665303,0.585601,0.622674,0.381433,0.39244,0.562084,0.320033,0.481115,0.506243,0.309073,0.471856,0.175704,0.40451,0.286824,0.708723,0.540755,0.487484,1,0.322912,0.619805,0.573119,0.662563,0.357164,0.441639,0.56298,0.611216,0.521256,0.535009,0.530776,0.458303,0.442001,0.44604,0.429534,0.475004,0.412977,0.403165,0.497617,0.581927,0.315545,0.545325,0.527334,0.173253,0.561737,0.375654,0.452588,0.598237,0.601163,0.231939,0.501351,0.561664,0.380165,0.553713,0.493838,0.502299,0.222558,0.141521,0.288926,0.672014,0.422575,0.171506,0.272006,0.0927491,0.433503,0.634549,0.561975,0.376915,0.455146
0.239781,0.388618,0.262258,0.314433,0.249778,0.356943,0.0908009,0.0337213,0.219054,0.0180733,0.223606,0.199521,0.270324,0.353548,0.186097,0.547203,0.293601,0.144742,0.302654,0.353629,0.357876,0.433351,0.129371,0.44245,0.193204,0.509655,0.500846,0.335024,0.25878,0.184071,0.060518,0.128941,0.207399,0.215878,0.328658,0.322912,1,0.561373,0.336411,0.38185,-0.0391364,0.361605,0.314323,0.265941,0.272855,0.231286,0.305204,0.305042,0.314364,0.210156,0.342024,0.237226,0.306263,0.213596,0.334039,0.37884,0.123577,0.378494,0.308216,0.349126,0.0913637,0.161036,0.381047,0.450515,0.301802,0.163618,0.196943,0.429169,0.333106,0.416361,0.396241,0.281454,0.242135,0.442176,0.364891,0.501599,0.39509,0.304439,0.0717908,0.420646,0.309519,0.408807,0.466539,0.344287,0.392287
0.574099,0.452605,0.664687,0.509147,0.525445,0.418994,0.430754,0.148521,0.614387,0.421606,0.546233,0.350574,0.45007,0.417085,0.380325,0.581432,0.557613,0.550275,0.53848,0.626009,0.722192,0.443386,0.51494,0.681965,0.236115,0.682419,0.716536,0.399798,0.51393,0.387442,0.0889179,0.383328,0.448718,0.563575,0.683085,0.619805,0.561373,1,0.716067,0.733132,0.39181,0.6319,0.649793,0.401986,0.623695,0.345911,0.473879,0.337634,0.414032,0.3793,0.43383,0.295433,0.338371,0.410705,0.582384,0.443827,0.213354,0.553204,0.53501,0.153974,0.295513,0.21362,0.526974,0.71124,0.71439,0.412359,0.599067,0.684376,0.307345,0.614962,0.667994,0.519608,0.4047,0.24329,0.543911,0.668585,0.657827,0.30818,0.237567,-0.0306675,0.599507,0.709733,0.622445,0.41671,0.460593
0.825517,0.670181,0.817901,0.667428,0.827643,0.737322,0.499997,0.388641,0.727915,0.577265,0.694393,0.665356,0.810382,0.595292,0.525196,0.69063,0.698388,0.664707,0.757175,0.8733,0.885772,0.492737,0.742463,0.859291,0.402354,0.713833,0.813564,0.606053,0.662356,0.593643,0.168839,0.42605,0.699881,0.887587,0.75615,0.573119,0.336411,0.716067,1,0.820271,0.57583,0.751438,0.874369,0.616778,0.828071,0.693875,0.770504,0.643363,0.576589,0.617958,0.47627,0.430679,0.567559,0.731767,0.789892,0.552374,0.610049,0.733882,0.72863,0.3483,0.447818,0.574232,0.754546,0.909451,0.90079,0.683743,0.833045,0.819296,0.484037,0.73465,0.781722,0.709751,0.575967,0.400133,0.567719,0.790665,0.81914,0.508783,0.541905,-0.013547,0.852734,0.803539,0.859333,0.682277,0.758678
0.731399,0.677262,0.683623,0.634899,0.694907,0.575841,0.602613,0.41047,0.687178,0.541327,0.615606,0.473915,0.64547,0.649703,0.516948,0.729345,0.624231,0.495832,0.781629,0.832738,0.85659,0.379801,0.639929,0.80442,0.291123,0.664905,0.73014,0.48177,0.607475,0.427725,0.258813,0.336138,0.674603,0.719857,0.786367,0.662563,0.38185,0.733132,0.820271,1,0.409628,0.74467,0.808426,0.697385,0.746839,0.64827,0.675898,0.420631,0.545424,0.56783,0.405481,0.499475,0.506543,0.539776,0.661223,0.606081,0.482956,0.761163,0.634724,0.409998,0.390178,0.531497,0.73357,0.854227,0.880306,0.625777,0.690312,0.800096,0.587146,0.615493,0.680643,0.641044,0.43491,0.429681,0.589761,0.804974,0.703524,0.410467,0.511399,-0.0638865,0.70827,0.779439,0.736807,0.597187,0.67111
0.569538,0.420494,0.511356,0.296408,0.478985,0.365058,0.297738,0.00893978,0.513229,0.452206,0.41179,0.419578,0.466555,0.376488,0.28705,0.403559,0.27555,0.630252,0.396102,0.433221,0.448955,0.0710768,0.569078,0.437833,0.174287,0.441022,0.458095,0.252163,0.426928,0.163846,0.0659488,0.199123,0.421077,0.539037,0.451705,0.357164,-0.0391364,0.39181,0.57583,0.409628,1,0.472379,0.525574,0.369376,0.500557,0.290077,0.551874,0.243183,0.405336,0.34792,0.30214,0.127384,0.203738,0.357259,0.41434,0.310591,0.384626,0.392875,0.356502,0.185151,0.503967,0.231171,0.376349,0.427756,0.494971,0.52819,0.45407,0.424089,-0.00758679,0.415693,0.439886,0.530824,0.386271,0.19067,0.10853,0.388633,0.388046,0.0307932,0.209589,-0.274408,0.612608,0.561517,0.541584,0.2452,0.374553
0.742607,0.611929,0.70051,0.550904,0.641116,0.563037,0.396778,0.182026,0.713692,0.304499,0.534051,0.625814,0.62083,0.444972,0.53212,0.634152,0.543048,0.573301,0.72385,0.77461,0.721554,0.409431,0.78856,0.723647,0.219489,0.584946,0.775293,0.413719,0.571052,0.479343,0.31008,0.413671,0.615797,0.674505,0.690146,0.441639,0.361605,0.6319,0.751438,0.74467,0.472379,1,0.828512,0.556881,0.714872,0.652013,0.55077,0.390239,0.522122,0.473193,0.428937,0.419534,0.453396,0.498566,0.595555,0.408993,0.545344,0.661189,0.596207,0.399926,0.426682,0.422026,0.545322,0.788237,0.773834,0.659526,0.592287,0.712566,0.468444,0.656545,0.651954,0.630428,0.504268,0.53758,0.570476,0.704172,0.64242,0.36008,0.509507,-0.172899,0.792462,0.719359,0.736175,0.531298,0.702431
0.883568,0.76684,0.858199,0.764558,0.817537,0.732603,0.48613,0.348791,0.732656,0.589615,0.75671,0.740313,0.808012,0.617448,0.556385,0.684872,0.701543,0.659066,0.807827,0.870812,0.845253,0.440082,0.76298,0.866817,0.318833,0.725175,0.776071,0.538991,0.547525,0.479996,0.196013,0.433808,0.689045,0.825215,0.73802,0.56298,0.314323,0.649793,0.874369,0.808426,0.525574,0.828512,1,0.732605,0.915367,0.817403,0.734873,0.604653,0.585118,0.611879,0.537685,0.641002,0.678893,0.737164,0.804842,0.56794,0.669269,0.797285,0.82981,0.395154,0.408708,0.519121,0.69787,0.897108,0.894948,0.645362,0.792946,0.85973,0.601808,0.716261,0.743984,0.717644,0.59147,0.541302,0.64169,0.756844,0.718491,0.453182,0.530444,-0.162886,0.815805,0.760252,0.754404,0.644108,0.726353
0.688577,0.849657,0.51801,0.576466,0.665185,0.677267,0.560854,0.480977,0.436156,0.515686,0.565128,0.693707,0.751081,0.904366,0.556886,0.765584,0.602212,0.424991,0.77665,0.742645,0.710684,0.346498,0.511647,0.766724,0.402382,0.663619,0.553046,0.530303,0.417503,0.349257,0.304713,0.288537,0.644222,0.652563,0.584903,0.611216,0.265941,0.401986,0.616778,0.697385,0.369376,0.556881,0.732605,1,0.653464,0.698676,0.742508,0.554421,0.466051,0.726898,0.594752,0.608935,0.502618,0.700617,0.732301,0.890112,0.709966,0.899276,0.721166,0.329376,0.451136,0.521626,0.634082,0.695028,0.685824,0.392305,0.594855,0.720511,0.520482,0.486337,0.494485,0.495568,0.440484,0.475472,0.335531,0.616014,0.467976,0.47079,0.299024,0.0389645,0.60923,0.685168,0.58311,0.50636,0.653939
0.88624,0.715919,0.941643,0.82694,0.784119,0.781264,0.434743,0.337554,0.756688,0.643546,0.762767,0.675121,0.813635,0.564906,0.612537,0.5899,0.810139,0.653802,0.641796,0.789652,0.759242,0.32387,0.716752,0.867921,0.316322,0.691459,0.789364,0.549701,0.55826,0.425974,0.0642467,0.550345,0.662862,0.758913,0.663053,0.521256,0.272855,0.623695,0.828071,0.746839,0.500557,0.714872,0.915367,0.653464,1,0.784998,0.712875,0.575323,0.630203,0.591413,0.563145,0.544944,0.68128,0.710412,0.73755,0.491331,0.621064,0.674078,0.8034,0.3026,0.329663,0.417618,0.634446,0.831959,0.839199,0.628601,0.806956,0.875516,0.607085,0.65269,0.758815,0.780597,0.542308,0.442119,0.55504,0.713463,0.667639,0.424786,0.523685,-0.15571,0.794439,0.719487,0.785974,0.556058,0.699857
0.719429,0.738792,0.673104,0.760129,0.734261,0.747422,0.450575,0.383352,0.52864,0.432021,0.612683,0.685534,0.777578,0.5198,0.463535,0.585744,0.641215,0.416455,0.72766,0.780485,0.667391,0.35302,0.585785,0.738298,0.344168,0.469253,0.604034,0.445651,0.546,0.336375,0.202752,0.367244,0.668369,0.703758,0.557083,0.535009,0.231286,0.345911,0.693875,0.64827,0.290077,0.652013,0.817403,0.698676,0.784998,1,0.672286,0.641915,0.623323,0.54366,0.508807,0.653298,0.727985,0.658131,0.669696,0.475322,0.601294,0.649208,0.738236,0.52154,0.373149,0.646051,0.64275,0.740261,0.712376,0.474283,0.61825,0.723378,0.758691,0.573275,0.549608,0.639038,0.440218,0.549255,0.494296,0.647074,0.580955,0.417667,0.524015,-0.0228222,0.672659,0.5222,0.665349,0.621559,0.741286
0.730569,0.768133,0.604346,0.649048,0.740939,0.716426,0.489259,0.436325,0.546354,0.576073,0.562018,0.674133,0.779169,0.771892,0.469924,0.705491,0.572525,0.483687,0.687634,0.713416,0.661213,0.246252,0.573661,0.810567,0.441626,0.637035,0.606468,0.518984,0.442479,0.405235,0.140067,0.264258,0.581628,0.72386,0.470949,0.530776,0.305204,0.473879,0.770504,0.675898,0.551874,0.55077,0.734873,0.742508,0.712875,0.672286,1,0.735167,0.472372,0.65357,0.486276,0.465193,0.539309,0.773798,0.801788,0.719431,0.646006,0.751262,0.657563,0.411027,0.58834,0.658961,0.647915,0.70013,0.685157,0.599836,0.579481,0.745974,0.456674,0.575364,0.546969,0.555238,0.475863,0.462365,0.299197,0.576845,0.608205,0.336267,0.320544,0.0887184,0.733685,0.670916,0.716969,0.443568,0.663919
0.585903,0.590587,0.516723,0.593864,0.735455,0.734537,0.364597,0.554283,0.445961,0.376115,0.498608,0.633057,0.658711,0.543087,0.501508,0.457117,0.498176,0.292825,0.560343,0.619619,0.53114,0.308884,0.450613,0.697415,0.351321,0.439892,0.541145,0.495291,0.36991,0.378462,0.146649,0.352846,0.517654,0.68969,0.292063,0.458303,0.305042,0.337634,0.643363,0.420631,0.243183,0.390239,0.604653,0.554421,0.575323,0.641915,0.735167,1,0.459988,0.512462,0.472651,0.448592,0.505808,0.68467,0.677981,0.559621,0.582067,0.533703,0.559071,0.365768,0.517577,0.682246,0.451971,0.567035,0.482469,0.274697,0.562823,0.635684,0.433209,0.512107,0.589966,0.383293,0.385293,0.315847,0.279391,0.450271,0.584382,0.342282,0.302374,0.283865,0.542532,0.519671,0.580238,0.49078,0.604415
0.624147,0.567025,0.596066,0.478566,0.605629,0.628685,0.309323,0.211137,0.637691,0.15612,0.352926,0.43307,0.603482,0.345009,0.623604,0.521206,0.581473,0.519347,0.489666,0.655582,0.59999,0.270816,0.587062,0.680392,0.408963,0.42585,0.728674,0.551515,0.672993,0.483158,0.25841,0.647637,0.509028,0.489034,0.38804,0.442001,0.314364,0.414032,0.576589,0.545424,0.405336,0.522122,0.585118,0.466051,0.630203,0.623323,0.472372,0.459988,1,0.450818,0.516367,0.138825,0.252132,0.409329,0.379103,0.278304,0.42887,0.43597,0.392273,0.262592,0.282718,0.362131,0.438012,0.603149,0.51874,0.354113,0.693978,0.742017,0.50233,0.459896,0.654684,0.69357,0.390136,0.551144,0.214249,0.768146,0.473381,0.347372,0.381849,0.0631438,0.611282,0.580741,0.656058,0.706606,0.743152
0.594903,0.584196,0.465017,0.457098,0.634759,0.657901,0.307476,0.466488,0.337331,0.415671,0.512298,0.623446,0.636461,0.731663,0.638151,0.583748,0.420377,0.504778,0.491031,0.614126,0.595692,0.179511,0.426719,0.717757,0.505287,0.588602,0.496372,0.635525,0.350781,0.469158,0.178506,0.459254,0.565364,0.554685,0.428334,0.44604,0.210156,0.3793,0.617958,0.56783,0.34792,0.473193,0.611879,0.726898,0.591413,0.54366,0.65357,0.512462,0.450818,1,0.631814,0.339391,0.340901,0.542486,0.566386,0.699776,0.672602,0.695556,0.507747,0.116859,0.260461,0.401032,0.398851,0.551034,0.575981,0.344481,0.554155,0.661668,0.389622,0.375748,0.423227,0.398693,0.519293,0.408005,0.170081,0.553003,0.512915,0.44365,0.233261,-0.087686,0.467483,0.539261,0.636525,0.488035,0.661946
0.550585,0.550026,0.516635,0.503551,0.456926,0.607151,0.310589,0.306386,0.346987,0.307751,0.402006,0.586552,0.610542,0.533721,0.559093,0.508851,0.588414,0.457804,0.424887,0.531174,0.580904,0.307575,0.381469,0.647697,0.531986,0.579405,0.606062,0.658532,0.455792,0.329185,0.224498,0.414978,0.523837,0.518293,0.408945,0.429534,0.342024,0.43383,0.47627,0.405481,0.30214,0.428937,0.537685,0.594752,0.563145,0.508807,0.486276,0.472651,0.516367,0.631814,1,0.324133,0.330489,0.513425,0.536904,0.480973,0.467549,0.557671,0.549674,0.206826,0.223384,0.356946,0.369712,0.519019,0.472533,0.203373,0.494719,0.68741,0.391524,0.406476,0.403129,0.363069,0.523136,0.433725,0.162541,0.512758,0.423942,0.478743,0.0805529,-0.00424071,0.458582,0.559848,0.531766,0.431693,0.538929
0.475573,0.549569,0.432677,0.715804,0.518051,0.490442,0.200444,0.341022,0.183807,0.47271,0.67818,0.385813,0.48172,0.448949,0.175884,0.420678,0.423348,0.161972,0.591639,0.488414,0.436901,0.262089,0.223494,0.454743,0.0661439,0.452731,0.298546,0.184732,0.139748,-0.0577028,-0.0282822,0.0593001,0.430896,0.505623,0.451706,0.475004,0.237226,0.295433,0.430679,0.499475,0.127384,0.419534,0.641002,0.608935,0.544944,0.653298,0.465193,0.448592,0.138825,0.339391,0.324133,1,0.799215,0.490294,0.555421,0.448915,0.362034,0.557008,0.705163,0.405423,0.139539,0.323121,0.447427,0.50648,0.523175,0.197582,0.348604,0.417988,0.558205,0.341764,0.242814,0.383914,0.171562,0.341622,0.582339,0.330167,0.307023,0.269644,0.271942,-0.0789879,0.342306,0.324202,0.310338,0.280715,0.282246
0.579342,0.527188,0.64302,0.815937,0.554435,0.575677,0.248649,0.345976,0.333248,0.625193,0.791661,0.472122,0.677895,0.371083,0.193604,0.379869,0.62476,0.230982,0.499792,0.512942,0.451499,0.317345,0.342518,0.511032,0.00696211,0.401861,0.400648,0.287494,0.250857,0.0940297,-0.125601,0.0976661,0.521337,0.568425,0.463294,0.412977,0.306263,0.338371,0.567559,0.506543,0.203738,0.453396,0.678893,0.502618,0.68128,0.727985,0.539309,0.505808,0.252132,0.340901,0.330489,0.799215,1,0.634305,0.708145,0.36645,0.399384,0.517356,0.818776,0.477367,0.165233,0.401923,0.531736,0.576536,0.658048,0.398996,0.458125,0.484712,0.637386,0.417051,0.365808,0.482612,0.274541,0.333301,0.562979,0.438257,0.482901,0.275284,0.47875,0.0295155,0.471008,0.410704,0.503775,0.302632,0.445293
