1,0.864106,0.95318,0.839078,0.708446,0.720516,0.375664,0.5165,0.589984,0.723274,0.748501,0.703837,0.863214,0.841881,0.515349,0.881813,0.689229,0.590812,0.621284,0.835843,0.799282,0.520929,0.840336,0.866874,0.606757,0.740536,0.727092,0.663308,0.480544,0.201593,0.175352,0.461375,0.639302,0.603624,0.413063,0.485068,0.155061,0.608923,0.802312,0.758523,0.487081,0.276631,0.889274,0.844615,0.916865,0.774363,0.804526,0.743647,0.451213,0.436566,0.70086,0.699544,0.657821,0.765895,0.805121,0.786109,0.759894,0.770203,0.75584,0.424591,0.325903,0.477909,0.655075,0.796682,0.688422,0.594885,0.818606,0.864582,0.620341,0.801208,0.845583,0.672846,0.179773,0.146481,0.490998,0.666985,0.71495,0.706064,0.452645,0.237344,0.401926,0.752382,0.760917,0.513834,0.485355
0.864106,1,0.905961,0.753581,0.805139,0.717881,0.463181,0.501309,0.504707,0.73883,0.789087,0.629732,0.821479,0.84073,0.497269,0.862566,0.756989,0.627764,0.707959,0.831115,0.811442,0.66908,0.807425,0.91872,0.649167,0.665051,0.793511,0.580227,0.348936,0.0148881,0.345845,0.285041,0.744327,0.722185,0.588519,0.566806,0.106451,0.514721,0.846338,0.782473,0.52532,0.398748,0.832154,0.860828,0.891516,0.681664,0.712035,0.753244,0.523005,0.483982,0.718718,0.674019,0.719859,0.74256,0.849418,0.873211,0.676754,0.817656,0.80502,0.438245,0.345372,0.657777,0.697928,0.856702,0.80198,0.612818,0.804851,0.920329,0.669182,0.814005,0.847914,0.599591,0.239199,0.212353,0.540983,0.664242,0.735059,0.664914,0.296887,0.0462829,0.610749,0.841609,0.755057,0.659396,0.7289
0.95318,0.905961,1,0.869433,0.75651,0.738127,0.407709,0.548663,0.602543,0.765017,0.799079,0.701935,0.89003,0.869021,0.540939,0.900589,0.781386,0.572631,0.685286,0.897551,0.876041,0.623387,0.871763,0.913954,0.649266,0.776121,0.785993,0.67612,0.372787,0.0782818,0.201547,0.479627,0.750201,0.752575,0.520293,0.501211,0.134389,0.632025,0.868728,0.845659,0.53516,0.323899,0.904526,0.877172,0.956388,0.760421,0.784927,0.753501,0.486258,0.453007,0.692122,0.702179,0.743936,0.816427,0.864605,0.849194,0.729802,0.827596,0.854508,0.437562,0.358996,0.595521,0.72934,0.850818,0.79434,0.634101,0.842616,0.917552,0.637965,0.82178,0.880366,0.740027,0.210504,0.175991,0.546308,0.733568,0.780172,0.773066,0.444281,0.169079,0.49796,0.85878,0.828036,0.582104,0.5975
0.839078,0.753581,0.869433,1,0.711492,0.697211,0.303406,0.494626,0.525083,0.771418,0.75303,0.604761,0.799893,0.804917,0.609903,0.818046,0.662193,0.473356,0.627851,0.772596,0.750408,0.506258,0.802892,0.767772,0.592023,0.736612,0.727979,0.507137,0.277426,0.120385,0.191416,0.432167,0.630943,0.61726,0.413013,0.355418,0.0749446,0.62834,0.732883,0.783059,0.52509,0.312562,0.818054,0.808121,0.876616,0.60777,0.657151,0.697093,0.422395,0.375457,0.615952,0.51556,0.665693,0.717576,0.760348,0.760679,0.752915,0.756912,0.783275,0.232767,0.349021,0.501714,0.690454,0.721023,0.74321,0.562606,0.739379,0.808465,0.514479,0.701099,0.70659,0.630341,0.203264,0.161744,0.421392,0.6892,0.65893,0.610012,0.497378,0.102728,0.370084,0.746279,0.81567,0.4287,0.470872
0.708446,0.805139,0.75651,0.711492,1,0.659049,0.328426,0.341024,0.426768,0.75644,0.753589,0.595822,0.750653,0.793469,0.343615,0.754649,0.587031,0.468478,0.673624,0.728661,0.722279,0.501678,0.682868,0.752431,0.642695,0.646493,0.728972,0.514671,0.315129,0.0758218,0.262369,0.247182,0.652164,0.594239,0.549257,0.52614,0.0521617,0.541806,0.828317,0.821448,0.377709,0.54468,0.761779,0.829359,0.781532,0.632946,0.665835,0.742085,0.413036,0.431736,0.539403,0.550309,0.725583,0.713628,0.790565,0.807402,0.633336,0.815429,0.732496,0.398573,0.39354,0.620645,0.634248,0.713084,0.736807,0.553891,0.586144,0.829536,0.588113,0.727898,0.712427,0.570239,0.281615,0.094174,0.498036,0.57007,0.581555,0.597543,0.238059,-0.00300663,0.521309,0.708896,0.678005,0.504181,0.639416
0.720516,0.717881,0.738127,0.697211,0.659049,1,0.178909,0.493221,0.584653,0.509288,0.634546,0.526518,0.792304,0.586689,0.449035,0.7597,0.550008,0.471898,0.672677,0.657085,0.628648,0.608368,0.585968,0.667557,0.551019,0.524362,0.52625,0.496059,0.436841,-0.0670477,0.108145,0.542158,0.62303,0.60663,0.464577,0.358755,0.213157,0.435572,0.705678,0.684444,0.439141,0.404311,0.695166,0.719883,0.758192,0.549592,0.543829,0.558525,0.497345,0.269578,0.470306,0.390965,0.607785,0.58262,0.712992,0.616642,0.569948,0.644045,0.629915,0.360626,0.281702,0.533111,0.548687,0.67986,0.615661,0.388991,0.602214,0.716315,0.466879,0.558946,0.630552,0.43956,0.392669,0.0804101,0.421171,0.517298,0.408871,0.562639,0.315785,0.0397736,0.510035,0.70768,0.72171,0.466138,0.51066
0.375664,0.463181,0.407709,0.303406,0.328426,0.178909,1,0.19977,0.275651,0.430053,0.258771,0.455022,0.333292,0.353798,0.222694,0.377248,0.259332,0.312796,0.458586,0.329379,0.334979,0.455184,0.312984,0.376005,0.169162,0.3652,0.444268,0.337831,0.13343,0.252868,0.219061,0.0588114,0.439098,0.420032,0.222127,0.286888,-0.0721116,0.121965,0.378527,0.239855,0.182403,0.371445,0.334784,0.452249,0.33506,0.235302,0.402888,0.417145,0.33659,0.282071,0.507483,0.293732,0.420162,0.440719,0.506806,0.237782,0.301778,0.442861,0.398157,0.101295,0.375353,0.481185,0.470972,0.28893,0.419209,0.575499,0.528301,0.517208,0.525925,0.318162,0.486831,0.459798,0.346665,0.190243,0.560864,0.203896,0.356964,0.217124,0.123913,-0.0218506,0.253958,0.342276,0.261428,0.587556,0.488053
0.5165,0.501309,0.548663,0.494626,0.341024,0.493221,0.19977,1,0.456854,0.592177,0.547148,0.40542,0.47469,0.390331,0.320621,0.54017,0.560205,0.340935,0.418306,0.48646,0.518388,0.50935,0.487818,0.57694,0.571105,0.4274,0.422553,0.47922,0.362246,-0.183818,-0.102841,0.237425,0.544946,0.346774,0.330436,0.451739,0.22631,0.158459,0.532755,0.548967,0.404732,0.305576,0.417522,0.450864,0.552785,0.484414,0.393023,0.393114,0.387113,0.310504,0.280656,0.421166,0.441533,0.426164,0.47295,0.479492,0.531616,0.474775,0.481699,0.395119,0.152915,0.344077,0.453903,0.487845,0.480176,0.374773,0.505691,0.467866,0.31581,0.565335,0.462206,0.45074,0.406311,0.236111,0.309217,0.596291,0.378223,0.357618,0.316773,0.0162466,0.409987,0.521506,0.52879,0.458834,0.327324
0.589984,0.504707,0.602543,0.525083,0.426768,0.584653,0.275651,0.456854,1,0.324404,0.366432,0.38218,0.556484,0.391047,0.310099,0.563782,0.435843,0.460219,0.477644,0.489853,0.469534,0.401182,0.406026,0.550611,0.411369,0.219276,0.324455,0.499955,0.344681,0.168123,0.0337898,0.537318,0.448133,0.43481,0.248504,0.407669,-0.0288537,0.391945,0.493633,0.514417,0.386274,0.293436,0.532401,0.545277,0.568394,0.427455,0.378898,0.402365,0.469691,0.382663,0.396102,0.263688,0.353641,0.378408,0.530689,0.398648,0.344664,0.40863,0.480693,0.40807,0.0378307,0.516607,0.468151,0.50916,0.473986,0.269388,0.495158,0.548313,0.517978,0.477343,0.511605,0.423102,0.217329,-0.0952865,0.266646,0.409076,0.345915,0.322961,0.193675,-0.138412,0.155115,0.554392,0.546206,0.302871,0.264932
0.723274,0.73883,0.765017,0.771418,0.75644,0.509288,0.430053,0.592177,0.324404,1,0.859424,0.685369,0.731496,0.79855,0.504613,0.739057,0.736052,0.453769,0.631471,0.746818,0.785029,0.557224,0.79844,0.794109,0.636156,0.800171,0.8481,0.566495,0.430971,0.0581771,0.18266,0.146972,0.714959,0.62145,0.488398,0.587346,0.166388,0.595957,0.778815,0.809935,0.441775,0.428379,0.699123,0.756468,0.76943,0.612236,0.735639,0.833693,0.331808,0.508291,0.506848,0.652441,0.745014,0.772896,0.780792,0.777924,0.834493,0.859136,0.772137,0.339063,0.484295,0.530512,0.724635,0.663164,0.806708,0.635034,0.697356,0.802072,0.519058,0.75462,0.723187,0.642637,0.357126,0.332377,0.52013,0.723503,0.73195,0.559929,0.534748,0.113749,0.548128,0.692375,0.675848,0.579967,0.590184
0.748501,0.789087,0.799079,0.75303,0.753589,0.634546,0.258771,0.547148,0.366432,0.859424,1,0.621654,0.757584,0.812035,0.466313,0.780128,0.779682,0.360863,0.606436,0.783858,0.855016,0.657169,0.791273,0.835925,0.560723,0.746197,0.81901,0.541785,0.402795,-0.120572,0.281384,0.316111,0.703779,0.702711,0.563018,0.505564,0.244232,0.523881,0.799896,0.857455,0.456851,0.382557,0.715461,0.753027,0.788095,0.653619,0.646371,0.803096,0.451288,0.579251,0.557346,0.729861,0.732622,0.797208,0.770944,0.834043,0.772012,0.848578,0.814378,0.287069,0.544119,0.591624,0.70505,0.771475,0.840832,0.669677,0.67497,0.792996,0.502525,0.721927,0.708408,0.570153,0.328356,0.36447,0.526663,0.714707,0.721844,0.619813,0.496829,0.109127,0.610605,0.758034,0.690514,0.50915,0.610272
0.703837,0.629732,0.701935,0.604761,0.595822,0.526518,0.455022,0.40542,0.38218,0.685369,0.621654,1,0.801569,0.583474,0.239893,0.708021,0.603723,0.414586,0.606238,0.647312,0.659881,0.536588,0.608289,0.559439,0.461778,0.549617,0.564488,0.508748,0.408796,0.311896,0.0448134,0.401248,0.563913,0.560323,0.518609,0.395072,-0.0951631,0.527766,0.694489,0.545883,0.445603,0.205884,0.571523,0.610633,0.612267,0.458394,0.592333,0.56372,0.322746,0.42697,0.334178,0.59302,0.622838,0.787294,0.752928,0.479219,0.529181,0.636463,0.654808,0.212408,0.364493,0.292812,0.673747,0.67861,0.668648,0.548396,0.610802,0.653188,0.531748,0.625869,0.581625,0.517136,0.287423,0.337878,0.589236,0.574649,0.668848,0.571688,0.363889,0.0874641,0.328221,0.552791,0.588382,0.568987,0.513682
0.863214,0.821479,0.89003,0.799893,0.750653,0.792304,0.333292,0.47469,0.556484,0.731496,0.757584,0.801569,1,0.762664,0.459479,0.883058,0.697824,0.522043,0.671429,0.842545,0.797655,0.633974,0.755949,0.804894,0.625462,0.713847,0.725947,0.653769,0.479403,0.132835,0.178078,0.56634,0.698687,0.686913,0.55083,0.522362,0.0720161,0.642608,0.79866,0.80186,0.535408,0.309912,0.780389,0.819039,0.857344,0.665354,0.685158,0.723788,0.373544,0.353921,0.581315,0.610412,0.723046,0.817147,0.913357,0.709318,0.683215,0.789376,0.815461,0.40273,0.317269,0.560026,0.739687,0.803571,0.783211,0.626926,0.795138,0.865761,0.642667,0.764451,0.783565,0.696473,0.246441,0.196737,0.521354,0.675242,0.707417,0.682361,0.50895,0.209614,0.561182,0.829687,0.790043,0.558485,0.626683
0.841881,0.84073,0.869021,0.804917,0.793469,0.586689,0.353798,0.390331,0.391047,0.79855,0.812035,0.583474,0.762664,1,0.572894,0.766243,0.667871,0.553429,0.609823,0.840128,0.801051,0.514466,0.822846,0.859949,0.602039,0.774781,0.840903,0.59883,0.279276,0.192087,0.317642,0.288318,0.604827,0.618386,0.458886,0.420319,0.12205,0.573762,0.787055,0.835834,0.392778,0.385957,0.895594,0.877528,0.875858,0.700175,0.754921,0.828649,0.447821,0.526251,0.647686,0.637148,0.713727,0.754142,0.792236,0.888055,0.717701,0.824128,0.79789,0.320006,0.402023,0.549304,0.623605,0.73613,0.768469,0.606518,0.750838,0.884034,0.628065,0.688586,0.834352,0.652344,0.145789,0.133917,0.43533,0.63499,0.660002,0.6384,0.344202,0.184062,0.454115,0.724374,0.693132,0.500684,0.576621
0.515349,0.497269,0.540939,0.609903,0.343615,0.449035,0.222694,0.320621,0.310099,0.504613,0.466313,0.239893,0.459479,0.572894,1,0.516123,0.544088,0.628371,0.344489,0.550752,0.444344,0.395002,0.634642,0.571106,0.302841,0.585334,0.638201,0.398842,0.198403,-0.0337794,0.452288,0.270246,0.528218,0.507898,0.456612,0.34325,0.0752002,0.428401,0.372952,0.568982,0.352371,0.241581,0.591717,0.547841,0.596234,0.282816,0.507722,0.571613,0.488878,0.233982,0.474793,0.26058,0.604819,0.406292,0.511656,0.559498,0.639769,0.52364,0.529715,-0.0166106,0.314539,0.368682,0.439652,0.46924,0.550174,0.305446,0.627622,0.588234,0.32643,0.372284,0.476313,0.337526,0.204226,0.18243,0.151856,0.435258,0.45069,0.400901,0.360059,0.154088,0.346723,0.517151,0.471381,0.281018,0.38445
0.881813,0.862566,0.900589,0.818046,0.754649,0.7597,0.377248,0.54017,0.563782,0.739057,0.780128,0.708021,0.883058,0.766243,0.516123,1,0.682457,0.54586,0.600789,0.781792,0.77436,0.634703,0.861956,0.842502,0.648749,0.712291,0.759245,0.565331,0.509644,0.0666208,0.18246,0.494099,0.693269,0.704715,0.56845,0.577447,-0.0102158,0.701332,0.830202,0.78891,0.655702,0.370113,0.83828,0.855697,0.907531,0.71711,0.728643,0.769359,0.420271,0.399784,0.706478,0.620323,0.753148,0.715136,0.849309,0.773553,0.723796,0.872943,0.822018,0.330571,0.304464,0.659972,0.753575,0.852807,0.80181,0.587929,0.828485,0.860985,0.537312,0.807912,0.806449,0.609881,0.353649,0.240296,0.486687,0.695763,0.743602,0.662877,0.46939,0.0426483,0.526239,0.810252,0.773475,0.583846,0.59062
0.689229,0.756989,0.781386,0.662193,0.587031,0.550008,0.259332,0.560205,0.435843,0.736052,0.779682,0.603723,0.697824,0.667871,0.544088,0.682457,1,0.394058,0.5968,0.795641,0.797039,0.659505,0.754992,0.807794,0.524557,0.65322,0.733724,0.563207,0.350853,-0.113305,0.329588,0.315447,0.733714,0.750894,0.715788,0.503676,0.25521,0.479965,0.710879,0.775818,0.535545,0.21419,0.622909,0.592625,0.73638,0.534679,0.510104,0.604619,0.464647,0.471211,0.400308,0.714588,0.710026,0.726315,0.721609,0.767668,0.654608,0.728083,0.785669,0.337534,0.345241,0.457248,0.728239,0.77038,0.830909,0.559225,0.716176,0.715573,0.445312,0.752602,0.62943,0.631166,0.227489,0.279636,0.424779,0.724516,0.761626,0.560467,0.427949,0.0623397,0.540895,0.79139,0.756478,0.554728,0.624373
0.590812,0.627764,0.572631,0.473356,0.468478,0.471898,0.312796,0.340935,0.460219,0.453769,0.360863,0.414586,0.522043,0.553429,0.628371,0.54586,0.394058,1,0.372816,0.461457,0.395253,0.433785,0.569734,0.572887,0.436302,0.407005,0.487423,0.329032,0.228395,0.117425,0.283084,0.198479,0.560988,0.390965,0.25553,0.456238,-0.154768,0.336746,0.417824,0.451452,0.375178,0.308093,0.642934,0.565686,0.605568,0.296007,0.58267,0.577394,0.399661,0.202643,0.466322,0.219822,0.509387,0.351228,0.55,0.522335,0.531007,0.420016,0.399683,0.285413,0.14889,0.423133,0.356066,0.485957,0.423793,0.206958,0.554386,0.607598,0.465279,0.437883,0.553139,0.217105,0.240577,0.19886,0.205504,0.444503,0.407418,0.386251,0.0975219,0.00115442,0.346299,0.461453,0.351376,0.369011,0.39902
0.621284,0.707959,0.685286,0.627851,0.673624,0.672677,0.458586,0.418306,0.477644,0.631471,0.606436,0.606238,0.671429,0.609823,0.344489,0.600789,0.5968,0.372816,1,0.692397,0.729354,0.571019,0.505665,0.659029,0.526555,0.534089,0.568367,0.619769,0.175094,0.0807538,0.120358,0.32054,0.690589,0.646823,0.548301,0.458741,0.296148,0.262914,0.780704,0.685911,0.376207,0.523729,0.641392,0.676557,0.646715,0.491867,0.571559,0.558771,0.656863,0.451035,0.400264,0.559568,0.558566,0.724648,0.735432,0.575769,0.533733,0.701447,0.702138,0.420817,0.444422,0.484614,0.784861,0.678236,0.713258,0.455632,0.560597,0.736353,0.588641,0.590287,0.587764,0.62901,0.171798,0.0683148,0.627166,0.472234,0.611414,0.540933,0.280279,0.0914924,0.483924,0.669511,0.657507,0.617495,0.682698
0.835843,0.831115,0.897551,0.772596,0.728661,0.657085,0.329379,0.48646,0.489853,0.746818,0.783858,0.647312,0.842545,0.840128,0.550752,0.781792,0.795641,0.461457,0.692397,1,0.91592,0.562727,0.781006,0.845874,0.647654,0.760752,0.788789,0.71377,0.271469,0.00148097,0.286891,0.385667,0.774947,0.757471,0.63015,0.525033,0.300711,0.589792,0.862843,0.866366,0.479318,0.310096,0.823196,0.82455,0.866595,0.730496,0.694228,0.720371,0.504992,0.490499,0.606487,0.679081,0.758209,0.845493,0.860312,0.817532,0.641927,0.82591,0.870776,0.300582,0.39437,0.5076,0.759714,0.852328,0.831868,0.553466,0.809406,0.864781,0.666276,0.757322,0.777922,0.766235,0.0791952,0.0894225,0.588938,0.72201,0.817362,0.743285,0.352806,0.276721,0.623541,0.833664,0.79497,0.628009,0.651177
0.799282,0.811442,0.876041,0.750408,0.722279,0.628648,0.334979,0.518388,0.469534,0.785029,0.855016,0.659881,0.797655,0.801051,0.444344,0.77436,0.797039,0.395253,0.729354,0.91592,1,0.642163,0.799596,0.843162,0.636699,0.760931,0.777741,0.703577,0.283183,-0.0875808,0.199733,0.412924,0.803834,0.825997,0.61273,0.448508,0.276842,0.575344,0.91128,0.863457,0.405006,0.377259,0.798433,0.772911,0.864781,0.755215,0.74336,0.747272,0.471277,0.539124,0.624495,0.766297,0.750897,0.876405,0.836671,0.827685,0.691906,0.84872,0.885283,0.367627,0.45799,0.555645,0.816291,0.868389,0.857533,0.594959,0.731406,0.836338,0.59899,0.787702,0.762372,0.701438,0.142084,0.190463,0.685406,0.768491,0.856872,0.776025,0.394747,0.224137,0.630833,0.808262,0.799408,0.649312,0.652685
0.520929,0.66908,0.623387,0.506258,0.501678,0.608368,0.455184,0.50935,0.401182,0.557224,0.657169,0.536588,0.633974,0.514466,0.395002,0.634703,0.659505,0.433785,0.571019,0.562727,0.642163,1,0.58597,0.676793,0.451606,0.578012,0.623707,0.423753,0.300224,-0.209932,0.192891,0.455059,0.691018,0.729542,0.537661,0.370062,0.0385756,0.320945,0.592135,0.618869,0.45726,0.528855,0.501543,0.571716,0.595636,0.411318,0.447774,0.505851,0.422725,0.268897,0.4898,0.516865,0.602756,0.591778,0.691901,0.56792,0.546101,0.636891,0.713903,0.309765,0.383968,0.607793,0.639033,0.66517,0.767023,0.559907,0.661631,0.650221,0.438963,0.543256,0.628291,0.449738,0.488683,0.411633,0.482556,0.553661,0.512018,0.42329,0.398303,0.00680028,0.593218,0.724546,0.561811,0.560063,0.667761
0.840336,0.807425,0.871763,0.802892,0.682868,0.585968,0.312984,0.487818,0.406026,0.79844,0.791273,0.608289,0.755949,0.822846,0.634642,0.861956,0.754992,0.569734,0.505665,0.781006,0.799596,0.58597,1,0.865579,0.612674,0.802041,0.876066,0.483985,0.451532,0.0375351,0.240025,0.34978,0.691324,0.723137,0.490137,0.458419,0.103088,0.719325,0.753785,0.771294,0.56539,0.255939,0.872897,0.826606,0.904424,0.702707,0.796491,0.796414,0.373599,0.376776,0.676415,0.630478,0.797605,0.717854,0.776291,0.858253,0.820526,0.832333,0.817145,0.325642,0.363917,0.560844,0.70134,0.798894,0.780417,0.583543,0.825532,0.852161,0.510612,0.788672,0.829201,0.595235,0.285854,0.287891,0.372922,0.764246,0.763889,0.712339,0.466962,0.0966813,0.461591,0.769958,0.757349,0.555774,0.532199
0.866874,0.91872,0.913954,0.767772,0.752431,0.667557,0.376005,0.57694,0.550611,0.794109,0.835925,0.559439,0.804894,0.859949,0.571106,0.842502,0.807794,0.572887,0.659029,0.845874,0.843162,0.676793,0.865579,1,0.711765,0.764699,0.863265,0.640726,0.415825,-0.0322017,0.300004,0.380134,0.728203,0.740219,0.543311,0.616261,0.221804,0.586869,0.813539,0.861723,0.489005,0.402979,0.852568,0.865388,0.909313,0.7787,0.75567,0.825666,0.478941,0.522956,0.720428,0.733644,0.730498,0.777225,0.839437,0.898883,0.763282,0.847585,0.855441,0.521053,0.374444,0.682448,0.704726,0.829117,0.829159,0.615873,0.83463,0.930277,0.650522,0.825146,0.910439,0.70655,0.259711,0.173441,0.466153,0.741369,0.739945,0.706653,0.476904,0.186362,0.565478,0.871343,0.781264,0.536016,0.637615
0.606757,0.649167,0.649266,0.592023,0.642695,0.551019,0.169162,0.571105,0.411369,0.636156,0.560723,0.461778,0.625462,0.602039,0.302841,0.648749,0.524557,0.436302,0.526555,0.647654,0.636699,0.451606,0.612674,0.711765,1,0.592226,0.539129,0.48546,0.228345,0.0249556,-0.135476,0.317111,0.557941,0.499664,0.428197,0.546997,0.152952,0.519906,0.720571,0.653343,0.470219,0.412591,0.678096,0.675837,0.715262,0.704284,0.508159,0.671004,0.224295,0.430865,0.392654,0.429956,0.572151,0.543412,0.643823,0.634707,0.466184,0.639729,0.700603,0.382146,0.161226,0.45722,0.512264,0.644265,0.615686,0.301404,0.609561,0.666611,0.365419,0.67954,0.661782,0.473993,0.259812,0.00191114,0.398912,0.762591,0.520084,0.567944,0.337602,0.0785226,0.54939,0.577425,0.73401,0.367191,0.410566
0.740536,0.665051,0.776121,0.736612,0.646493,0.524362,0.3652,0.4274,0.219276,0.800171,0.746197,0.549617,0.713847,0.774781,0.585334,0.712291,0.65322,0.407005,0.534089,0.760752,0.760931,0.578012,0.802041,0.764699,0.592226,1,0.818492,0.580962,0.360398,0.00617704,0.129089,0.304596,0.676608,0.651671,0.418415,0.454117,0.259038,0.611646,0.718896,0.770884,0.400993,0.390162,0.75253,0.738412,0.785743,0.736446,0.758903,0.73932,0.266217,0.305716,0.636315,0.603436,0.684363,0.77366,0.721968,0.704486,0.796757,0.804589,0.798976,0.322615,0.419518,0.468599,0.653102,0.640867,0.698967,0.62329,0.71344,0.766529,0.436054,0.681896,0.734003,0.69378,0.225959,0.203157,0.493904,0.678906,0.700078,0.654898,0.633375,0.375234,0.541582,0.651614,0.677068,0.467278,0.483677
0.727092,0.793511,0.785993,0.727979,0.728972,0.52625,0.444268,0.422553,0.324455,0.8481,0.81901,0.564488,0.725947,0.840903,0.638201,0.759245,0.733724,0.487423,0.568367,0.788789,0.777741,0.623707,0.876066,0.863265,0.539129,0.818492,1,0.565598,0.464921,0.0229943,0.420627,0.20935,0.713859,0.72314,0.513171,0.535847,0.164323,0.609914,0.731607,0.791231,0.383591,0.381283,0.757028,0.834398,0.80906,0.662507,0.775993,0.83182,0.421302,0.457138,0.683597,0.660348,0.82986,0.772577,0.793501,0.843892,0.817783,0.86244,0.815944,0.32917,0.438234,0.624388,0.703661,0.74133,0.829974,0.667527,0.786469,0.888373,0.607183,0.720284,0.8338,0.646733,0.352628,0.275767,0.44733,0.680209,0.735597,0.618386,0.482153,0.150617,0.575775,0.783744,0.659646,0.616212,0.663924
0.663308,0.580227,0.67612,0.507137,0.514671,0.496059,0.337831,0.47922,0.499955,0.566495,0.541785,0.508748,0.653769,0.59883,0.398842,0.565331,0.563207,0.329032,0.619769,0.71377,0.703577,0.423753,0.483985,0.640726,0.48546,0.580962,0.565598,1,0.349168,0.165002,0.161862,0.468678,0.529992,0.457676,0.479389,0.456487,0.238815,0.347209,0.710401,0.705473,0.162252,0.279106,0.563296,0.606783,0.640413,0.638709,0.644047,0.561376,0.447437,0.397323,0.4436,0.63981,0.524139,0.624542,0.642833,0.560509,0.564379,0.615235,0.600436,0.446032,0.139961,0.310996,0.548285,0.642601,0.580059,0.415618,0.593058,0.647941,0.520696,0.640952,0.639357,0.686619,0.114922,-0.0657006,0.522495,0.482663,0.589328,0.568656,0.34078,0.385397,0.505171,0.647467,0.60088,0.513984,0.496255
0.480544,0.348936,0.372787,0.277426,0.315129,0.436841,0.13343,0.362246,0.344681,0.430971,0.402795,0.408796,0.479403,0.279276,0.198403,0.509644,0.350853,0.228395,0.175094,0.271469,0.283183,0.300224,0.451532,0.415825,0.228345,0.360398,0.464921,0.349168,1,0.136361,0.0798595,0.258438,0.274692,0.251163,0.185626,0.430944,0.074351,0.408566,0.325844,0.339786,0.225082,0.189309,0.313204,0.400973,0.397063,0.456089,0.43571,0.447871,0.0883898,0.23121,0.292061,0.379522,0.368568,0.313417,0.38515,0.287354,0.584345,0.449491,0.320026,0.346927,0.0612594,0.311646,0.324927,0.338851,0.328711,0.349133,0.429156,0.397313,0.259459,0.459475,0.448432,0.225776,0.439436,0.229495,0.119114,0.387988,0.276758,0.183454,0.450677,0.0285955,0.259894,0.353001,0.345364,0.280569,0.137974
0.201593,0.0148881,0.0782818,0.120385,0.0758218,-0.0670477,0.252868,-0.183818,0.168123,0.0581771,-0.120572,0.311896,0.132835,0.192087,-0.0337794,0.0666208,-0.113305,0.117425,0.0807538,0.00148097,-0.0875808,-0.209932,0.0375351,-0.0322017,0.0249556,0.00617704,0.0229943,0.165002,0.136361,1,-0.00691163,0.0523192,-0.257945,-0.222664,-0.136487,-0.113078,-0.192391,0.139829,0.0168504,-0.075881,-0.00963484,-0.109651,0.148281,0.195973,0.0565834,0.113087,0.123639,0.119967,-0.0770534,0.185696,0.0483032,0.0285192,-0.00414218,0.0992653,0.109174,-0.0571512,-0.0232468,0.00119572,-0.038925,0.0681568,-0.172548,-0.126436,-0.00438335,0.00354175,-0.0310719,0.132042,0.0669056,0.120986,0.268061,0.104786,0.124018,0.147013,-0.0600955,-0.199954,0.00228872,-0.0845769,-0.0301472,-0.102682,-0.0313276,0.0901002,-0.298747,-0.106911,0.0435583,0.0601935,-0.0713375
0.175352,0.345845,0.201547,0.191416,0.262369,0.108145,0.219061,-0.102841,0.0337898,0.18266,0.281384,0.0448134,0.178078,0.317642,0.452288,0.18246,0.329588,0.283084,0.120358,0.286891,0.199733,0.192891,0.240025,0.300004,-0.135476,0.129089,0.420627,0.161862,0.0798595,-0.00691163,1,-0.0178296,0.255794,0.294835,0.415707,0.184077,0.0428589,0.0634544,0.0929785,0.256782,0.0299279,0.0905041,0.174259,0.239643,0.234617,0.0623243,0.143432,0.334978,0.323246,0.239446,0.353809,0.256626,0.386137,0.27424,0.325342,0.386133,0.286422,0.2655,0.242635,-0.0996747,0.21567,0.300134,0.261429,0.313797,0.356801,0.288073,0.329333,0.343783,0.327708,0.19959,0.204125,0.179199,0.0594231,0.0163259,0.137121,0.0699668,0.262333,0.0916959,-0.0944993,0.0600203,0.318592,0.373502,0.145279,0.188847,0.390559
0.461375,0.285041,0.479627,0.432167,0.247182,0.542158,0.0588114,0.237425,0.537318,0.146972,0.316111,0.401248,0.56634,0.288318,0.270246,0.494099,0.315447,0.198479,0.32054,0.385667,0.412924,0.455059,0.34978,0.380134,0.317111,0.304596,0.20935,0.468678,0.258438,0.0523192,-0.0178296,1,0.236367,0.389293,0.331447,0.0550583,-0.0683457,0.342598,0.357521,0.44537,0.317101,0.0821907,0.456313,0.398483,0.444889,0.341412,0.251866,0.302392,0.231844,0.129248,0.265984,0.215361,0.315496,0.362198,0.467714,0.212116,0.267409,0.345888,0.482701,0.186768,0.0788497,0.339849,0.380872,0.491371,0.394775,0.236667,0.478585,0.387166,0.294821,0.335462,0.384156,0.411292,0.109447,-0.0729473,0.13591,0.423383,0.227171,0.4203,0.318748,0.216517,0.171964,0.485367,0.573173,0.0566083,0.149998
0.639302,0.744327,0.750201,0.630943,0.652164,0.62303,0.439098,0.544946,0.448133,0.714959,0.703779,0.563913,0.698687,0.604827,0.528218,0.693269,0.733714,0.560988,0.690589,0.774947,0.803834,0.691018,0.691324,0.728203,0.557941,0.676608,0.713859,0.529992,0.274692,-0.257945,0.255794,0.236367,1,0.841786,0.582413,0.589818,0.246496,0.426846,0.786152,0.726065,0.445889,0.551514,0.668444,0.661983,0.752529,0.512168,0.65657,0.636609,0.510248,0.372963,0.52537,0.587287,0.802147,0.715143,0.766751,0.702029,0.645549,0.735558,0.746014,0.314966,0.565977,0.590929,0.757826,0.718593,0.777355,0.555882,0.684013,0.762897,0.484393,0.679494,0.666467,0.576975,0.398641,0.408993,0.657845,0.700328,0.750571,0.658272,0.35441,-0.0519879,0.742633,0.762438,0.62728,0.686652,0.723139
0.603624,0.722185,0.752575,0.61726,0.594239,0.60663,0.420032,0.346774,0.43481,0.62145,0.702711,0.560323,0.686913,0.618386,0.507898,0.704715,0.750894,0.390965,0.646823,0.757471,0.825997,0.729542,0.723137,0.740219,0.499664,0.651671,0.72314,0.457676,0.251163,-0.222664,0.294835,0.389293,0.841786,1,0.675645,0.443043,0.137464,0.583295,0.755996,0.713402,0.442283,0.474416,0.670079,0.686572,0.744534,0.55183,0.582089,0.648181,0.453238,0.427307,0.56669,0.604443,0.772515,0.753027,0.784708,0.709044,0.550066,0.769903,0.849122,0.235745,0.516498,0.664717,0.776635,0.762145,0.866472,0.543097,0.707197,0.770095,0.469649,0.636643,0.701244,0.546407,0.330704,0.332788,0.672757,0.689824,0.760985,0.704916,0.375435,-0.011639,0.623844,0.789212,0.690364,0.599967,0.703633
0.413063,0.588519,0.520293,0.413013,0.549257,0.464577,0.222127,0.330436,0.248504,0.488398,0.563018,0.518609,0.55083,0.458886,0.456612,0.56845,0.715788,0.25553,0.548301,0.63015,0.61273,0.537661,0.490137,0.543311,0.428197,0.418415,0.513171,0.479389,0.185626,-0.136487,0.415707,0.331447,0.582413,0.675645,1,0.439643,-0.0254498,0.363312,0.638976,0.6582,0.464805,0.355305,0.45051,0.494093,0.537933,0.381353,0.29867,0.468996,0.538511,0.46099,0.2442,0.52558,0.639586,0.592796,0.634854,0.569817,0.401098,0.648288,0.708976,0.085177,0.281473,0.396895,0.685761,0.69115,0.7577,0.422114,0.555011,0.559776,0.33544,0.532847,0.372088,0.40641,0.117277,0.219556,0.521426,0.52777,0.596359,0.439501,0.166106,-0.00235545,0.543475,0.61406,0.604897,0.503296,0.613693
0.485068,0.566806,0.501211,0.355418,0.52614,0.358755,0.286888,0.451739,0.407669,0.587346,0.505564,0.395072,0.522362,0.420319,0.34325,0.577447,0.503676,0.456238,0.458741,0.525033,0.448508,0.370062,0.458419,0.616261,0.546997,0.454117,0.535847,0.456487,0.430944,-0.113078,0.184077,0.0550583,0.589818,0.443043,0.439643,1,0.134042,0.369829,0.511778,0.563699,0.532358,0.445396,0.422247,0.485853,0.481347,0.46029,0.43714,0.588126,0.399281,0.301844,0.360014,0.465066,0.46189,0.424975,0.532444,0.486395,0.541428,0.595984,0.537706,0.358158,0.242739,0.499686,0.552291,0.497657,0.557293,0.328538,0.523395,0.544879,0.310928,0.590277,0.514526,0.417937,0.284851,0.211036,0.361125,0.457223,0.605808,0.331358,0.45058,0.0201222,0.515895,0.530986,0.379942,0.344742,0.499104
0.155061,0.106451,0.134389,0.0749446,0.0521617,0.213157,-0.0721116,0.22631,-0.0288537,0.166388,0.244232,-0.0951631,0.0720161,0.12205,0.0752002,-0.0102158,0.25521,-0.154768,0.296148,0.300711,0.276842,0.0385756,0.103088,0.221804,0.152952,0.259038,0.164323,0.238815,0.074351,-0.192391,0.0428589,-0.0683457,0.246496,0.137464,-0.0254498,0.134042,1,-0.13658,0.186335,0.198512,-0.0283753,0.0048106,0.123244,0.092867,0.127242,0.317701,0.160852,0.11521,0.118197,0.0599802,0.0826772,0.285833,0.141718,0.236476,0.0871478,0.196812,0.188842,0.14346,0.083272,0.249773,0.283893,0.0191669,0.125051,0.156022,0.0940609,0.0921157,0.0779466,0.132769,0.090796,0.224867,0.150123,0.356396,-0.0230286,-0.141025,0.151839,0.106163,0.150173,0.192728,0.173179,0.397708,0.356213,0.196456,0.187453,0.197873,0.157238
0.608923,0.514721,0.632025,0.62834,0.541806,0.435572,0.121965,0.158459,0.391945,0.595957,0.523881,0.527766,0.642608,0.573762,0.428401,0.701332,0.479965,0.336746,0.262914,0.589792,0.575344,0.320945,0.719325,0.586869,0.519906,0.611646,0.609914,0.347209,0.408566,0.139829,0.0634544,0.342598,0.426846,0.583295,0.363312,0.369829,-0.13658,1,0.589024,0.566572,0.397689,0.158094,0.61692,0.64424,0.666092,0.536919,0.605588,0.645282,-0.0019915,0.330226,0.484031,0.358726,0.536891,0.542518,0.620896,0.552737,0.526498,0.658494,0.648533,0.147157,0.118885,0.395731,0.490776,0.571536,0.61618,0.25402,0.58024,0.618623,0.358553,0.556042,0.62243,0.380681,0.131954,0.0685989,0.27682,0.581891,0.623814,0.573921,0.443434,0.0706818,0.273344,0.539937,0.592831,0.263125,0.245388
0.802312,0.846338,0.868728,0.732883,0.828317,0.705678,0.378527,0.532755,0.493633,0.778815,0.799896,0.694489,0.79866,0.787055,0.372952,0.830202,0.710879,0.417824,0.780704,0.862843,0.91128,0.592135,0.753785,0.813539,0.720571,0.718896,0.731607,0.710401,0.325844,0.0168504,0.0929785,0.357521,0.786152,0.755996,0.638976,0.511778,0.186335,0.589024,1,0.84186,0.434137,0.476723,0.820226,0.847657,0.867282,0.75494,0.752162,0.744791,0.50066,0.56885,0.553137,0.706549,0.770297,0.821464,0.817605,0.804544,0.633694,0.858885,0.836811,0.431416,0.394551,0.575452,0.758335,0.867292,0.819675,0.563736,0.675521,0.856951,0.573974,0.80638,0.774623,0.646348,0.220249,0.190702,0.692795,0.735659,0.775728,0.759362,0.338516,0.0624702,0.643534,0.781017,0.798097,0.697167,0.650179
0.758523,0.782473,0.845659,0.783059,0.821448,0.684444,0.239855,0.548967,0.514417,0.809935,0.857455,0.545883,0.80186,0.835834,0.568982,0.78891,0.775818,0.451452,0.685911,0.866366,0.863457,0.618869,0.771294,0.861723,0.653343,0.770884,0.791231,0.705473,0.339786,-0.075881,0.256782,0.44537,0.726065,0.713402,0.6582,0.563699,0.198512,0.566572,0.84186,1,0.474842,0.454436,0.804373,0.829594,0.858751,0.71237,0.675163,0.780677,0.501566,0.467283,0.552289,0.628808,0.731668,0.775608,0.833237,0.851688,0.743827,0.87986,0.869474,0.402305,0.358008,0.659882,0.746516,0.784785,0.855146,0.559976,0.72409,0.848932,0.601195,0.742019,0.749378,0.729298,0.189689,0.134055,0.489886,0.710096,0.706355,0.648343,0.440187,0.200033,0.590113,0.845999,0.77777,0.511516,0.622695
0.487081,0.52532,0.53516,0.52509,0.377709,0.439141,0.182403,0.404732,0.386274,0.441775,0.456851,0.445603,0.535408,0.392778,0.352371,0.655702,0.535545,0.375178,0.376207,0.479318,0.405006,0.45726,0.56539,0.489005,0.470219,0.400993,0.383591,0.162252,0.225082,-0.00963484,0.0299279,0.317101,0.445889,0.442283,0.464805,0.532358,-0.0283753,0.397689,0.434137,0.474842,1,0.125974,0.507394,0.453981,0.516306,0.322959,0.232742,0.386059,0.339229,0.150278,0.299639,0.273022,0.383396,0.303158,0.472582,0.408952,0.424443,0.544818,0.589237,0.124427,0.0976561,0.434314,0.615032,0.603558,0.578932,0.308961,0.591086,0.44762,0.167163,0.522071,0.352745,0.374081,0.151917,0.244702,0.18063,0.520433,0.548291,0.213324,0.364567,-0.145545,0.353112,0.539369,0.573232,0.382727,0.436809
0.276631,0.398748,0.323899,0.312562,0.54468,0.404311,0.371445,0.305576,0.293436,0.428379,0.382557,0.205884,0.309912,0.385957,0.241581,0.370113,0.21419,0.308093,0.523729,0.310096,0.377259,0.528855,0.255939,0.402979,0.412591,0.390162,0.381283,0.279106,0.189309,-0.109651,0.0905041,0.0821907,0.551514,0.474416,0.355305,0.445396,0.0048106,0.158094,0.476723,0.454436,0.125974,1,0.384705,0.460794,0.387462,0.341503,0.366036,0.430407,0.389896,0.305716,0.328818,0.339823,0.431234,0.34441,0.433406,0.418857,0.392963,0.516557,0.458045,0.259838,0.503477,0.485708,0.448304,0.283634,0.498884,0.390847,0.308699,0.457814,0.209603,0.327635,0.392382,0.247335,0.461345,0.286344,0.533462,0.313469,0.227094,0.236825,0.258654,-0.162049,0.416528,0.346747,0.240798,0.272169,0.482817
0.889274,0.832154,0.904526,0.818054,0.761779,0.695166,0.334784,0.417522,0.532401,0.699123,0.715461,0.571523,0.780389,0.895594,0.591717,0.83828,0.622909,0.642934,0.641392,0.823196,0.798433,0.501543,0.872897,0.852568,0.678096,0.75253,0.757028,0.563296,0.313204,0.148281,0.174259,0.456313,0.668444,0.670079,0.45051,0.422247,0.123244,0.61692,0.820226,0.804373,0.507394,0.384705,1,0.904533,0.939018,0.751758,0.804874,0.805416,0.482495,0.459556,0.68426,0.556769,0.727888,0.711024,0.791511,0.833197,0.706219,0.815271,0.802152,0.387059,0.36859,0.605855,0.670741,0.786386,0.722474,0.522635,0.784996,0.896294,0.610115,0.725979,0.835963,0.637794,0.152491,0.105298,0.431219,0.713263,0.664262,0.732011,0.338184,0.132243,0.443826,0.735244,0.776903,0.509667,0.514869
0.844615,0.860828,0.877172,0.808121,0.829359,0.719883,0.452249,0.450864,0.545277,0.756468,0.753027,0.610633,0.819039,0.877528,0.547841,0.855697,0.592625,0.565686,0.676557,0.82455,0.772911,0.571716,0.826606,0.865388,0.675837,0.738412,0.834398,0.606783,0.400973,0.195973,0.239643,0.398483,0.661983,0.686572,0.494093,0.485853,0.092867,0.64424,0.847657,0.829594,0.453981,0.460794,0.904533,1,0.895303,0.744419,0.763463,0.826527,0.476893,0.499612,0.713898,0.542987,0.766067,0.761002,0.860577,0.817971,0.6915,0.855174,0.823613,0.405476,0.354858,0.702362,0.661655,0.791137,0.792016,0.599022,0.792833,0.952988,0.740172,0.742928,0.892315,0.666669,0.267574,0.132027,0.507556,0.679569,0.631353,0.686451,0.347751,0.123242,0.522585,0.802971,0.75541,0.598761,0.613569
0.916865,0.891516,0.956388,0.876616,0.781532,0.758192,0.33506,0.552785,0.568394,0.76943,0.788095,0.612267,0.857344,0.875858,0.596234,0.907531,0.73638,0.605568,0.646715,0.866595,0.864781,0.595636,0.904424,0.909313,0.715262,0.785743,0.80906,0.640413,0.397063,0.0565834,0.234617,0.444889,0.752529,0.744534,0.537933,0.481347,0.127242,0.666092,0.867282,0.858751,0.516306,0.387462,0.939018,0.895303,1,0.807745,0.812218,0.811113,0.459812,0.442641,0.731791,0.654767,0.781439,0.771854,0.860086,0.896516,0.772429,0.854199,0.855348,0.425607,0.310507,0.624751,0.732195,0.846942,0.798996,0.591725,0.837036,0.924761,0.602019,0.824098,0.872325,0.677839,0.245747,0.143955,0.517528,0.762009,0.745419,0.753864,0.401634,0.129869,0.551623,0.842962,0.847959,0.596342,0.583827
0.774363,0.681664,0.760421,0.60777,0.632946,0.549592,0.235302,0.484414,0.427455,0.612236,0.653619,0.458394,0.665354,0.700175,0.282816,0.71711,0.534679,0.296007,0.491867,0.730496,0.755215,0.411318,0.702707,0.7787,0.704284,0.736446,0.662507,0.638709,0.456089,0.113087,0.0623243,0.341412,0.512168,0.55183,0.381353,0.46029,0.317701,0.536919,0.75494,0.71237,0.322959,0.341503,0.751758,0.744419,0.807745,1,0.718153,0.692226,0.235509,0.434564,0.67344,0.694859,0.564067,0.707914,0.668763,0.724143,0.6102,0.736677,0.723529,0.51925,0.160213,0.494027,0.57989,0.717086,0.602241,0.51829,0.639107,0.73538,0.485006,0.76985,0.762305,0.669244,0.133922,-0.070821,0.552331,0.646871,0.634829,0.631946,0.399808,0.375086,0.482131,0.63815,0.702081,0.476035,0.376432
0.804526,0.712035,0.784927,0.657151,0.665835,0.543829,0.402888,0.393023,0.378898,0.735639,0.646371,0.592333,0.685158,0.754921,0.507722,0.728643,0.510104,0.58267,0.571559,0.694228,0.74336,0.447774,0.796491,0.75567,0.508159,0.758903,0.775993,0.644047,0.43571,0.123639,0.143432,0.251866,0.65657,0.582089,0.29867,0.43714,0.160852,0.605588,0.752162,0.675163,0.232742,0.366036,0.804874,0.763463,0.812218,0.718153,1,0.745054,0.342039,0.33639,0.690859,0.657624,0.667871,0.705192,0.69527,0.746361,0.790771,0.754282,0.625209,0.46878,0.383002,0.447191,0.590162,0.667343,0.59671,0.487163,0.647741,0.808722,0.557247,0.704666,0.806767,0.579457,0.250927,0.19206,0.536107,0.55251,0.696131,0.748156,0.415359,0.271985,0.415792,0.631863,0.546439,0.577721,0.508353
0.743647,0.753244,0.753501,0.697093,0.742085,0.558525,0.417145,0.393114,0.402365,0.833693,0.803096,0.56372,0.723788,0.828649,0.571613,0.769359,0.604619,0.577394,0.558771,0.720371,0.747272,0.505851,0.796414,0.825666,0.671004,0.73932,0.83182,0.561376,0.447871,0.119967,0.334978,0.302392,0.636609,0.648181,0.468996,0.588126,0.11521,0.645282,0.744791,0.780677,0.386059,0.430407,0.805416,0.826527,0.811113,0.692226,0.745054,1,0.369463,0.589412,0.633514,0.578123,0.769758,0.733998,0.819481,0.771018,0.769377,0.858354,0.781623,0.295659,0.419179,0.688379,0.677385,0.689046,0.783102,0.550028,0.757917,0.862097,0.577465,0.673355,0.788393,0.553896,0.326021,0.163506,0.479496,0.695476,0.67687,0.587328,0.436918,0.155388,0.58964,0.683052,0.653809,0.483395,0.541877
0.451213,0.523005,0.486258,0.422395,0.413036,0.497345,0.33659,0.387113,0.469691,0.331808,0.451288,0.322746,0.373544,0.447821,0.488878,0.420271,0.464647,0.399661,0.656863,0.504992,0.471277,0.422725,0.373599,0.478941,0.224295,0.266217,0.421302,0.447437,0.0883898,-0.0770534,0.323246,0.231844,0.510248,0.453238,0.538511,0.399281,0.118197,-0.0019915,0.50066,0.501566,0.339229,0.389896,0.482495,0.476893,0.459812,0.235509,0.342039,0.369463,1,0.392172,0.258949,0.374877,0.463818,0.447392,0.432628,0.464204,0.427302,0.423092,0.489329,0.131984,0.354047,0.323732,0.548021,0.510943,0.501168,0.375195,0.433097,0.512138,0.391983,0.293926,0.34914,0.281149,0.152611,0.174909,0.396318,0.269034,0.384301,0.368684,0.0696325,-0.111211,0.25496,0.463568,0.403246,0.435772,0.468
0.436566,0.483982,0.453007,0.375457,0.431736,0.269578,0.282071,0.310504,0.382663,0.508291,0.579251,0.42697,0.353921,0.526251,0.233982,0.399784,0.471211,0.202643,0.451035,0.490499,0.539124,0.268897,0.376776,0.522956,0.430865,0.305716,0.457138,0.397323,0.23121,0.185696,0.239446,0.129248,0.372963,0.427307,0.46099,0.301844,0.0599802,0.330226,0.56885,0.467283,0.150278,0.305716,0.459556,0.499612,0.442641,0.434564,0.33639,0.589412,0.392172,1,0.275772,0.480842,0.412814,0.54637,0.454815,0.442914,0.323294,0.517355,0.540715,0.116429,0.382851,0.34118,0.449388,0.474442,0.547883,0.329585,0.390689,0.51462,0.456306,0.352174,0.416391,0.259129,0.104167,0.0900318,0.425307,0.531967,0.442661,0.336062,0.144346,-0.0321957,0.291654,0.309397,0.439384,0.260113,0.237666
0.70086,0.718718,0.692122,0.615952,0.539403,0.470306,0.507483,0.280656,0.396102,0.506848,0.557346,0.334178,0.581315,0.647686,0.474793,0.706478,0.400308,0.466322,0.400264,0.606487,0.624495,0.4898,0.676415,0.720428,0.392654,0.636315,0.683597,0.4436,0.292061,0.0483032,0.353809,0.265984,0.52537,0.56669,0.2442,0.360014,0.0826772,0.484031,0.553137,0.552289,0.299639,0.328818,0.68426,0.713898,0.731791,0.67344,0.690859,0.633514,0.258949,0.275772,1,0.512291,0.50098,0.560745,0.663925,0.647384,0.591017,0.679632,0.616474,0.243862,0.294794,0.628696,0.529586,0.607564,0.56393,0.516388,0.703022,0.737631,0.624305,0.613022,0.755178,0.540259,0.221147,0.0509187,0.461674,0.424415,0.596855,0.540645,0.270902,0.26421,0.415537,0.615842,0.507191,0.486683,0.531608
0.699544,0.674019,0.702179,0.51556,0.550309,0.390965,0.293732,0.421166,0.263688,0.652441,0.729861,0.59302,0.610412,0.637148,0.26058,0.620323,0.714588,0.219822,0.559568,0.679081,0.766297,0.516865,0.630478,0.733644,0.429956,0.603436,0.660348,0.63981,0.379522,0.0285192,0.256626,0.215361,0.587287,0.604443,0.52558,0.465066,0.285833,0.358726,0.706549,0.628808,0.273022,0.339823,0.556769,0.542987,0.654767,0.694859,0.657624,0.578123,0.374877,0.480842,0.512291,1,0.584625,0.750352,0.611898,0.725806,0.626179,0.678202,0.650237,0.418519,0.440852,0.306312,0.643179,0.718822,0.688534,0.619556,0.575255,0.649902,0.373364,0.752598,0.661654,0.61537,0.199511,0.339216,0.642303,0.55113,0.76076,0.601833,0.474614,0.254768,0.46441,0.662426,0.532069,0.51461,0.609217
