1,0.891377,0.908565,0.729589,0.433152,0.798388,0.36634,0.423057,0.689434,0.689988,0.719972,0.781792,0.832423,0.782975,0.408929,0.793446,0.853339,0.581015,0.630798,0.824689,0.726424,0.627728,0.581713,0.82908,0.357038,0.59723,0.742567,0.569906,0.35593,0.0860552,0.523777,0.118087,0.579269,0.643085,0.447885,0.409964,0.156044,0.497534,0.644987,0.674572,0.308097,0.610735,0.872011,0.816766,0.922182,0.673508,0.698359,0.630908,0.348624,0.548905,0.443227,0.764617,0.693451,0.859673,0.894002,0.851916,0.666988,0.769773,0.874962,0.054348,0.285578,0.503156,0.634234,0.783464,0.697705,0.315816,0.620767,0.840701,0.38369,0.530853,0.591953,0.546036,0.482012,0.358255,0.0166388,0.664526,0.493939,0.418613,0.249101,0.110074,0.499809,0.69783,0.662613,0.387449,0.616501
0.891377,1,0.8912,0.710804,0.439612,0.754801,0.409015,0.454355,0.631509,0.674433,0.682723,0.740634,0.808039,0.756414,0.432712,0.827766,0.878669,0.470024,0.561718,0.813583,0.741607,0.510044,0.614958,0.815017,0.338938,0.67179,0.653737,0.489836,0.411028,-0.0533403,0.529604,0.219168,0.655563,0.591975,0.482727,0.421709,0.0747444,0.599431,0.676175,0.677311,0.326166,0.686736,0.857578,0.822551,0.88188,0.703652,0.626992,0.645748,0.407329,0.55976,0.400802,0.760882,0.666134,0.795981,0.820226,0.816771,0.652221,0.802416,0.824322,0.149663,0.314912,0.456156,0.611126,0.778591,0.718398,0.435096,0.604233,0.837702,0.490682,0.567237,0.615412,0.612958,0.609915,0.29029,0.0557247,0.619961,0.525113,0.52571,0.34168,0.147564,0.423922,0.67723,0.613572,0.416189,0.621782
0.908565,0.8912,1,0.764389,0.447892,0.812927,0.333889,0.458301,0.660246,0.671525,0.743181,0.754051,0.836633,0.747747,0.366506,0.853642,0.909817,0.49154,0.586072,0.883584,0.797885,0.62501,0.6492,0.88201,0.370809,0.690805,0.702111,0.518716,0.325005,-0.020371,0.55169,0.227203,0.661685,0.635363,0.47988,0.415848,0.180113,0.638027,0.735507,0.728669,0.356329,0.612246,0.927361,0.771879,0.942522,0.698356,0.659551,0.703369,0.479288,0.571864,0.428702,0.816796,0.717843,0.815099,0.816792,0.845579,0.742974,0.864722,0.870498,0.130357,0.338308,0.510642,0.71849,0.847916,0.826875,0.334839,0.663354,0.878591,0.56692,0.53495,0.700687,0.5481,0.551494,0.43409,0.08526,0.701408,0.4848,0.536855,0.314668,0.235391,0.510635,0.764713,0.691609,0.400857,0.720416
0.729589,0.710804,0.764389,1,0.391413,0.642958,0.377137,0.258846,0.519947,0.565848,0.874506,0.791968,0.753489,0.442415,0.293911,0.719876,0.679044,0.394256,0.450114,0.677895,0.54996,0.474968,0.418752,0.683328,0.343714,0.416054,0.478999,0.462973,0.329498,0.0953979,0.511311,0.205373,0.482008,0.444455,0.38656,0.380415,-0.089027,0.4786,0.556213,0.598335,0.34112,0.356373,0.767438,0.57278,0.756667,0.602647,0.581506,0.658067,0.244771,0.528051,0.474546,0.61239,0.677436,0.751876,0.692065,0.599773,0.551839,0.656887,0.706646,-0.0244879,0.366241,0.443921,0.497033,0.528438,0.720268,0.363628,0.343534,0.58415,0.550707,0.331303,0.410292,0.440147,0.321604,0.300484,0.0774584,0.568836,0.238052,0.498206,0.221439,0.170969,0.477041,0.569861,0.552632,0.184568,0.425184
0.433152,0.439612,0.447892,0.391413,1,0.530651,0.183384,0.471726,0.227228,0.396905,0.330877,0.285594,0.451535,0.393682,0.0684084,0.426902,0.51171,0.214162,0.413381,0.455166,0.566456,0.313429,0.129632,0.420289,0.0264744,0.433422,0.328591,0.25058,0.176312,0.0232203,0.177493,0.0907314,0.512623,0.603114,0.185613,0.478629,-0.00772555,0.311141,0.441958,0.16466,0.185155,0.241753,0.453766,0.492792,0.460265,0.584611,0.486866,0.226892,0.420462,0.544455,0.455059,0.212187,0.346858,0.572559,0.605429,0.307699,0.366327,0.405376,0.528516,0.17196,0.314165,0.239175,0.34573,0.401448,0.42116,0.128553,0.42463,0.365299,0.094064,0.228177,0.190775,0.227045,0.24252,-0.0597678,-0.342468,0.299098,0.220851,0.245729,-0.069669,0.000391746,0.178271,0.440411,0.27265,0.0521978,0.361346
0.798388,0.754801,0.812927,0.642958,0.530651,1,0.300479,0.464698,0.561191,0.543072,0.543426,0.658004,0.716621,0.655791,0.159886,0.698636,0.77328,0.545638,0.514863,0.734743,0.703237,0.625788,0.529037,0.803388,0.217264,0.565934,0.617287,0.595964,0.337861,0.0385592,0.343888,0.236547,0.60632,0.550934,0.503999,0.396707,0.151518,0.426215,0.75242,0.50738,0.283927,0.55991,0.745495,0.657851,0.803333,0.75671,0.601865,0.513909,0.325913,0.441979,0.477505,0.661264,0.597093,0.702848,0.759976,0.694444,0.62311,0.713288,0.823547,0.188527,0.28704,0.448396,0.571059,0.740879,0.693815,0.263887,0.703024,0.727847,0.3313,0.473795,0.636943,0.362795,0.557999,0.260045,0.114321,0.716286,0.40961,0.433725,0.076563,0.255001,0.33932,0.718421,0.661661,0.268417,0.573968
0.36634,0.409015,0.333889,0.377137,0.183384,0.300479,1,0.149581,0.126008,0.290856,0.372224,0.395945,0.413087,0.362468,0.0327546,0.418679,0.410296,-0.223628,0.369434,0.318333,0.383178,0.198995,0.283793,0.17684,0.11073,0.0120983,0.33149,0.325966,0.25637,-0.143538,0.293838,0.261671,0.391797,0.140968,0.237607,-0.010989,0.0208215,0.285494,0.234407,0.217562,0.168254,0.364774,0.331485,0.285835,0.375172,0.181246,0.198841,0.252306,0.22482,0.135715,0.329202,0.335205,0.461983,0.447949,0.383915,0.384277,0.318388,0.208019,0.345486,0.15324,-0.0542207,0.0960162,0.17024,0.0971234,0.286162,0.188317,0.125156,0.335937,0.103057,0.0368195,0.333938,0.427893,0.242481,0.140688,-0.120609,0.248218,0.262267,0.29802,-0.0108514,0.293221,0.175651,0.308738,0.158481,0.0602896,0.235543
0.423057,0.454355,0.458301,0.258846,0.471726,0.464698,0.149581,1,0.211024,0.399082,0.252026,0.228741,0.325139,0.41503,0.195659,0.384094,0.451056,0.403903,0.536015,0.581152,0.621531,0.200922,0.332627,0.525934,0.384743,0.562276,0.562343,0.234498,0.0972409,0.00184801,0.20217,-0.180229,0.585842,0.39319,0.190205,0.480132,0.0259923,0.359439,0.563483,0.415362,0.106696,0.374828,0.47893,0.437094,0.457015,0.457979,0.421611,0.119096,0.466665,0.441313,0.27127,0.43455,0.295978,0.505989,0.412974,0.327941,0.437089,0.486159,0.38121,0.0697997,0.109413,0.426484,0.442148,0.528949,0.457004,0.299521,0.524545,0.51137,0.262881,0.205559,0.366161,0.283414,0.463452,0.282774,-0.00595444,0.508218,0.285629,0.218142,0.230333,-0.0419517,0.490812,0.616023,0.519792,0.136758,0.537192
0.689434,0.631509,0.660246,0.519947,0.227228,0.561191,0.126008,0.211024,1,0.542458,0.553395,0.669093,0.686944,0.56232,0.324642,0.618103,0.576823,0.460254,0.526073,0.558543,0.549472,0.541165,0.42269,0.658994,0.368051,0.548357,0.416065,0.318468,0.170616,0.255884,0.486834,0.336953,0.365527,0.572631,0.263693,0.328288,0.152847,0.284154,0.477682,0.575746,0.505379,0.566996,0.561158,0.56987,0.656153,0.391002,0.438404,0.442153,-0.0606081,0.530019,0.494533,0.603731,0.615918,0.53075,0.573553,0.669149,0.473307,0.658848,0.734483,-0.0175519,0.358206,0.325933,0.573063,0.489814,0.582949,0.22881,0.354621,0.601927,0.339911,0.596598,0.456108,0.43325,0.458736,0.289605,0.304359,0.584896,0.424958,0.278954,0.227102,0.0584146,0.354447,0.557697,0.445737,0.364761,0.47363
0.689988,0.674433,0.671525,0.565848,0.396905,0.543072,0.290856,0.399082,0.542458,1,0.64078,0.581838,0.674419,0.454054,0.181441,0.662985,0.695897,0.350375,0.561383,0.615257,0.622148,0.42702,0.297348,0.628329,0.268757,0.506218,0.430989,0.290866,0.0304529,0.130912,0.361385,-0.000498608,0.362322,0.578852,0.205151,0.428962,0.155851,0.524272,0.318516,0.470754,0.233134,0.469442,0.642657,0.598388,0.706961,0.452545,0.56094,0.401361,0.368797,0.59964,0.405554,0.746776,0.629647,0.699177,0.734436,0.528972,0.555955,0.64165,0.651354,-0.0246502,0.129829,0.341315,0.503588,0.558577,0.557469,0.173497,0.320541,0.554578,0.183362,0.407066,0.343754,0.406221,0.469225,0.356098,0.0337477,0.458957,0.270612,0.328672,0.144397,-0.0266228,0.346559,0.435863,0.486772,0.48548,0.503959
0.719972,0.682723,0.743181,0.874506,0.330877,0.543426,0.372224,0.252026,0.553395,0.64078,1,0.798758,0.748884,0.486739,0.328918,0.685173,0.676293,0.337704,0.499086,0.63567,0.49158,0.471112,0.3042,0.59236,0.234135,0.376372,0.451764,0.334443,0.133844,-0.0344214,0.562334,0.260767,0.461956,0.404748,0.337852,0.421444,-0.167408,0.433696,0.486005,0.600674,0.339503,0.303941,0.724732,0.59302,0.738007,0.499533,0.621879,0.579372,0.274276,0.478162,0.425207,0.64465,0.679932,0.719142,0.653267,0.625504,0.478211,0.622735,0.697574,-0.077146,0.40791,0.400742,0.481521,0.476819,0.627882,0.246889,0.27401,0.520921,0.42765,0.304965,0.341713,0.498285,0.337884,0.380434,0.03913,0.473404,0.210054,0.351714,0.350639,0.171681,0.429555,0.528883,0.472801,0.33272,0.443686
0.781792,0.740634,0.754051,0.791968,0.285594,0.658004,0.395945,0.228741,0.669093,0.581838,0.798758,1,0.898517,0.562425,0.267733,0.794096,0.713558,0.38962,0.511653,0.643826,0.587159,0.591998,0.526553,0.640935,0.284016,0.423464,0.538841,0.302871,0.147713,0.087314,0.308848,0.331072,0.408288,0.415509,0.382672,0.314194,-0.0309487,0.346403,0.588973,0.533453,0.308987,0.45106,0.760501,0.686284,0.781088,0.491387,0.631596,0.629659,0.0884324,0.419511,0.457996,0.67819,0.798508,0.728271,0.693767,0.720197,0.553896,0.691654,0.747014,0.107359,0.240168,0.388629,0.522488,0.563543,0.670609,0.341781,0.382574,0.628307,0.398631,0.34802,0.533952,0.524669,0.444824,0.402372,0.19905,0.596381,0.346536,0.457028,0.123119,0.0718822,0.454184,0.598969,0.529252,0.22755,0.473386
0.832423,0.808039,0.836633,0.753489,0.451535,0.716621,0.413087,0.325139,0.686944,0.674419,0.748884,0.898517,1,0.664315,0.271906,0.83398,0.840042,0.37766,0.5801,0.746543,0.713327,0.623199,0.565051,0.717897,0.181595,0.54148,0.600311,0.341634,0.112986,0.145551,0.417156,0.339573,0.475504,0.605071,0.435884,0.408415,0.103671,0.44526,0.631176,0.523289,0.271449,0.485504,0.827159,0.76297,0.86203,0.588669,0.660057,0.601825,0.284649,0.536097,0.506297,0.758285,0.879025,0.84583,0.832499,0.775351,0.635145,0.757898,0.857529,0.249184,0.243337,0.421905,0.594578,0.617558,0.678976,0.287042,0.482762,0.70248,0.345557,0.440033,0.578724,0.563265,0.483857,0.305989,0.109331,0.620032,0.369484,0.527732,0.097215,0.155878,0.374787,0.634454,0.564772,0.294544,0.55538
0.782975,0.756414,0.747747,0.442415,0.393682,0.655791,0.362468,0.41503,0.56232,0.454054,0.486739,0.562425,0.664315,1,0.358441,0.680515,0.729443,0.390931,0.639107,0.684184,0.625459,0.582303,0.650006,0.709211,0.205826,0.540696,0.744651,0.602671,0.24964,-0.0643495,0.410449,0.256627,0.593025,0.509737,0.550552,0.283121,-0.00498954,0.388708,0.614242,0.5969,0.199533,0.557059,0.722218,0.74407,0.798303,0.623922,0.618193,0.518878,0.382496,0.383515,0.363792,0.59895,0.557842,0.691325,0.631872,0.777973,0.571187,0.660829,0.74512,0.29872,0.275204,0.384781,0.575378,0.665753,0.552395,0.232525,0.719047,0.756152,0.271175,0.498865,0.632156,0.445669,0.555816,0.284723,0.00922238,0.548865,0.483059,0.318219,0.159867,0.181371,0.335511,0.696547,0.579926,0.466216,0.622204
0.408929,0.432712,0.366506,0.293911,0.0684084,0.159886,0.0327546,0.195659,0.324642,0.181441,0.328918,0.267733,0.271906,0.358441,1,0.298427,0.373529,0.283922,0.275012,0.348245,0.274245,0.160653,0.261197,0.270954,0.108529,0.366522,0.226777,0.00558598,0.03173,-0.165387,0.295908,0.109129,0.244335,0.1508,0.0699635,0.378219,-0.0225821,0.213315,0.191995,0.429574,0.241642,0.174932,0.484779,0.31393,0.305518,0.239577,0.207687,0.385745,0.115642,0.22631,0.176438,0.283822,0.158338,0.284378,0.251428,0.398326,0.274662,0.36191,0.299455,-0.0606962,0.372654,0.271623,0.318189,0.354757,0.278339,0.39672,0.254946,0.337402,0.373524,0.368372,0.120462,0.351183,0.100297,0.0382263,0.0335983,0.179247,0.42933,0.0518877,0.494087,-0.210955,0.24972,0.22303,0.0845589,0.130693,0.0436995
0.793446,0.827766,0.853642,0.719876,0.426902,0.698636,0.418679,0.384094,0.618103,0.662985,0.685173,0.794096,0.83398,0.680515,0.298427,1,0.837228,0.3331,0.661887,0.793754,0.793423,0.56769,0.63869,0.780043,0.354597,0.595688,0.646617,0.459023,0.265452,-0.0593129,0.412485,0.221681,0.633131,0.585624,0.516497,0.328716,0.0682013,0.583894,0.728471,0.670885,0.369442,0.656222,0.837441,0.755756,0.894102,0.685263,0.634967,0.64044,0.372032,0.545966,0.523051,0.836987,0.722216,0.811477,0.759168,0.784876,0.715866,0.808852,0.808612,0.136519,0.109175,0.508078,0.682936,0.748637,0.845288,0.414491,0.565841,0.830379,0.523724,0.557814,0.691155,0.583178,0.640591,0.466181,0.134238,0.681164,0.550753,0.571028,0.0381856,0.114467,0.419608,0.735458,0.590023,0.47939,0.646878
0.853339,0.878669,0.909817,0.679044,0.51171,0.77328,0.410296,0.451056,0.576823,0.695897,0.676293,0.713558,0.840042,0.729443,0.373529,0.837228,1,0.319286,0.59682,0.774957,0.785718,0.628855,0.581266,0.782568,0.307561,0.645459,0.646359,0.492212,0.260058,-0.121678,0.51083,0.233108,0.659685,0.534064,0.433083,0.469911,0.192436,0.596622,0.675716,0.626939,0.289687,0.642118,0.870465,0.732618,0.872506,0.672656,0.634146,0.59071,0.470214,0.580754,0.422462,0.793286,0.739972,0.792698,0.833269,0.82364,0.668186,0.827081,0.835103,0.18658,0.241436,0.415338,0.639747,0.776258,0.714423,0.304987,0.608866,0.803788,0.393814,0.472441,0.635927,0.621613,0.511406,0.358087,0.00569312,0.58884,0.551134,0.483494,0.256961,0.174521,0.387395,0.700534,0.547822,0.380803,0.664591
0.581015,0.470024,0.49154,0.394256,0.214162,0.545638,-0.223628,0.403903,0.460254,0.350375,0.337704,0.38962,0.37766,0.390931,0.283922,0.3331,0.319286,1,0.323367,0.435682,0.389225,0.408484,0.309316,0.577166,0.20849,0.538977,0.474221,0.242452,0.228415,0.212807,0.159977,-0.210815,0.204258,0.408729,0.184562,0.297108,0.0240187,0.12977,0.419959,0.3571,0.0873464,0.235996,0.510379,0.505775,0.500034,0.553997,0.478132,0.260176,0.0914978,0.354184,0.175676,0.412561,0.22405,0.419481,0.497963,0.399019,0.343152,0.461509,0.505359,-0.0146632,0.198564,0.355927,0.311483,0.589881,0.352273,0.165397,0.430116,0.45198,0.222182,0.3139,0.24548,0.0464797,0.444414,0.223575,0.218586,0.484105,0.290856,0.247442,0.226677,-0.0545115,0.347947,0.412621,0.478062,0.178713,0.287576
0.630798,0.561718,0.586072,0.450114,0.413381,0.514863,0.369434,0.536015,0.526073,0.561383,0.499086,0.511653,0.5801,0.639107,0.275012,0.661887,0.59682,0.323367,1,0.638941,0.703699,0.525467,0.383084,0.603506,0.363687,0.519901,0.573986,0.416004,0.0641433,-0.124513,0.249971,0.145893,0.537653,0.520249,0.341849,0.378577,0.0598513,0.456323,0.606552,0.585008,0.344051,0.559153,0.565099,0.727478,0.611016,0.57609,0.58894,0.346405,0.417427,0.415954,0.529189,0.594152,0.498356,0.659983,0.589262,0.557121,0.43316,0.582205,0.61794,0.113796,0.157781,0.635765,0.535253,0.520559,0.585553,0.442696,0.502273,0.667349,0.338986,0.347347,0.602989,0.451862,0.517977,0.370131,0.0769175,0.617799,0.573581,0.321119,0.000179178,0.122941,0.446431,0.750839,0.617616,0.371635,0.665226
0.824689,0.813583,0.883584,0.677895,0.455166,0.734743,0.318333,0.581152,0.558543,0.615257,0.63567,0.643826,0.746543,0.684184,0.348245,0.793754,0.774957,0.435682,0.638941,1,0.749617,0.44866,0.66692,0.852987,0.378402,0.663392,0.709014,0.548685,0.309111,0.0588815,0.454961,0.132861,0.663962,0.654051,0.439763,0.454048,0.265406,0.677433,0.772159,0.6952,0.342874,0.618974,0.829973,0.771212,0.864231,0.662352,0.663854,0.59515,0.566361,0.543803,0.448439,0.746569,0.664555,0.801836,0.744079,0.769708,0.645449,0.746402,0.743333,0.137659,0.255735,0.652304,0.785142,0.770224,0.802117,0.448856,0.616279,0.877856,0.561053,0.500292,0.696589,0.550381,0.51848,0.38213,0.122533,0.754632,0.422429,0.48148,0.286705,0.246036,0.578199,0.787858,0.773458,0.339105,0.665433
0.726424,0.741607,0.797885,0.54996,0.566456,0.703237,0.383178,0.621531,0.549472,0.622148,0.49158,0.587159,0.713327,0.625459,0.274245,0.793423,0.785718,0.389225,0.703699,0.749617,1,0.540037,0.578743,0.754625,0.365798,0.676807,0.609434,0.305649,0.22023,-0.0263819,0.44614,0.165998,0.662306,0.710588,0.345592,0.392264,0.164746,0.539059,0.69096,0.60152,0.374457,0.638306,0.771381,0.716752,0.792214,0.684033,0.527449,0.434228,0.438689,0.522241,0.449157,0.67563,0.600835,0.738194,0.732122,0.671331,0.727304,0.761143,0.77046,0.184099,0.159719,0.486558,0.587126,0.720784,0.766463,0.34964,0.651082,0.765834,0.435223,0.521904,0.583477,0.602162,0.596868,0.408266,0.0315931,0.668039,0.588555,0.514071,0.038236,0.0712493,0.384427,0.745022,0.578434,0.322211,0.730139
0.627728,0.510044,0.62501,0.474968,0.313429,0.625788,0.198995,0.200922,0.541165,0.42702,0.471112,0.591998,0.623199,0.582303,0.160653,0.56769,0.628855,0.408484,0.525467,0.44866,0.540037,1,0.513383,0.579194,0.1702,0.379258,0.408834,0.373005,0.144722,0.0996653,0.329956,0.274046,0.442186,0.382404,0.299678,0.150799,0.00464112,0.299366,0.462124,0.431192,0.298236,0.507506,0.575966,0.502953,0.627464,0.571282,0.466288,0.504335,0.0868163,0.318034,0.254726,0.56227,0.560441,0.485324,0.560528,0.573566,0.638729,0.5235,0.640927,-0.0325736,0.164171,0.264835,0.514501,0.532114,0.536905,0.195559,0.546124,0.587526,0.256997,0.239513,0.490245,0.238532,0.447732,0.370951,0.110475,0.501382,0.604954,0.362838,-0.0202107,0.0381771,0.372672,0.550361,0.456125,0.239438,0.485478
0.581713,0.614958,0.6492,0.418752,0.129632,0.529037,0.283793,0.332627,0.42269,0.297348,0.3042,0.526553,0.565051,0.650006,0.261197,0.63869,0.581266,0.309316,0.383084,0.66692,0.578743,0.513383,1,0.645425,0.350581,0.449066,0.536754,0.466167,0.31536,0.104316,0.221683,0.145473,0.524166,0.292021,0.454369,0.11067,0.142539,0.528108,0.607503,0.454391,0.24327,0.624352,0.639467,0.548888,0.696497,0.510787,0.351768,0.574431,0.212814,0.29173,0.13467,0.589039,0.466738,0.503844,0.416095,0.656276,0.612529,0.527162,0.532181,0.29734,-0.0652437,0.314178,0.59756,0.583478,0.675899,0.385896,0.661181,0.779395,0.396194,0.415022,0.585444,0.441168,0.553091,0.352058,0.325138,0.605245,0.403911,0.499157,0.0525767,-0.0521883,0.413492,0.631646,0.630976,0.286239,0.471675
0.82908,0.815017,0.88201,0.683328,0.420289,0.803388,0.17684,0.525934,0.658994,0.628329,0.59236,0.640935,0.717897,0.709211,0.270954,0.780043,0.782568,0.577166,0.603506,0.852987,0.754625,0.579194,0.645425,1,0.389397,0.720614,0.689025,0.586077,0.360516,0.136165,0.485947,0.071477,0.686644,0.650551,0.542971,0.452057,0.127581,0.636896,0.79554,0.775657,0.30206,0.627621,0.798769,0.729119,0.895905,0.726662,0.711917,0.570385,0.388741,0.628075,0.4322,0.757307,0.63569,0.732288,0.765729,0.756818,0.730494,0.76759,0.821677,0.053217,0.354651,0.573024,0.799089,0.77477,0.811364,0.370381,0.690306,0.865326,0.461415,0.647105,0.6779,0.496239,0.571933,0.451239,0.134783,0.77874,0.463183,0.603629,0.196518,0.14529,0.508411,0.758618,0.801347,0.451773,0.70843
0.357038,0.338938,0.370809,0.343714,0.0264744,0.217264,0.11073,0.384743,0.368051,0.268757,0.234135,0.284016,0.181595,0.205826,0.108529,0.354597,0.307561,0.20849,0.363687,0.378402,0.365798,0.1702,0.350581,0.389397,1,0.387941,0.341619,0.335894,0.409917,0.043401,0.210191,-0.289542,0.338683,0.0934799,0.0332262,0.0890239,0.183888,0.268804,0.24206,0.495423,0.210684,0.518575,0.302916,0.244702,0.30553,0.118711,0.0633866,0.182984,0.143364,0.254346,0.0475816,0.353379,0.162607,0.213341,0.182669,0.305372,0.264509,0.376546,0.176856,-0.1864,-0.110944,0.218402,0.290946,0.383274,0.418503,0.27332,0.19437,0.475769,0.472631,0.154457,0.316363,0.194605,0.226257,0.412984,0.119584,0.366619,0.281479,0.252839,0.153604,-0.158997,0.508024,0.440943,0.304384,0.0919074,0.507111
0.59723,0.67179,0.690805,0.416054,0.433422,0.565934,0.0120983,0.562276,0.548357,0.506218,0.376372,0.423464,0.54148,0.540696,0.366522,0.595688,0.645459,0.538977,0.519901,0.663392,0.676807,0.379258,0.449066,0.720614,0.387941,1,0.609664,0.250887,0.195827,-0.0850879,0.345,0.0164997,0.61112,0.510349,0.270228,0.583468,0.197755,0.446953,0.620907,0.552312,0.214043,0.504417,0.589051,0.606468,0.617932,0.590178,0.49831,0.387824,0.248932,0.644517,0.384229,0.558588,0.40975,0.587118,0.588182,0.519749,0.5686,0.739933,0.563792,0.140676,0.24211,0.317076,0.550836,0.716888,0.572689,0.208948,0.569436,0.700596,0.52384,0.517349,0.50651,0.435879,0.525677,0.244999,0.0800128,0.624047,0.53802,0.43281,0.328623,-0.0257832,0.336039,0.5725,0.47435,0.2374,0.638224
0.742567,0.653737,0.702111,0.478999,0.328591,0.617287,0.33149,0.562343,0.416065,0.430989,0.451764,0.538841,0.600311,0.744651,0.226777,0.646617,0.646359,0.474221,0.573986,0.709014,0.609434,0.408834,0.536754,0.689025,0.341619,0.609664,1,0.485748,0.128972,0.0319947,0.359808,-0.090939,0.618645,0.494884,0.586111,0.332137,0.190859,0.387636,0.66885,0.522224,0.070223,0.431095,0.662252,0.671094,0.751586,0.502062,0.593772,0.419393,0.38037,0.499146,0.27832,0.598231,0.546584,0.737423,0.653898,0.686924,0.626347,0.585909,0.590703,0.178643,0.131261,0.339182,0.621124,0.617534,0.518509,0.245419,0.612694,0.769049,0.316568,0.345322,0.575539,0.52718,0.444211,0.377081,0.0528738,0.666612,0.456023,0.491585,0.201237,0.1615,0.425758,0.66753,0.602405,0.251123,0.579551
0.569906,0.489836,0.518716,0.462973,0.25058,0.595964,0.325966,0.234498,0.318468,0.290866,0.334443,0.302871,0.341634,0.602671,0.00558598,0.459023,0.492212,0.242452,0.416004,0.548685,0.305649,0.373005,0.466167,0.586077,0.335894,0.250887,0.485748,1,0.560562,0.0806243,0.251155,0.00378534,0.465581,0.259822,0.379327,0.154965,0.0730251,0.385882,0.475925,0.424671,0.0859288,0.540418,0.445869,0.39785,0.563554,0.558517,0.426157,0.3913,0.302809,0.256343,0.346131,0.411826,0.292292,0.432713,0.437262,0.47288,0.311461,0.438538,0.508005,0.0625735,0.0856859,0.36411,0.374071,0.478218,0.459851,0.191372,0.453056,0.563639,0.221998,0.264599,0.506792,0.105427,0.316909,0.138556,0.0910176,0.534175,0.217451,0.174326,0.0230505,0.328111,0.328686,0.591274,0.609724,0.250327,0.410432
0.35593,0.411028,0.325005,0.329498,0.176312,0.337861,0.25637,0.0972409,0.170616,0.0304529,0.133844,0.147713,0.112986,0.24964,0.03173,0.265452,0.260058,0.228415,0.0641433,0.309111,0.22023,0.144722,0.31536,0.360516,0.409917,0.195827,0.128972,0.560562,1,0.0469596,0.286992,0.0172364,0.262322,0.202164,0.0652627,-0.0479301,0.0742086,0.321233,0.249531,0.367621,0.269551,0.493546,0.238356,0.22451,0.281902,0.397213,0.116279,0.260476,0.144395,0.154966,0.0719752,0.16852,0.0581634,0.195353,0.288353,0.290619,0.0967336,0.275687,0.248605,-0.052207,0.053793,0.214837,0.149593,0.338619,0.372281,0.33397,0.253063,0.375447,0.361134,0.172605,0.232163,0.0254715,0.20056,-0.0902972,0.0150466,0.282736,0.250756,0.164068,0.0970094,0.182423,0.224256,0.27802,0.246245,0.00510293,0.191863
0.0860552,-0.0533403,-0.020371,0.0953979,0.0232203,0.0385592,-0.143538,0.00184801,0.255884,0.130912,-0.0344214,0.087314,0.145551,-0.0643495,-0.165387,-0.0593129,-0.121678,0.212807,-0.124513,0.0588815,-0.0263819,0.0996653,0.104316,0.136165,0.043401,-0.0850879,0.0319947,0.0806243,0.0469596,1,-0.014363,-0.119027,-0.185377,0.320329,-0.119237,-0.0440153,0.212183,-0.00504383,-0.0991486,-0.100829,0.0315297,0.0383795,-0.0631231,-0.0229846,0.0712013,-0.0975649,0.033149,0.067554,-0.223523,0.204922,-0.105577,0.00480098,0.201783,0.0560579,0.121607,-0.0898676,0.165246,-0.0671202,0.0738047,-0.0825597,0.0284223,-0.0433825,0.12863,-0.113872,0.0540252,-0.017572,0.0114292,-0.0122612,-0.174134,0.0058732,-0.179578,-0.158526,-0.134862,-0.0792948,0.234109,0.131535,-0.26205,0.145648,-0.0815952,-0.0905484,0.196619,-0.0667436,0.1525,-0.159477,-0.0746158
0.523777,0.529604,0.55169,0.511311,0.177493,0.343888,0.293838,0.20217,0.486834,0.361385,0.562334,0.308848,0.417156,0.410449,0.295908,0.412485,0.51083,0.159977,0.249971,0.454961,0.44614,0.329956,0.221683,0.485947,0.210191,0.345,0.359808,0.251155,0.286992,-0.014363,1,0.18229,0.459473,0.484814,0.256554,0.158428,-0.0642803,0.328136,0.270726,0.618024,0.443264,0.341049,0.447294,0.287027,0.532941,0.298929,0.27305,0.318761,0.170082,0.458313,0.196806,0.439657,0.385188,0.485598,0.475471,0.504427,0.471771,0.389099,0.502868,-0.335392,0.372723,0.184228,0.428849,0.306236,0.403162,0.0959346,0.220192,0.443826,0.337988,0.464841,0.177497,0.473965,0.212164,0.283446,-0.128103,0.305149,0.381375,0.237348,0.368339,0.214282,0.276488,0.25451,0.220464,0.363556,0.395261
0.118087,0.219168,0.227203,0.205373,0.0907314,0.236547,0.261671,-0.180229,0.336953,-0.000498608,0.260767,0.331072,0.339573,0.256627,0.109129,0.221681,0.233108,-0.210815,0.145893,0.132861,0.165998,0.274046,0.145473,0.071477,-0.289542,0.0164997,-0.090939,0.00378534,0.0172364,-0.119027,0.18229,1,0.109979,0.172821,0.220641,0.0278491,-0.0166919,0.104891,0.262741,0.138997,0.462736,0.164885,0.17013,0.203819,0.168559,0.17968,0.0917155,0.352271,-0.10928,0.0352818,0.259332,0.112542,0.316879,0.152933,0.0869494,0.212204,0.0796411,0.291886,0.309798,0.298534,0.308313,0.202007,0.155645,0.0870899,0.288966,0.230894,0.228913,0.0805527,0.228894,0.136461,0.322104,0.228398,0.212869,-0.234489,0.220038,0.161,0.145196,0.0130699,0.102138,0.409102,-0.0792849,0.152671,0.087033,0.0879427,0.123614
0.579269,0.655563,0.661685,0.482008,0.512623,0.60632,0.391797,0.585842,0.365527,0.362322,0.461956,0.408288,0.475504,0.593025,0.244335,0.633131,0.659685,0.204258,0.537653,0.663962,0.662306,0.442186,0.524166,0.686644,0.338683,0.61112,0.618645,0.465581,0.262322,-0.185377,0.459473,0.109979,1,0.389996,0.542592,0.479786,-0.0851893,0.521236,0.772279,0.594461,0.298609,0.608581,0.616335,0.5775,0.683794,0.609747,0.535069,0.422345,0.348083,0.582093,0.472466,0.526423,0.394845,0.572327,0.543148,0.571676,0.694668,0.526259,0.619861,0.0268476,0.297401,0.333514,0.668951,0.575186,0.672733,0.335293,0.620449,0.740605,0.432873,0.471689,0.590636,0.492311,0.536416,0.305346,-0.043475,0.617381,0.564319,0.525538,0.203639,0.0732619,0.390932,0.688164,0.556014,0.304564,0.633075
0.643085,0.591975,0.635363,0.444455,0.603114,0.550934,0.140968,0.39319,0.572631,0.578852,0.404748,0.415509,0.605071,0.509737,0.1508,0.585624,0.534064,0.408729,0.520249,0.654051,0.710588,0.382404,0.292021,0.650551,0.0934799,0.510349,0.494884,0.259822,0.202164,0.320329,0.484814,0.172821,0.389996,1,0.317383,0.300827,0.227316,0.440567,0.447031,0.470174,0.36575,0.413379,0.555139,0.614873,0.669535,0.529515,0.509761,0.412597,0.35929,0.577948,0.414501,0.473395,0.483067,0.68583,0.725696,0.488462,0.573383,0.559749,0.671848,0.00330488,0.342762,0.457936,0.551182,0.52783,0.580093,0.27643,0.468153,0.581235,0.266939,0.520399,0.357408,0.372777,0.402308,0.118554,-0.0801743,0.533677,0.324571,0.382468,0.00811911,0.153054,0.316126,0.43942,0.521215,0.303516,0.520699
0.447885,0.482727,0.47988,0.38656,0.185613,0.503999,0.237607,0.190205,0.263693,0.205151,0.337852,0.382672,0.435884,0.550552,0.0699635,0.516497,0.433083,0.184562,0.341849,0.439763,0.345592,0.299678,0.454369,0.542971,0.0332262,0.270228,0.586111,0.379327,0.0652627,-0.119237,0.256554,0.220641,0.542592,0.317383,1,0.156521,-0.0880512,0.344962,0.598566,0.379247,0.0249881,0.237594,0.45309,0.480676,0.612291,0.478413,0.380036,0.366083,0.185515,0.330774,0.218174,0.468871,0.361247,0.501524,0.441273,0.492311,0.508899,0.367387,0.521515,0.25771,0.137182,0.277644,0.500438,0.362643,0.470275,0.234563,0.567896,0.5114,0.227008,0.485029,0.502916,0.401827,0.430015,0.0789907,0.0560274,0.500735,0.204764,0.611629,-0.126764,0.136114,0.0153966,0.406946,0.511462,0.368505,0.340455
0.409964,0.421709,0.415848,0.380415,0.478629,0.396707,-0.010989,0.480132,0.328288,0.428962,0.421444,0.314194,0.408415,0.283121,0.378219,0.328716,0.469911,0.297108,0.378577,0.454048,0.392264,0.150799,0.11067,0.452057,0.0890239,0.583468,0.332137,0.154965,-0.0479301,-0.0440153,0.158428,0.0278491,0.479786,0.300827,0.156521,1,0.0896325,0.285794,0.474565,0.269192,-0.0114881,0.225295,0.406249,0.470406,0.405863,0.416225,0.572998,0.204429,0.165616,0.495668,0.450812,0.356967,0.402525,0.457505,0.454613,0.357055,0.296401,0.490727,0.47785,0.0934898,0.426128,0.218691,0.354491,0.375036,0.334022,0.109019,0.259857,0.343394,0.240669,0.211279,0.224614,0.362292,0.145385,-0.0769212,-0.0906507,0.352173,0.133427,0.175376,0.393616,-0.141897,0.117308,0.441256,0.282947,-0.0444635,0.251066
0.156044,0.0747444,0.180113,-0.089027,-0.00772555,0.151518,0.0208215,0.0259923,0.152847,0.155851,-0.167408,-0.0309487,0.103671,-0.00498954,-0.0225821,0.0682013,0.192436,0.0240187,0.0598513,0.265406,0.164746,0.00464112,0.142539,0.127581,0.183888,0.197755,0.190859,0.0730251,0.0742086,0.212183,-0.0642803,-0.0166919,-0.0851893,0.227316,-0.0880512,0.0896325,1,0.230736,0.0818613,0.0219962,0.124768,0.266347,0.0673173,0.0969983,0.0659471,-0.0577409,-0.051616,-0.0276952,0.222264,0.0729045,-0.0216211,0.174488,0.236799,0.0954067,0.204145,0.212265,0.0286555,0.157324,0.00524888,0.184026,-0.101023,0.109553,0.21505,0.182695,0.0905371,0.0049174,0.115884,0.229554,0.0503386,-0.0428897,0.250378,0.20684,-0.0588636,-0.049779,0.107312,0.148856,0.116603,0.107221,0.170248,0.246903,-0.00582653,0.107588,0.0798078,-0.093084,0.128396
0.497534,0.599431,0.638027,0.4786,0.311141,0.426215,0.285494,0.359439,0.284154,0.524272,0.433696,0.346403,0.44526,0.388708,0.213315,0.583894,0.596622,0.12977,0.456323,0.677433,0.539059,0.299366,0.528108,0.636896,0.268804,0.446953,0.387636,0.385882,0.321233,-0.00504383,0.328136,0.104891,0.521236,0.440567,0.344962,0.285794,0.230736,1,0.522292,0.544246,0.415168,0.556634,0.569219,0.505881,0.600684,0.482316,0.492439,0.568746,0.562371,0.558334,0.163926,0.564522,0.451767,0.483511,0.484827,0.507864,0.493731,0.509176,0.460912,0.068511,0.2341,0.427361,0.648671,0.511561,0.732523,0.507241,0.496141,0.648482,0.402286,0.310508,0.489412,0.442814,0.299785,0.256248,0.163148,0.485047,0.365326,0.560174,0.252239,0.162969,0.514032,0.578743,0.551755,0.379575,0.442174
0.644987,0.676175,0.735507,0.556213,0.441958,0.75242,0.234407,0.563483,0.477682,0.318516,0.486005,0.588973,0.631176,0.614242,0.191995,0.728471,0.675716,0.419959,0.606552,0.772159,0.69096,0.462124,0.607503,0.79554,0.24206,0.620907,0.66885,0.475925,0.249531,-0.0991486,0.270726,0.262741,0.772279,0.447031,0.598566,0.474565,0.0818613,0.522292,1,0.603655,0.315517,0.589798,0.690439,0.724343,0.745655,0.719615,0.674599,0.469885,0.359154,0.481361,0.503217,0.617403,0.563997,0.654224,0.599636,0.702731,0.570482,0.670916,0.713862,0.277435,0.266383,0.619431,0.73012,0.695106,0.770207,0.446207,0.685077,0.789636,0.475128,0.463548,0.771093,0.519594,0.59706,0.324714,0.256094,0.788702,0.480286,0.530636,0.150502,0.274827,0.395415,0.842419,0.747087,0.285093,0.651046
0.674572,0.677311,0.728669,0.598335,0.16466,0.50738,0.217562,0.415362,0.575746,0.470754,0.600674,0.533453,0.523289,0.5969,0.429574,0.670885,0.626939,0.3571,0.585008,0.6952,0.60152,0.431192,0.454391,0.775657,0.495423,0.552312,0.522224,0.424671,0.367621,-0.100829,0.618024,0.138997,0.594461,0.470174,0.379247,0.269192,0.0219962,0.544246,0.603655,1,0.518381,0.52599,0.659946,0.518677,0.702779,0.471302,0.574306,0.455368,0.378512,0.473626,0.41468,0.637677,0.475391,0.559486,0.513416,0.638362,0.555934,0.619645,0.602662,-0.17528,0.431335,0.649786,0.711223,0.597049,0.727123,0.405834,0.530861,0.699215,0.537101,0.560676,0.601089,0.448493,0.418104,0.516642,-0.00147639,0.581562,0.525579,0.386345,0.296278,0.193636,0.502548,0.594902,0.594445,0.575724,0.666083
0.308097,0.326166,0.356329,0.34112,0.185155,0.283927,0.168254,0.106696,0.505379,0.233134,0.339503,0.308987,0.271449,0.199533,0.241642,0.369442,0.289687,0.0873464,0.344051,0.342874,0.374457,0.298236,0.24327,0.30206,0.210684,0.214043,0.070223,0.0859288,0.269551,0.0315297,0.443264,0.462736,0.298609,0.36575,0.0249881,-0.0114881,0.124768,0.415168,0.315517,0.518381,1,0.432712,0.305116,0.266477,0.299517,0.191364,0.18475,0.275768,0.050737,0.336628,0.317348,0.257336,0.276994,0.258735,0.235964,0.312167,0.195267,0.226003,0.316203,-0.117678,0.337842,0.353491,0.436536,0.222635,0.549543,0.349682,0.314656,0.336647,0.295279,0.404533,0.226216,0.255802,0.209871,0.219566,0.233137,0.230797,0.471622,0.09258,0.19834,0.166682,0.353246,0.310899,0.214514,0.398785,0.270994
0.610735,0.686736,0.612246,0.356373,0.241753,0.55991,0.364774,0.374828,0.566996,0.469442,0.303941,0.45106,0.485504,0.557059,0.174932,0.656222,0.642118,0.235996,0.559153,0.618974,0.638306,0.507506,0.624352,0.627621,0.518575,0.504417,0.431095,0.540418,0.493546,0.0383795,0.341049,0.164885,0.608581,0.413379,0.237594,0.225295,0.266347,0.556634,0.589798,0.52599,0.432712,1,0.531505,0.640531,0.606005,0.514974,0.40017,0.393135,0.207359,0.381973,0.311842,0.6328,0.476196,0.436826,0.505985,0.672301,0.511197,0.585169,0.576672,0.0328996,0.0195049,0.337658,0.537521,0.632308,0.631353,0.41754,0.481195,0.770079,0.432312,0.447245,0.667321,0.414338,0.603454,0.328148,0.348758,0.600832,0.638946,0.359135,0.160672,0.0952989,0.442141,0.695231,0.515087,0.301999,0.642465
0.872011,0.857578,0.927361,0.767438,0.453766,0.745495,0.331485,0.47893,0.561158,0.642657,0.724732,0.760501,0.827159,0.722218,0.484779,0.837441,0.870465,0.510379,0.565099,0.829973,0.771381,0.575966,0.639467,0.798769,0.302916,0.589051,0.662252,0.445869,0.238356,-0.0631231,0.447294,0.17013,0.616335,0.555139,0.45309,0.406249,0.0673173,0.569219,0.690439,0.659946,0.305116,0.531505,1,0.770723,0.907027,0.700362,0.644238,0.657365,0.488453,0.50577,0.453685,0.762685,0.688505,0.796258,0.776145,0.820195,0.690876,0.801907,0.833876,0.167725,0.311137,0.523073,0.660347,0.813909,0.772614,0.388841,0.608846,0.797877,0.488972,0.501358,0.622161,0.511877,0.559557,0.417334,0.101162,0.619648,0.487946,0.485479,0.27862,0.139917,0.509824,0.736842,0.639164,0.395004,0.587122
0.816766,0.822551,0.771879,0.57278,0.492792,0.657851,0.285835,0.437094,0.56987,0.598388,0.59302,0.686284,0.76297,0.74407,0.31393,0.755756,0.732618,0.505775,0.727478,0.771212,0.716752,0.502953,0.548888,0.729119,0.244702,0.606468,0.671094,0.39785,0.22451,-0.0229846,0.287027,0.203819,0.5775,0.614873,0.480676,0.470406,0.0969983,0.505881,0.724343,0.518677,0.266477,0.640531,0.770723,1,0.798556,0.700196,0.719378,0.486549,0.413752,0.458,0.387405,0.68034,0.647323,0.7705,0.766916,0.781103,0.517908,0.689815,0.7925,0.286225,0.245287,0.515546,0.57168,0.706536,0.624254,0.413687,0.595232,0.790096,0.419752,0.488327,0.65006,0.546774,0.589167,0.263781,0.16614,0.614179,0.486947,0.463411,0.178986,0.112729,0.373442,0.751124,0.654432,0.341681,0.658586
0.922182,0.88188,0.942522,0.756667,0.460265,0.803333,0.375172,0.457015,0.656153,0.706961,0.738007,0.781088,0.86203,0.798303,0.305518,0.894102,0.872506,0.500034,0.611016,0.864231,0.792214,0.627464,0.696497,0.895905,0.30553,0.617932,0.751586,0.563554,0.281902,0.0712013,0.532941,0.168559,0.683794,0.669535,0.612291,0.405863,0.0659471,0.600684,0.745655,0.702779,0.299517,0.606005,0.907027,0.798556,1,0.720886,0.73256,0.661508,0.393542,0.612866,0.46511,0.832009,0.740251,0.869882,0.852292,0.84744,0.787138,0.798311,0.911222,0.128741,0.250922,0.500901,0.739487,0.789245,0.821631,0.302533,0.680143,0.867603,0.414232,0.604049,0.65077,0.570024,0.594173,0.431624,0.0726384,0.719864,0.449242,0.577442,0.143045,0.123952,0.461517,0.741366,0.723204,0.492061,0.667883
0.673508,0.703652,0.698356,0.602647,0.584611,0.75671,0.181246,0.457979,0.391002,0.452545,0.499533,0.491387,0.588669,0.623922,0.239577,0.685263,0.672656,0.553997,0.57609,0.662352,0.684033,0.571282,0.510787,0.726662,0.118711,0.590178,0.502062,0.558517,0.397213,-0.0975649,0.298929,0.17968,0.609747,0.529515,0.478413,0.416225,-0.0577409,0.482316,0.719615,0.471302,0.191364,0.514974,0.700362,0.700196,0.720886,1,0.568496,0.471689,0.372284,0.493527,0.462944,0.614122,0.425216,0.654494,0.686527,0.599557,0.560583,0.721278,0.740198,0.16383,0.209582,0.525854,0.46753,0.71485,0.670923,0.410558,0.706672,0.674101,0.428892,0.423821,0.56084,0.345718,0.636861,0.0773955,0.0638031,0.687877,0.456941,0.408375,-0.00876652,0.133624,0.220222,0.688644,0.647255,0.301798,0.494548
0.698359,0.626992,0.659551,0.581506,0.486866,0.601865,0.198841,0.421611,0.438404,0.56094,0.621879,0.631596,0.660057,0.618193,0.207687,0.634967,0.634146,0.478132,0.58894,0.663854,0.527449,0.466288,0.351768,0.711917,0.0633866,0.49831,0.593772,0.426157,0.116279,0.033149,0.27305,0.0917155,0.535069,0.509761,0.380036,0.572998,-0.051616,0.492439,0.674599,0.574306,0.18475,0.40017,0.644238,0.719378,0.73256,0.568496,1,0.461717,0.341542,0.565547,0.513626,0.553779,0.644953,0.702203,0.688299,0.620657,0.496729,0.568969,0.715584,0.0650645,0.4043,0.493336,0.607955,0.599963,0.583422,0.192987,0.467937,0.588914,0.190742,0.342963,0.550199,0.358773,0.329477,0.355186,-0.00695632,0.517649,0.323228,0.358483,0.173902,0.120243,0.477562,0.637898,0.580544,0.365192,0.537852
0.630908,0.645748,0.703369,0.658067,0.226892,0.513909,0.252306,0.119096,0.442153,0.401361,0.579372,0.629659,0.601825,0.518878,0.385745,0.64044,0.59071,0.260176,0.346405,0.59515,0.434228,0.504335,0.574431,0.570385,0.182984,0.387824,0.419393,0.3913,0.260476,0.067554,0.318761,0.352271,0.422345,0.412597,0.366083,0.204429,-0.0276952,0.568746,0.469885,0.455368,0.275768,0.393135,0.657365,0.486549,0.661508,0.471689,0.461717,1,0.211535,0.422972,0.237807,0.478837,0.441221,0.581827,0.51762,0.510853,0.60741,0.641291,0.556562,0.0208296,0.318947,0.375475,0.539607,0.61297,0.705941,0.500105,0.444671,0.645681,0.530267,0.250057,0.478883,0.327152,0.295692,0.190598,0.129961,0.49839,0.33008,0.43013,0.276812,0.122643,0.560785,0.466074,0.516771,0.210361,0.346106
0.348624,0.407329,0.479288,0.244771,0.420462,0.325913,0.22482,0.466665,-0.0606081,0.368797,0.274276,0.0884324,0.284649,0.382496,0.115642,0.372032,0.470214,0.0914978,0.417427,0.566361,0.438689,0.0868163,0.212814,0.388741,0.143364,0.248932,0.38037,0.302809,0.144395,-0.223523,0.170082,-0.10928,0.348083,0.35929,0.185515,0.165616,0.222264,0.562371,0.359154,0.378512,0.050737,0.207359,0.488453,0.413752,0.393542,0.372284,0.341542,0.211535,1,0.157558,0.122745,0.349738,0.263264,0.409848,0.372172,0.348359,0.207035,0.337898,0.276534,0.254109,0.201275,0.488541,0.380373,0.409102,0.357919,0.305444,0.339521,0.43027,0.250757,0.0406545,0.412406,0.194938,0.229032,0.224527,-0.189119,0.235994,0.162258,0.285266,0.19465,0.421711,0.263955,0.471972,0.421552,0.285186,0.440981
0.548905,0.55976,0.571864,0.528051,0.544455,0.441979,0.135715,0.441313,0.530019,0.59964,0.478162,0.419511,0.536097,0.383515,0.22631,0.545966,0.580754,0.354184,0.415954,0.543803,0.522241,0.318034,0.29173,0.628075,0.254346,0.644517,0.499146,0.256343,0.154966,0.204922,0.458313,0.0352818,0.582093,0.577948,0.330774,0.495668,0.0729045,0.558334,0.481361,0.473626,0.336628,0.381973,0.50577,0.458,0.612866,0.493527,0.565547,0.422972,0.157558,1,0.447977,0.539607,0.450052,0.60353,0.630965,0.437973,0.574056,0.571081,0.595471,-0.128536,0.261549,0.277044,0.650096,0.484746,0.610323,0.294573,0.41756,0.551688,0.237753,0.411663,0.309783,0.385009,0.339002,0.083135,0.016796,0.543865,0.342338,0.455673,0.171648,-0.0743767,0.400037,0.387785,0.400488,0.298819,0.401486
0.443227,0.400802,0.428702,0.474546,0.455059,0.477505,0.329202,0.27127,0.494533,0.405554,0.425207,0.457996,0.506297,0.363792,0.176438,0.523051,0.422462,0.175676,0.529189,0.448439,0.449157,0.254726,0.13467,0.4322,0.0475816,0.384229,0.27832,0.346131,0.0719752,-0.105577,0.196806,0.259332,0.472466,0.414501,0.218174,0.450812,-0.0216211,0.163926,0.503217,0.41468,0.317348,0.311842,0.453685,0.387405,0.46511,0.462944,0.513626,0.237807,0.122745,0.447977,1,0.383858,0.462578,0.532451,0.497628,0.417171,0.319472,0.468328,0.567837,0.0933844,0.345727,0.42821,0.387699,0.338155,0.466124,0.165057,0.202111,0.377772,0.240287,0.413325,0.47569,0.216089,0.354517,0.0699221,-0.0316834,0.49697,0.281329,0.107825,-0.0890182,0.161447,0.142427,0.488625,0.398772,0.222837,0.307559
0.764617,0.760882,0.816796,0.61239,0.212187,0.661264,0.335205,0.43455,0.603731,0.746776,0.64465,0.67819,0.758285,0.59895,0.283822,0.836987,0.793286,0.412561,0.594152,0.746569,0.67563,0.56227,0.589039,0.757307,0.353379,0.558588,0.598231,0.411826,0.16852,0.00480098,0.439657,0.112542,0.526423,0.473395,0.468871,0.356967,0.174488,0.564522,0.617403,0.637677,0.257336,0.6328,0.762685,0.68034,0.832009,0.614122,0.553779,0.478837,0.349738,0.539607,0.383858,1,0.705832,0.712037,0.707405,0.786504,0.702246,0.772152,0.769963,0.00734809,0.0168235,0.462008,0.657642,0.712312,0.713645,0.332782,0.54608,0.792849,0.472675,0.506399,0.691119,0.4838,0.655388,0.442839,0.22304,0.676368,0.438823,0.50059,0.146855,0.0689179,0.368073,0.648372,0.596104,0.483317,0.62094
