1,0.892208,0.958443,0.848091,0.779338,0.887087,0.659383,0.62004,0.721376,0.665549,0.705032,0.827688,0.889679,0.794204,0.761436,0.657777,0.905982,0.73547,0.777598,0.836556,0.865189,0.838418,0.671244,0.930192,0.626018,0.873602,0.892514,0.782694,0.489935,0.483873,0.401028,0.650959,0.885019,0.799043,0.764301,0.625765,0.378511,0.678495,0.92043,0.851597,0.548884,0.754003,0.937382,0.551313,0.963091,0.847971,0.82239,0.879968,0.571401,0.549153,0.833789,0.747467,0.797452,0.842598,0.902652,0.640918,0.810647,0.803999,0.921495,0.528325,0.557964,0.74218,0.882299,0.867802,0.902973,0.803971,0.852628,0.938853,0.648586,0.724052,0.898712,0.700506,0.699251,0.294795,0.734999,0.695227,0.854726,0.707789,0.584511,0.500073,0.61106,0.906812,0.833584,0.487946,0.738813
0.892208,1,0.873562,0.761102,0.788044,0.885933,0.64558,0.595006,0.622447,0.638356,0.691753,0.711584,0.805648,0.876667,0.692295,0.701482,0.815619,0.670597,0.761863,0.805837,0.78472,0.71121,0.64006,0.843872,0.606721,0.710159,0.827483,0.706898,0.421218,0.485902,0.32935,0.511124,0.806189,0.703929,0.710622,0.555698,0.193419,0.731117,0.88148,0.826524,0.513002,0.670378,0.898906,0.668381,0.866136,0.78132,0.80755,0.823328,0.487427,0.405532,0.712269,0.742943,0.793068,0.768808,0.866283,0.778645,0.814139,0.743357,0.838632,0.645739,0.515884,0.604058,0.81894,0.842872,0.82893,0.774085,0.852996,0.890276,0.57028,0.640034,0.839826,0.683825,0.633143,0.374612,0.691568,0.718832,0.812344,0.566133,0.576034,0.483634,0.609855,0.859646,0.859435,0.459864,0.66417
0.958443,0.873562,1,0.873421,0.819443,0.882665,0.665101,0.57588,0.754967,0.71434,0.754801,0.804518,0.878883,0.774006,0.768385,0.665206,0.896464,0.732882,0.841368,0.895002,0.921394,0.872853,0.695058,0.950635,0.662255,0.884146,0.86306,0.810269,0.544821,0.52537,0.437553,0.692342,0.893546,0.861394,0.78068,0.676837,0.350135,0.684376,0.949753,0.878174,0.557725,0.774983,0.957937,0.469016,0.979344,0.875899,0.839351,0.915221,0.590979,0.571142,0.821542,0.768052,0.803955,0.839154,0.907213,0.619425,0.80437,0.773525,0.931097,0.583264,0.529711,0.764821,0.893562,0.907046,0.940506,0.784116,0.82856,0.953502,0.544498,0.736707,0.924564,0.74536,0.77721,0.255919,0.719889,0.724555,0.855849,0.700285,0.568976,0.51971,0.675157,0.931941,0.879777,0.467892,0.788561
0.848091,0.761102,0.873421,1,0.664661,0.74996,0.633833,0.598287,0.633695,0.760905,0.737932,0.717986,0.846569,0.745286,0.706645,0.606436,0.859888,0.649928,0.741806,0.80062,0.812989,0.810629,0.616943,0.852041,0.584378,0.832819,0.792796,0.717342,0.55695,0.501995,0.33106,0.546828,0.75625,0.764444,0.720661,0.648489,0.337901,0.66041,0.796226,0.802289,0.459019,0.752317,0.829053,0.468429,0.878725,0.887986,0.815667,0.79653,0.463728,0.462145,0.754568,0.81867,0.825116,0.791885,0.853137,0.598901,0.686911,0.702968,0.880295,0.563741,0.455898,0.657988,0.719769,0.781832,0.8094,0.682279,0.696471,0.831885,0.497614,0.644953,0.768248,0.615249,0.692462,0.252637,0.753643,0.685413,0.765746,0.665309,0.326052,0.454065,0.669791,0.860689,0.762232,0.457228,0.699557
0.779338,0.788044,0.819443,0.664661,1,0.810159,0.653603,0.398362,0.550416,0.600709,0.628081,0.711517,0.748966,0.760031,0.552506,0.74606,0.796452,0.667323,0.761967,0.843333,0.817429,0.712951,0.496157,0.867229,0.576647,0.737371,0.640138,0.555556,0.545008,0.546984,0.171813,0.596485,0.796916,0.760728,0.733615,0.634075,0.262574,0.598554,0.820589,0.736884,0.462959,0.600211,0.795061,0.549004,0.790473,0.661597,0.718648,0.732436,0.433784,0.408603,0.70973,0.531287,0.648533,0.69849,0.815281,0.632215,0.730551,0.713481,0.713098,0.544776,0.462634,0.540642,0.862977,0.834644,0.816449,0.704113,0.793121,0.841525,0.482531,0.47842,0.792536,0.682356,0.676804,0.034962,0.613036,0.634228,0.669878,0.470681,0.446057,0.548761,0.558091,0.832059,0.766895,0.415139,0.568102
0.887087,0.885933,0.882665,0.74996,0.810159,1,0.598332,0.573176,0.583338,0.709603,0.668099,0.744063,0.804498,0.828758,0.710878,0.585881,0.823556,0.605875,0.744659,0.748243,0.776607,0.741537,0.572859,0.8985,0.582967,0.782661,0.868708,0.691063,0.420216,0.506072,0.328659,0.531252,0.820646,0.785709,0.715917,0.616624,0.323356,0.612082,0.895831,0.773088,0.515999,0.687995,0.89866,0.548568,0.879758,0.809993,0.82328,0.767704,0.515112,0.482405,0.742437,0.701688,0.736804,0.781417,0.855033,0.65523,0.836622,0.680837,0.862135,0.645618,0.62005,0.646509,0.81373,0.809676,0.806826,0.661806,0.825514,0.896463,0.52607,0.633421,0.836739,0.665474,0.652784,0.192269,0.66461,0.636244,0.784898,0.551506,0.627158,0.47116,0.628665,0.855863,0.822201,0.382313,0.677713
0.659383,0.64558,0.665101,0.633833,0.653603,0.598332,1,0.584098,0.614026,0.559353,0.426085,0.631891,0.639614,0.650266,0.5393,0.597714,0.590994,0.558729,0.600268,0.733539,0.640542,0.511153,0.521418,0.737086,0.602163,0.692194,0.573463,0.463113,0.382704,0.557574,0.391174,0.64125,0.629856,0.618544,0.705515,0.361997,0.321864,0.571106,0.604753,0.679673,0.431013,0.481965,0.690121,0.559648,0.645409,0.623634,0.711308,0.59671,0.41169,0.261849,0.547166,0.64377,0.584681,0.669251,0.741044,0.654146,0.519436,0.703436,0.618584,0.325489,0.302845,0.455954,0.65521,0.711104,0.659457,0.591091,0.60755,0.700088,0.518191,0.579727,0.640276,0.524447,0.651983,0.0957526,0.645284,0.569053,0.62636,0.324944,0.442184,0.345964,0.641587,0.67302,0.528304,0.351728,0.599982
0.62004,0.595006,0.57588,0.598287,0.398362,0.573176,0.584098,1,0.399288,0.558158,0.448786,0.445717,0.637641,0.553225,0.621787,0.352884,0.574502,0.502451,0.546997,0.406357,0.472907,0.510665,0.477664,0.559396,0.470244,0.57684,0.697367,0.558266,0.223478,0.376678,0.200778,0.282882,0.536727,0.437466,0.454979,0.348288,0.211996,0.527354,0.575087,0.694633,0.416827,0.453656,0.66255,0.413814,0.604452,0.609795,0.578852,0.540702,0.0768705,0.33735,0.498246,0.658667,0.605524,0.520305,0.573097,0.558753,0.554477,0.532814,0.589532,0.449035,0.333602,0.430621,0.557266,0.490352,0.480749,0.476956,0.535537,0.602023,0.538416,0.498301,0.597792,0.431139,0.491756,0.282677,0.754844,0.558819,0.620016,0.400181,0.464888,0.31006,0.472458,0.608216,0.545411,0.270228,0.585878
0.721376,0.622447,0.754967,0.633695,0.550416,0.583338,0.614026,0.399288,1,0.472802,0.546184,0.697992,0.709167,0.528208,0.633579,0.480161,0.665801,0.568013,0.652351,0.761689,0.720564,0.627322,0.576192,0.747689,0.594169,0.656348,0.625254,0.648982,0.354178,0.3927,0.601507,0.642023,0.67437,0.663305,0.627322,0.440156,0.495589,0.568042,0.696883,0.641268,0.429847,0.676443,0.723473,0.304647,0.767871,0.643809,0.715427,0.641571,0.581414,0.491222,0.573237,0.610776,0.599976,0.735613,0.710294,0.411451,0.527588,0.632267,0.691657,0.202815,0.477249,0.571538,0.67796,0.743889,0.757536,0.612046,0.618481,0.740297,0.419568,0.67639,0.735501,0.562756,0.6333,0.208671,0.536176,0.455665,0.655921,0.468425,0.526854,0.315762,0.570649,0.624839,0.591306,0.421311,0.633472
0.665549,0.638356,0.71434,0.760905,0.600709,0.709603,0.559353,0.558158,0.472802,1,0.787109,0.540922,0.707262,0.638923,0.674585,0.415525,0.705827,0.474612,0.675297,0.636922,0.666057,0.618459,0.286362,0.76007,0.536545,0.685652,0.742096,0.528552,0.361017,0.492331,0.411871,0.398868,0.632282,0.664771,0.62552,0.669196,0.279771,0.634785,0.691439,0.687724,0.408262,0.589699,0.710154,0.435205,0.712395,0.723161,0.760206,0.602283,0.331584,0.250121,0.633078,0.711155,0.76102,0.733965,0.722992,0.587214,0.491541,0.511563,0.770406,0.619088,0.55406,0.523731,0.649905,0.59763,0.683873,0.581449,0.5421,0.65628,0.224406,0.497196,0.683436,0.537012,0.620858,0.248691,0.576565,0.699448,0.679973,0.477335,0.397278,0.286632,0.661192,0.743849,0.744776,0.553184,0.620058
0.705032,0.691753,0.754801,0.737932,0.628081,0.668099,0.426085,0.448786,0.546184,0.787109,1,0.594753,0.759592,0.622287,0.718837,0.413014,0.781611,0.460282,0.707306,0.70626,0.738898,0.716333,0.475752,0.754701,0.512388,0.611948,0.640892,0.577217,0.335848,0.365822,0.319051,0.506468,0.656387,0.631116,0.577084,0.730103,0.359559,0.701925,0.744004,0.752986,0.355704,0.625601,0.740643,0.446998,0.762666,0.727049,0.681556,0.685327,0.425135,0.333707,0.649971,0.715228,0.791927,0.718125,0.749444,0.582065,0.538367,0.530714,0.825383,0.630735,0.627007,0.585838,0.685776,0.662932,0.74591,0.640278,0.543759,0.715911,0.308168,0.619367,0.646675,0.600394,0.609125,0.399483,0.537623,0.654306,0.740121,0.574738,0.304878,0.250652,0.650699,0.720582,0.679689,0.541344,0.677392
0.827688,0.711584,0.804518,0.717986,0.711517,0.744063,0.631891,0.445717,0.697992,0.540922,0.594753,1,0.892915,0.693377,0.66393,0.733559,0.870365,0.570606,0.683553,0.825211,0.793968,0.805626,0.598211,0.817513,0.701282,0.754948,0.703188,0.542351,0.382749,0.406279,0.370148,0.656781,0.74127,0.735136,0.668789,0.508465,0.47034,0.575463,0.791618,0.667183,0.38399,0.713618,0.742759,0.54813,0.836104,0.712986,0.72759,0.659087,0.423892,0.46516,0.689744,0.661514,0.706302,0.876243,0.883864,0.518466,0.570435,0.839921,0.780306,0.515098,0.423821,0.655417,0.750972,0.810392,0.836929,0.690801,0.673515,0.775227,0.493275,0.630462,0.702414,0.526755,0.633741,0.0892228,0.668874,0.556554,0.741351,0.558991,0.446665,0.410325,0.467065,0.757879,0.6358,0.4534,0.67143
0.889679,0.805648,0.878883,0.846569,0.748966,0.804498,0.639614,0.637641,0.709167,0.707262,0.759592,0.892915,1,0.790859,0.799598,0.732453,0.958103,0.684177,0.792225,0.830629,0.870889,0.83383,0.653772,0.870579,0.716395,0.816888,0.808242,0.640605,0.411637,0.464223,0.362817,0.604483,0.802289,0.776975,0.716975,0.618867,0.374646,0.727419,0.876937,0.843049,0.500497,0.7471,0.83404,0.598179,0.909541,0.830677,0.820647,0.757327,0.407987,0.483281,0.711331,0.804766,0.851363,0.885751,0.94532,0.688742,0.675433,0.848257,0.888123,0.586184,0.501551,0.646746,0.858247,0.841711,0.887699,0.794493,0.729342,0.851678,0.539776,0.680938,0.809815,0.643575,0.656693,0.253848,0.773947,0.712801,0.834196,0.637418,0.454708,0.410406,0.582143,0.832696,0.787531,0.408669,0.775155
0.794204,0.876667,0.774006,0.745286,0.760031,0.828758,0.650266,0.553225,0.528208,0.638923,0.622287,0.693377,0.790859,1,0.696874,0.738118,0.793179,0.555792,0.667078,0.759907,0.70625,0.67116,0.616779,0.810625,0.575328,0.712926,0.755755,0.534044,0.50872,0.596922,0.229802,0.445942,0.669072,0.697542,0.623153,0.571449,0.221679,0.690333,0.817157,0.708059,0.380286,0.590752,0.791389,0.705271,0.775346,0.724636,0.765664,0.751952,0.499269,0.305789,0.701944,0.729919,0.743268,0.770349,0.85004,0.869476,0.806774,0.796434,0.773647,0.651637,0.479945,0.564877,0.733041,0.759552,0.737389,0.70155,0.793036,0.832137,0.522313,0.543314,0.705767,0.631682,0.582128,0.265373,0.664213,0.569745,0.71666,0.429754,0.489163,0.449686,0.531873,0.794813,0.753706,0.397501,0.585243
0.761436,0.692295,0.768385,0.706645,0.552506,0.710878,0.5393,0.621787,0.633579,0.674585,0.718837,0.66393,0.799598,0.696874,1,0.396233,0.761636,0.452681,0.613819,0.647858,0.704591,0.674451,0.701319,0.772922,0.519797,0.690401,0.747763,0.56162,0.238021,0.370354,0.358944,0.504645,0.655459,0.584903,0.552526,0.55537,0.326101,0.762074,0.729327,0.729664,0.365365,0.610189,0.785071,0.54221,0.790725,0.709421,0.750728,0.738921,0.507575,0.492291,0.618786,0.697015,0.630353,0.756495,0.778516,0.588431,0.644351,0.598372,0.807461,0.533193,0.459716,0.695736,0.669876,0.649241,0.693487,0.626131,0.606059,0.749457,0.385389,0.72719,0.701856,0.687838,0.479256,0.236875,0.565499,0.535655,0.758715,0.470292,0.390837,0.263749,0.53851,0.665834,0.644143,0.294591,0.734382
0.657777,0.701482,0.665206,0.606436,0.74606,0.585881,0.597714,0.352884,0.480161,0.415525,0.413014,0.733559,0.732453,0.738118,0.396233,1,0.715581,0.581965,0.672442,0.798811,0.754925,0.620486,0.510172,0.65755,0.627853,0.614234,0.523578,0.430237,0.490275,0.472176,0.232313,0.528471,0.649498,0.690415,0.591174,0.474794,0.0940523,0.495096,0.714957,0.638021,0.330979,0.502324,0.580307,0.514355,0.66026,0.556874,0.57677,0.601828,0.246244,0.223058,0.532699,0.506913,0.616305,0.658467,0.765652,0.659123,0.559659,0.867193,0.551164,0.527975,0.189073,0.373287,0.713432,0.800397,0.768449,0.697814,0.668053,0.682409,0.414574,0.361193,0.602617,0.512326,0.586689,0.0921905,0.628252,0.600673,0.581777,0.48054,0.303807,0.506413,0.378613,0.733616,0.6911,0.325085,0.512563
0.905982,0.815619,0.896464,0.859888,0.796452,0.823556,0.590994,0.574502,0.665801,0.705827,0.781611,0.870365,0.958103,0.793179,0.761636,0.715581,1,0.688552,0.788118,0.839957,0.875374,0.868877,0.635019,0.900011,0.634209,0.818538,0.827529,0.653869,0.491756,0.479627,0.33545,0.600865,0.811699,0.808091,0.740503,0.634851,0.346363,0.709501,0.877511,0.822641,0.483502,0.763897,0.850106,0.608775,0.918737,0.810102,0.774542,0.787721,0.44432,0.530141,0.804234,0.739301,0.859806,0.861981,0.926381,0.669968,0.715279,0.836457,0.911029,0.596959,0.540148,0.673241,0.875141,0.83377,0.898522,0.808867,0.795711,0.877061,0.561543,0.643218,0.815772,0.628371,0.650476,0.241804,0.755736,0.714799,0.843485,0.687704,0.437714,0.472346,0.545471,0.866832,0.780952,0.53334,0.700086
0.73547,0.670597,0.732882,0.649928,0.667323,0.605875,0.558729,0.502451,0.568013,0.474612,0.460282,0.570606,0.684177,0.555792,0.452681,0.581965,0.688552,1,0.587796,0.637184,0.693606,0.674359,0.516156,0.711012,0.385881,0.681971,0.613313,0.629509,0.473809,0.42559,0.195538,0.498234,0.723853,0.589714,0.615854,0.493613,0.0151452,0.540517,0.641604,0.733319,0.605511,0.638911,0.685774,0.40938,0.727855,0.700457,0.627768,0.648137,0.372402,0.423694,0.65733,0.615107,0.695195,0.616077,0.690016,0.515415,0.605787,0.626844,0.688061,0.211489,0.343229,0.56138,0.762462,0.650524,0.730876,0.693443,0.689286,0.668921,0.52534,0.405863,0.699205,0.359588,0.616293,0.328293,0.684571,0.648461,0.637396,0.523859,0.353383,0.393572,0.472885,0.699388,0.728699,0.358237,0.516371
0.777598,0.761863,0.841368,0.741806,0.761967,0.744659,0.600268,0.546997,0.652351,0.675297,0.707306,0.683553,0.792225,0.667078,0.613819,0.672442,0.788118,0.587796,1,0.816288,0.857989,0.750697,0.508828,0.789097,0.759372,0.789191,0.700611,0.71181,0.408548,0.512929,0.431979,0.6295,0.784818,0.778357,0.785074,0.568889,0.295592,0.634779,0.856082,0.796957,0.568588,0.711613,0.820581,0.459006,0.801663,0.657245,0.70298,0.776018,0.377745,0.392225,0.572748,0.657434,0.724836,0.70983,0.821903,0.550847,0.572346,0.725695,0.769958,0.554571,0.501865,0.617212,0.854754,0.855843,0.842476,0.7303,0.737101,0.8249,0.43347,0.678784,0.824391,0.741054,0.705474,0.264874,0.631001,0.748008,0.790876,0.540133,0.562138,0.548234,0.602047,0.851992,0.779379,0.467037,0.721395
0.836556,0.805837,0.895002,0.80062,0.843333,0.748243,0.733539,0.406357,0.761689,0.636922,0.70626,0.825211,0.830629,0.759907,0.647858,0.798811,0.839957,0.637184,0.816288,1,0.916722,0.809629,0.636125,0.900612,0.715295,0.807605,0.717922,0.66161,0.585555,0.544146,0.437949,0.732962,0.813506,0.851062,0.764595,0.630633,0.348481,0.641805,0.875405,0.793544,0.426153,0.696265,0.832591,0.490005,0.874057,0.762472,0.79175,0.84166,0.55805,0.462282,0.711143,0.661498,0.729575,0.834935,0.888018,0.642656,0.677799,0.816826,0.801034,0.565991,0.455453,0.645424,0.834573,0.949679,0.932967,0.772332,0.756589,0.893667,0.452695,0.646445,0.829275,0.730542,0.784336,0.130587,0.644867,0.700678,0.769778,0.636914,0.418577,0.488233,0.641414,0.875494,0.766622,0.512667,0.701089
0.865189,0.78472,0.921394,0.812989,0.817429,0.776607,0.640542,0.472907,0.720564,0.666057,0.738898,0.793968,0.870889,0.70625,0.704591,0.754925,0.875374,0.693606,0.857989,0.916722,1,0.835168,0.622069,0.899137,0.643864,0.855287,0.750599,0.758704,0.521955,0.462416,0.430295,0.696512,0.884596,0.8857,0.781247,0.671317,0.290908,0.700334,0.903075,0.861045,0.548396,0.709548,0.849931,0.38768,0.91278,0.803703,0.758624,0.841511,0.532175,0.438864,0.698177,0.682183,0.757018,0.813226,0.895487,0.575797,0.701886,0.773872,0.844954,0.531215,0.496861,0.606625,0.893538,0.92505,0.954027,0.83958,0.76398,0.907182,0.501619,0.714575,0.862154,0.776854,0.76592,0.228461,0.695677,0.801971,0.830162,0.742832,0.424951,0.470337,0.610412,0.909999,0.833419,0.410714,0.790112
0.838418,0.71121,0.872853,0.810629,0.712951,0.741537,0.511153,0.510665,0.627322,0.618459,0.716333,0.805626,0.83383,0.67116,0.674451,0.620486,0.868877,0.674359,0.750697,0.809629,0.835168,1,0.616737,0.843841,0.580445,0.799531,0.740044,0.680557,0.582959,0.423673,0.272972,0.573023,0.803122,0.829613,0.649868,0.629771,0.272576,0.604499,0.849368,0.732692,0.364651,0.817257,0.81792,0.383984,0.888876,0.784022,0.684188,0.822579,0.440575,0.558256,0.806942,0.671622,0.742078,0.783328,0.841554,0.458334,0.673583,0.741365,0.847943,0.569151,0.44314,0.772983,0.765975,0.796818,0.859545,0.701966,0.736102,0.837882,0.432909,0.612621,0.761965,0.585642,0.744024,0.260737,0.68102,0.659154,0.824081,0.732811,0.38247,0.491346,0.480411,0.854345,0.7388,0.501684,0.693346
0.671244,0.64006,0.695058,0.616943,0.496157,0.572859,0.521418,0.477664,0.576192,0.286362,0.475752,0.598211,0.653772,0.616779,0.701319,0.510172,0.635019,0.516156,0.508828,0.636125,0.622069,0.616737,1,0.643906,0.453709,0.5917,0.542944,0.527252,0.38027,0.423298,0.279849,0.530581,0.531637,0.493738,0.407496,0.364072,0.30838,0.550776,0.658029,0.68469,0.339161,0.560395,0.691173,0.410444,0.702956,0.649309,0.529956,0.687016,0.52791,0.666181,0.557576,0.612639,0.48513,0.574112,0.672699,0.531767,0.687663,0.614342,0.655524,0.465866,0.310909,0.704331,0.585072,0.643829,0.611743,0.55269,0.528844,0.686904,0.510755,0.581118,0.599682,0.587097,0.394119,0.220492,0.549168,0.389853,0.620041,0.400052,0.273886,0.209858,0.474935,0.582223,0.508242,0.145263,0.694416
0.930192,0.843872,0.950635,0.852041,0.867229,0.8985,0.737086,0.559396,0.747689,0.76007,0.754701,0.817513,0.870579,0.810625,0.772922,0.65755,0.900011,0.711012,0.789097,0.900612,0.899137,0.843841,0.643906,1,0.597395,0.888004,0.851141,0.725089,0.570071,0.58178,0.41487,0.686432,0.877316,0.869781,0.783401,0.70603,0.407682,0.701852,0.912151,0.844068,0.526593,0.759869,0.933148,0.523871,0.95165,0.866795,0.867594,0.857562,0.605868,0.552556,0.841438,0.732361,0.785782,0.864767,0.91897,0.646744,0.805602,0.763806,0.915109,0.548196,0.574953,0.726039,0.871001,0.893722,0.914071,0.759462,0.84886,0.955409,0.539326,0.687348,0.885092,0.723067,0.764387,0.169755,0.705904,0.681484,0.82316,0.642517,0.515727,0.49031,0.680827,0.914366,0.820138,0.510617,0.737949
0.626018,0.606721,0.662255,0.584378,0.576647,0.582967,0.602163,0.470244,0.594169,0.536545,0.512388,0.701282,0.716395,0.575328,0.519797,0.627853,0.634209,0.385881,0.759372,0.715295,0.643864,0.580445,0.453709,0.597395,1,0.6081,0.568537,0.522999,0.277216,0.515096,0.399358,0.585142,0.600638,0.628423,0.663362,0.377933,0.431876,0.491179,0.694551,0.631459,0.419618,0.601064,0.640265,0.517342,0.651737,0.494139,0.639008,0.567467,0.237767,0.229611,0.4408,0.627285,0.547589,0.683484,0.723472,0.513492,0.438903,0.72586,0.592534,0.512675,0.342581,0.517242,0.694938,0.728459,0.687946,0.544242,0.510682,0.625211,0.365539,0.592153,0.658734,0.564619,0.596514,0.145039,0.537258,0.589589,0.662824,0.365769,0.509633,0.46432,0.509651,0.642392,0.540067,0.329513,0.675302
0.873602,0.710159,0.884146,0.832819,0.737371,0.782661,0.692194,0.57684,0.656348,0.685652,0.611948,0.754948,0.816888,0.712926,0.690401,0.614234,0.818538,0.681971,0.789191,0.807605,0.855287,0.799531,0.5917,0.888004,0.6081,1,0.783221,0.764216,0.568834,0.53794,0.384447,0.665874,0.812484,0.83257,0.797703,0.560324,0.386154,0.593128,0.836132,0.777056,0.607192,0.727412,0.836297,0.391601,0.874587,0.799222,0.718689,0.811711,0.520679,0.495223,0.748801,0.727317,0.722092,0.788702,0.841911,0.544931,0.696063,0.75424,0.849073,0.465359,0.547208,0.710218,0.839347,0.803939,0.83856,0.753508,0.752114,0.87368,0.574435,0.699669,0.849534,0.686306,0.700346,0.154614,0.722166,0.694558,0.77318,0.633505,0.537745,0.44422,0.539811,0.87795,0.766334,0.448795,0.721714
0.892514,0.827483,0.86306,0.792796,0.640138,0.868708,0.573463,0.697367,0.625254,0.742096,0.640892,0.703188,0.808242,0.755755,0.747763,0.523578,0.827529,0.613313,0.700611,0.717922,0.750599,0.740044,0.542944,0.851141,0.568537,0.783221,1,0.721372,0.446133,0.470797,0.462137,0.415244,0.771624,0.7475,0.647583,0.544004,0.249932,0.647643,0.856311,0.772407,0.491698,0.693667,0.861731,0.501312,0.878341,0.786021,0.807065,0.811723,0.490312,0.523882,0.76902,0.703295,0.757812,0.811482,0.785875,0.626573,0.763608,0.678478,0.864276,0.562568,0.561714,0.675359,0.777395,0.756597,0.795267,0.704469,0.81023,0.857001,0.520498,0.613576,0.859392,0.620716,0.637361,0.265634,0.723214,0.699901,0.809886,0.659468,0.607223,0.419539,0.584477,0.826227,0.789397,0.496653,0.662735
0.782694,0.706898,0.810269,0.717342,0.555556,0.691063,0.463113,0.558266,0.648982,0.528552,0.577217,0.542351,0.640605,0.534044,0.56162,0.430237,0.653869,0.629509,0.71181,0.66161,0.758704,0.680557,0.527252,0.725089,0.522999,0.764216,0.721372,1,0.441484,0.374816,0.284272,0.583253,0.760411,0.718172,0.707714,0.569355,0.336508,0.493898,0.756941,0.773254,0.654411,0.690602,0.82078,0.221344,0.80767,0.748175,0.590231,0.729379,0.419596,0.384599,0.64437,0.637056,0.670152,0.617741,0.654783,0.416001,0.721547,0.544195,0.740625,0.387309,0.565166,0.549402,0.715387,0.727551,0.73688,0.602951,0.691323,0.796951,0.588392,0.732691,0.80653,0.644557,0.652878,0.309203,0.665458,0.685003,0.72352,0.675602,0.505893,0.450327,0.506691,0.804379,0.716351,0.391225,0.669982
0.489935,0.421218,0.544821,0.55695,0.545008,0.420216,0.382704,0.223478,0.354178,0.361017,0.335848,0.382749,0.411637,0.50872,0.238021,0.490275,0.491756,0.473809,0.408548,0.585555,0.521955,0.582959,0.38027,0.570071,0.277216,0.568834,0.446133,0.441484,1,0.589706,0.00154713,0.365185,0.457547,0.635426,0.374557,0.422581,0.0484455,0.313284,0.529864,0.400892,0.229087,0.531365,0.467063,0.15443,0.546306,0.483407,0.338783,0.551586,0.433718,0.431715,0.615217,0.312009,0.399803,0.355034,0.46305,0.350863,0.568935,0.482957,0.444759,0.315054,0.112325,0.465869,0.515336,0.539766,0.544392,0.447793,0.562754,0.5901,0.311148,0.14038,0.513425,0.348378,0.521614,-0.0240549,0.468851,0.406082,0.416982,0.55224,0.134729,0.549223,0.273266,0.591091,0.462771,0.269235,0.279972
0.483873,0.485902,0.52537,0.501995,0.546984,0.506072,0.557574,0.376678,0.3927,0.492331,0.365822,0.406279,0.464223,0.596922,0.370354,0.472176,0.479627,0.42559,0.512929,0.544146,0.462416,0.423673,0.423298,0.58178,0.515096,0.53794,0.470797,0.374816,0.589706,1,0.261039,0.444859,0.509728,0.589274,0.482853,0.353443,0.27862,0.467457,0.523845,0.569085,0.300323,0.485083,0.560039,0.445127,0.517071,0.416722,0.530282,0.523643,0.416235,0.338771,0.60813,0.466239,0.457748,0.47789,0.560012,0.551933,0.580525,0.541326,0.486643,0.369133,0.227055,0.516288,0.534543,0.531393,0.528707,0.409404,0.544345,0.554518,0.275825,0.308626,0.488784,0.427026,0.48032,0.0974099,0.457625,0.404204,0.578868,0.282978,0.339393,0.513977,0.427036,0.568833,0.425787,0.342693,0.429024
0.401028,0.32935,0.437553,0.33106,0.171813,0.328659,0.391174,0.200778,0.601507,0.411871,0.319051,0.370148,0.362817,0.229802,0.358944,0.232313,0.33545,0.195538,0.431979,0.437949,0.430295,0.272972,0.279849,0.41487,0.399358,0.384447,0.462137,0.284272,0.00154713,0.261039,1,0.386851,0.391663,0.437174,0.368291,0.0665451,0.314706,0.309567,0.419234,0.377223,0.209361,0.342117,0.39984,0.0882087,0.416918,0.2938,0.44288,0.406932,0.362953,0.308383,0.260297,0.387581,0.361601,0.473482,0.392084,0.189939,0.163081,0.362111,0.453155,0.0850082,0.334507,0.332834,0.364692,0.397377,0.467624,0.394618,0.314763,0.384065,0.118213,0.495462,0.464308,0.328634,0.392837,0.302385,0.15236,0.3399,0.440861,0.284191,0.444322,0.0232482,0.38018,0.337227,0.379577,0.376558,0.481629
0.650959,0.511124,0.692342,0.546828,0.596485,0.531252,0.64125,0.282882,0.642023,0.398868,0.506468,0.656781,0.604483,0.445942,0.504645,0.528471,0.600865,0.498234,0.6295,0.732962,0.696512,0.573023,0.530581,0.686432,0.585142,0.665874,0.415244,0.583253,0.365185,0.444859,0.386851,1,0.654753,0.652363,0.686554,0.496958,0.439792,0.333391,0.601549,0.643828,0.36672,0.476779,0.647786,0.346854,0.647941,0.535538,0.510927,0.582305,0.471367,0.389083,0.505757,0.44031,0.505695,0.548963,0.681906,0.412489,0.480064,0.668717,0.608254,0.260762,0.313525,0.49281,0.66594,0.727251,0.726137,0.530833,0.518361,0.665737,0.410234,0.640518,0.584808,0.541804,0.620702,0.0311404,0.418097,0.431434,0.584214,0.46426,0.322691,0.478337,0.512552,0.64696,0.474908,0.282151,0.5482
0.885019,0.806189,0.893546,0.75625,0.796916,0.820646,0.629856,0.536727,0.67437,0.632282,0.656387,0.74127,0.802289,0.669072,0.655459,0.649498,0.811699,0.723853,0.784818,0.813506,0.884596,0.803122,0.531637,0.877316,0.600638,0.812484,0.771624,0.760411,0.457547,0.509728,0.391663,0.654753,1,0.866184,0.760655,0.582479,0.272853,0.643681,0.861848,0.818327,0.558583,0.760349,0.880136,0.470777,0.904321,0.758244,0.792429,0.797691,0.425911,0.435014,0.733568,0.633626,0.741565,0.744766,0.867525,0.520531,0.722549,0.726505,0.845771,0.457945,0.474025,0.595217,0.869701,0.857647,0.905435,0.778849,0.841529,0.873849,0.503175,0.662839,0.841881,0.670651,0.704068,0.302533,0.646034,0.769204,0.84935,0.712098,0.484487,0.573224,0.614186,0.871194,0.809027,0.436664,0.72346
0.799043,0.703929,0.861394,0.764444,0.760728,0.785709,0.618544,0.437466,0.663305,0.664771,0.631116,0.735136,0.776975,0.697542,0.584903,0.690415,0.808091,0.589714,0.778357,0.851062,0.8857,0.829613,0.493738,0.869781,0.628423,0.83257,0.7475,0.718172,0.635426,0.589274,0.437174,0.652363,0.866184,1,0.749458,0.612302,0.301669,0.531367,0.872566,0.736977,0.467318,0.762928,0.801385,0.32938,0.865203,0.740662,0.721035,0.77587,0.472994,0.404799,0.73581,0.619393,0.707488,0.756525,0.832829,0.526072,0.728757,0.765558,0.802282,0.508406,0.46982,0.570408,0.816904,0.863393,0.897684,0.719308,0.801621,0.874201,0.422327,0.61637,0.805988,0.622165,0.772666,0.196692,0.624803,0.73079,0.796979,0.746048,0.476156,0.563568,0.559245,0.884502,0.772688,0.425238,0.683347
0.764301,0.710622,0.78068,0.720661,0.733615,0.715917,0.705515,0.454979,0.627322,0.62552,0.577084,0.668789,0.716975,0.623153,0.552526,0.591174,0.740503,0.615854,0.785074,0.764595,0.781247,0.649868,0.407496,0.783401,0.663362,0.797703,0.647583,0.707714,0.374557,0.482853,0.368291,0.686554,0.760655,0.749458,1,0.492986,0.32044,0.583821,0.751666,0.712154,0.570634,0.671773,0.751789,0.503312,0.74752,0.660388,0.668087,0.672202,0.437622,0.313992,0.601906,0.65422,0.702946,0.681947,0.783429,0.548524,0.585124,0.679154,0.739284,0.35675,0.52199,0.473032,0.810065,0.767871,0.768453,0.699776,0.727898,0.782343,0.622927,0.689326,0.765231,0.640622,0.656923,0.201187,0.638034,0.712316,0.741271,0.473271,0.524389,0.473321,0.470059,0.813592,0.682025,0.431919,0.55383
0.625765,0.555698,0.676837,0.648489,0.634075,0.616624,0.361997,0.348288,0.440156,0.669196,0.730103,0.508465,0.618867,0.571449,0.55537,0.474794,0.634851,0.493613,0.568889,0.630633,0.671317,0.629771,0.364072,0.70603,0.377933,0.560324,0.544004,0.569355,0.422581,0.353443,0.0665451,0.496958,0.582479,0.612302,0.492986,1,0.297012,0.44955,0.686002,0.613146,0.262294,0.46082,0.65449,0.24136,0.686393,0.696071,0.595994,0.570844,0.411082,0.277922,0.639976,0.491656,0.56263,0.594009,0.624507,0.459327,0.611809,0.465418,0.634454,0.561257,0.462002,0.430893,0.568075,0.62931,0.634001,0.461017,0.531149,0.656707,0.304302,0.387818,0.555755,0.525756,0.56831,0.0654225,0.493004,0.451771,0.504702,0.505296,0.218075,0.362934,0.580764,0.711182,0.639796,0.288584,0.473961
0.378511,0.193419,0.350135,0.337901,0.262574,0.323356,0.321864,0.211996,0.495589,0.279771,0.359559,0.47034,0.374646,0.221679,0.326101,0.0940523,0.346363,0.0151452,0.295592,0.348481,0.290908,0.272576,0.30838,0.407682,0.431876,0.386154,0.249932,0.336508,0.0484455,0.27862,0.314706,0.439792,0.272853,0.301669,0.32044,0.297012,1,0.142043,0.333957,0.301859,0.219529,0.29476,0.396271,0.122773,0.382375,0.342796,0.343465,0.211054,0.231927,0.252006,0.321466,0.366893,0.244048,0.38459,0.352909,0.105151,0.235962,0.26918,0.363179,0.163828,0.485743,0.315189,0.248909,0.305866,0.274768,0.111791,0.119904,0.354273,0.399849,0.531707,0.334029,0.364281,0.262475,-0.0187129,0.158906,0.000957161,0.242255,0.115052,0.252392,-0.0183929,0.32891,0.289101,0.0907823,0.270828,0.470073
0.678495,0.731117,0.684376,0.66041,0.598554,0.612082,0.571106,0.527354,0.568042,0.634785,0.701925,0.575463,0.727419,0.690333,0.762074,0.495096,0.709501,0.540517,0.634779,0.641805,0.700334,0.604499,0.550776,0.701852,0.491179,0.593128,0.647643,0.493898,0.313284,0.467457,0.309567,0.333391,0.643681,0.531367,0.583821,0.44955,0.142043,1,0.681658,0.729497,0.431202,0.590627,0.706924,0.590886,0.715518,0.654795,0.710317,0.655754,0.488869,0.270285,0.623237,0.724967,0.688756,0.695819,0.757219,0.643986,0.570733,0.549727,0.70506,0.450905,0.356336,0.546595,0.700058,0.617107,0.67803,0.722057,0.642006,0.688171,0.410529,0.569624,0.608039,0.660466,0.455306,0.376486,0.657729,0.653087,0.76422,0.427952,0.38994,0.350608,0.465563,0.638578,0.650054,0.400644,0.613778
0.92043,0.88148,0.949753,0.796226,0.820589,0.895831,0.604753,0.575087,0.696883,0.691439,0.744004,0.791618,0.876937,0.817157,0.729327,0.714957,0.877511,0.641604,0.856082,0.875405,0.903075,0.849368,0.658029,0.912151,0.694551,0.836132,0.856311,0.756941,0.529864,0.523845,0.419234,0.601549,0.861848,0.872566,0.751666,0.686002,0.333957,0.681658,1,0.828669,0.491017,0.751046,0.920651,0.463504,0.946895,0.830907,0.801538,0.875401,0.561488,0.542957,0.759611,0.732017,0.768497,0.814812,0.895388,0.649482,0.819174,0.778011,0.877417,0.65967,0.556138,0.684122,0.894329,0.909029,0.912827,0.794437,0.84309,0.949631,0.560994,0.672762,0.89761,0.78296,0.723531,0.265954,0.70333,0.721835,0.844629,0.67165,0.618842,0.505447,0.602574,0.921212,0.872077,0.415036,0.751517
0.851597,0.826524,0.878174,0.802289,0.736884,0.773088,0.679673,0.694633,0.641268,0.687724,0.752986,0.667183,0.843049,0.708059,0.729664,0.638021,0.822641,0.733319,0.796957,0.793544,0.861045,0.732692,0.68469,0.844068,0.631459,0.777056,0.772407,0.773254,0.400892,0.569085,0.377223,0.643828,0.818327,0.736977,0.712154,0.613146,0.301859,0.729497,0.828669,1,0.626041,0.630548,0.877617,0.486431,0.865794,0.810525,0.778485,0.829093,0.422571,0.425195,0.705551,0.773077,0.79417,0.761032,0.840944,0.697259,0.750421,0.725319,0.840562,0.549052,0.500049,0.630999,0.840405,0.836468,0.860206,0.725695,0.709878,0.862221,0.517311,0.732448,0.836893,0.711525,0.738106,0.324119,0.771396,0.778865,0.843269,0.657914,0.454905,0.423515,0.711398,0.857256,0.817968,0.388772,0.838264
0.548884,0.513002,0.557725,0.459019,0.462959,0.515999,0.431013,0.416827,0.429847,0.408262,0.355704,0.38399,0.500497,0.380286,0.365365,0.330979,0.483502,0.605511,0.568588,0.426153,0.548396,0.364651,0.339161,0.526593,0.419618,0.607192,0.491698,0.654411,0.229087,0.300323,0.209361,0.36672,0.558583,0.467318,0.570634,0.262294,0.219529,0.431202,0.491017,0.626041,1,0.482171,0.554944,0.285309,0.535714,0.48773,0.435353,0.446121,0.158517,0.153324,0.344385,0.526764,0.500134,0.451603,0.502612,0.352689,0.399795,0.385388,0.545743,0.0772524,0.373156,0.357395,0.62459,0.480501,0.509132,0.457708,0.515815,0.524031,0.404042,0.516622,0.647476,0.369437,0.378978,0.279344,0.439568,0.564302,0.430378,0.305497,0.401427,0.235499,0.410944,0.519991,0.569167,0.223571,0.573582
0.754003,0.670378,0.774983,0.752317,0.600211,0.687995,0.481965,0.453656,0.676443,0.589699,0.625601,0.713618,0.7471,0.590752,0.610189,0.502324,0.763897,0.638911,0.711613,0.696265,0.709548,0.817257,0.560395,0.759869,0.601064,0.727412,0.693667,0.690602,0.531365,0.485083,0.342117,0.476779,0.760349,0.762928,0.671773,0.46082,0.29476,0.590627,0.751046,0.630548,0.482171,1,0.742745,0.44805,0.824682,0.713494,0.689135,0.672064,0.392726,0.508594,0.690485,0.702524,0.720406,0.724571,0.775955,0.374761,0.598773,0.652322,0.802599,0.39525,0.500055,0.743689,0.719813,0.7012,0.768089,0.62586,0.74081,0.736603,0.428155,0.58429,0.710097,0.448917,0.604578,0.368217,0.618206,0.642749,0.78884,0.581511,0.416983,0.477151,0.475504,0.722037,0.660749,0.484659,0.636223
0.937382,0.898906,0.957937,0.829053,0.795061,0.89866,0.690121,0.66255,0.723473,0.710154,0.740643,0.742759,0.83404,0.791389,0.785071,0.580307,0.850106,0.685774,0.820581,0.832591,0.849931,0.81792,0.691173,0.933148,0.640265,0.836297,0.861731,0.82078,0.467063,0.560039,0.39984,0.647786,0.880136,0.801385,0.751789,0.65449,0.396271,0.706924,0.920651,0.877617,0.554944,0.742745,1,0.539921,0.950266,0.857031,0.846374,0.882902,0.547502,0.557507,0.806635,0.762323,0.785917,0.800862,0.888455,0.649851,0.832912,0.718403,0.914454,0.594668,0.566471,0.732846,0.845141,0.868232,0.86776,0.735391,0.83646,0.945431,0.585744,0.758452,0.908588,0.771707,0.722436,0.288032,0.700384,0.693326,0.86198,0.627599,0.59033,0.511269,0.679563,0.906704,0.825281,0.480727,0.783297
0.551313,0.668381,0.469016,0.468429,0.549004,0.548568,0.559648,0.413814,0.304647,0.435205,0.446998,0.54813,0.598179,0.705271,0.54221,0.514355,0.608775,0.40938,0.459006,0.490005,0.38768,0.383984,0.410444,0.523871,0.517342,0.391601,0.501312,0.221344,0.15443,0.445127,0.0882087,0.346854,0.470777,0.32938,0.503312,0.24136,0.122773,0.590886,0.463504,0.486431,0.285309,0.44805,0.539921,1,0.480723,0.37248,0.57634,0.408958,0.174325,0.169646,0.455666,0.507304,0.580676,0.567454,0.666626,0.744704,0.424791,0.648898,0.579632,0.389693,0.265636,0.378973,0.542451,0.486116,0.464283,0.513937,0.596273,0.483431,0.416554,0.367391,0.421347,0.323499,0.21637,0.238667,0.425519,0.402926,0.56886,0.0909325,0.282165,0.352598,0.347186,0.453193,0.375835,0.386902,0.349983
0.963091,0.866136,0.979344,0.878725,0.790473,0.879758,0.645409,0.604452,0.767871,0.712395,0.762666,0.836104,0.909541,0.775346,0.790725,0.66026,0.918737,0.727855,0.801663,0.874057,0.91278,0.888876,0.702956,0.95165,0.651737,0.874587,0.878341,0.80767,0.546306,0.517071,0.416918,0.647941,0.904321,0.865203,0.74752,0.686393,0.382375,0.715518,0.946895,0.865794,0.535714,0.824682,0.950266,0.480723,1,0.896126,0.846734,0.879446,0.573161,0.586878,0.845422,0.781156,0.811574,0.862878,0.925406,0.600286,0.815546,0.782133,0.94186,0.587082,0.550755,0.757301,0.881965,0.890231,0.936722,0.795395,0.837126,0.950238,0.567089,0.72953,0.902194,0.718605,0.741203,0.276909,0.756017,0.727509,0.879824,0.741213,0.549843,0.514855,0.645196,0.914635,0.853527,0.471685,0.791409
0.847971,0.78132,0.875899,0.887986,0.661597,0.809993,0.623634,0.609795,0.643809,0.723161,0.727049,0.712986,0.830677,0.724636,0.709421,0.556874,0.810102,0.700457,0.657245,0.762472,0.803703,0.784022,0.649309,0.866795,0.494139,0.799222,0.786021,0.748175,0.483407,0.416722,0.2938,0.535538,0.758244,0.740662,0.660388,0.696071,0.342796,0.654795,0.830907,0.810525,0.48773,0.713494,0.857031,0.37248,0.896126,1,0.840789,0.759137,0.500178,0.475982,0.728666,0.852799,0.825819,0.773223,0.830624,0.590844,0.750034,0.614057,0.863122,0.578751,0.513297,0.632344,0.709146,0.777452,0.801282,0.637498,0.658961,0.837204,0.541871,0.639805,0.75201,0.630629,0.700202,0.24237,0.759701,0.641929,0.731263,0.640283,0.392365,0.327512,0.6667,0.819448,0.797484,0.355981,0.735206
0.82239,0.80755,0.839351,0.815667,0.718648,0.82328,0.711308,0.578852,0.715427,0.760206,0.681556,0.72759,0.820647,0.765664,0.750728,0.57677,0.774542,0.627768,0.70298,0.79175,0.758624,0.684188,0.529956,0.867594,0.639008,0.718689,0.807065,0.590231,0.338783,0.530282,0.44288,0.510927,0.792429,0.721035,0.668087,0.595994,0.343465,0.710317,0.801538,0.778485,0.435353,0.689135,0.846374,0.57634,0.846734,0.840789,1,0.759727,0.49624,0.376695,0.654769,0.78559,0.748389,0.847321,0.853986,0.628122,0.674523,0.658946,0.825822,0.51205,0.458512,0.619751,0.714747,0.815798,0.806862,0.616775,0.718156,0.815091,0.369816,0.637855,0.759216,0.632067,0.710325,0.190321,0.639832,0.602634,0.756802,0.492791,0.494113,0.414153,0.773006,0.759057,0.761954,0.405953,0.711619
0.879968,0.823328,0.915221,0.79653,0.732436,0.767704,0.59671,0.540702,0.641571,0.602283,0.685327,0.659087,0.757327,0.751952,0.738921,0.601828,0.787721,0.648137,0.776018,0.84166,0.841511,0.822579,0.687016,0.857562,0.567467,0.811711,0.811723,0.729379,0.551586,0.523643,0.406932,0.582305,0.797691,0.77587,0.672202,0.570844,0.211054,0.655754,0.875401,0.829093,0.446121,0.672064,0.882902,0.408958,0.879446,0.759137,0.759727,1,0.624834,0.543269,0.747434,0.657092,0.671064,0.741372,0.791693,0.578174,0.780423,0.702565,0.831651,0.546805,0.434437,0.79253,0.790175,0.852279,0.86717,0.729423,0.779486,0.908918,0.453593,0.708822,0.863281,0.76875,0.762899,0.291232,0.617059,0.679104,0.820256,0.705155,0.491796,0.493384,0.590768,0.867155,0.807524,0.445136,0.728654
0.571401,0.487427,0.590979,0.463728,0.433784,0.515112,0.41169,0.0768705,0.581414,0.331584,0.425135,0.423892,0.407987,0.499269,0.507575,0.246244,0.44432,0.372402,0.377745,0.55805,0.532175,0.440575,0.52791,0.605868,0.237767,0.520679,0.490312,0.419596,0.433718,0.416235,0.362953,0.471367,0.425911,0.472994,0.437622,0.411082,0.231927,0.488869,0.561488,0.422571,0.158517,0.392726,0.547502,0.174325,0.573161,0.500178,0.49624,0.624834,1,0.475554,0.540337,0.378182,0.29621,0.517519,0.501471,0.348071,0.583128,0.364875,0.53385,0.215506,0.409627,0.590166,0.500145,0.532443,0.555682,0.53713,0.476997,0.621827,0.312001,0.445976,0.495802,0.567644,0.452589,0.128304,0.342793,0.266421,0.51501,0.398504,0.448493,0.239687,0.435924,0.495664,0.40615,0.219401,0.327277
0.549153,0.405532,0.571142,0.462145,0.408603,0.482405,0.261849,0.33735,0.491222,0.250121,0.333707,0.46516,0.483281,0.305789,0.492291,0.223058,0.530141,0.423694,0.392225,0.462282,0.438864,0.558256,0.666181,0.552556,0.229611,0.495223,0.523882,0.384599,0.431715,0.338771,0.308383,0.389083,0.435014,0.404799,0.313992,0.277922,0.252006,0.270285,0.542957,0.425195,0.153324,0.508594,0.557507,0.169646,0.586878,0.475982,0.376695,0.543269,0.475554,1,0.506563,0.275858,0.307191,0.385142,0.451904,0.149289,0.49696,0.347515,0.538436,0.283693,0.249805,0.632803,0.465553,0.469082,0.466608,0.385196,0.468737,0.553831,0.348252,0.301761,0.575006,0.432583,0.270788,-0.0501969,0.353233,0.209592,0.461619,0.382954,0.26843,0.218642,0.270388,0.442961,0.353718,0.186787,0.370936
0.833789,0.712269,0.821542,0.754568,0.70973,0.742437,0.547166,0.498246,0.573237,0.633078,0.649971,0.689744,0.711331,0.701944,0.618786,0.532699,0.804234,0.65733,0.572748,0.711143,0.698177,0.806942,0.557576,0.841438,0.4408,0.748801,0.76902,0.64437,0.615217,0.60813,0.260297,0.505757,0.733568,0.73581,0.601906,0.639976,0.321466,0.623237,0.759611,0.705551,0.344385,0.690485,0.806635,0.455666,0.845422,0.728666,0.654769,0.747434,0.540337,0.506563,1,0.639375,0.717681,0.753759,0.750783,0.564997,0.782691,0.6898,0.810236,0.515328,0.491769,0.736946,0.730547,0.660893,0.760916,0.66148,0.768999,0.796941,0.51839,0.500158,0.704989,0.488193,0.633182,0.225002,0.711323,0.561519,0.765203,0.636835,0.474503,0.515588,0.460859,0.804304,0.676647,0.62528,0.544499
0.747467,0.742943,0.768052,0.81867,0.531287,0.701688,0.64377,0.658667,0.610776,0.711155,0.715228,0.661514,0.804766,0.729919,0.697015,0.506913,0.739301,0.615107,0.657434,0.661498,0.682183,0.671622,0.612639,0.732361,0.627285,0.727317,0.703295,0.637056,0.312009,0.466239,0.387581,0.44031,0.633626,0.619393,0.65422,0.491656,0.366893,0.724967,0.732017,0.773077,0.526764,0.702524,0.762323,0.507304,0.781156,0.852799,0.78559,0.657092,0.378182,0.275858,0.639375,1,0.853131,0.775353,0.807547,0.682612,0.608941,0.645053,0.829142,0.534482,0.534706,0.610829,0.660758,0.642419,0.695176,0.630521,0.562699,0.7092,0.515815,0.697238,0.660858,0.497758,0.630279,0.461462,0.734732,0.63338,0.74094,0.436473,0.481776,0.216159,0.627264,0.702483,0.718117,0.386124,0.764357
0.797452,0.793068,0.803955,0.825116,0.648533,0.736804,0.584681,0.605524,0.599976,0.76102,0.791927,0.706302,0.851363,0.743268,0.630353,0.616305,0.859806,0.695195,0.724836,0.729575,0.757018,0.742078,0.48513,0.785782,0.547589,0.722092,0.757812,0.670152,0.399803,0.457748,0.361601,0.505695,0.741565,0.707488,0.702946,0.56263,0.244048,0.688756,0.768497,0.79417,0.500134,0.720406,0.785917,0.580676,0.811574,0.825819,0.748389,0.671064,0.29621,0.307191,0.717681,0.853131,1,0.783198,0.835046,0.732513,0.601142,0.723109,0.864938,0.554555,0.565846,0.53904,0.758941,0.706885,0.805172,0.733601,0.68446,0.745186,0.522264,0.599249,0.707047,0.480515,0.643632,0.453964,0.755707,0.75412,0.793462,0.580653,0.40366,0.344039,0.562921,0.787364,0.782178,0.606506,0.65933
