1,0.908291,0.922307,0.849112,0.792217,0.72206,0.414867,0.597795,0.644111,0.618146,0.766277,0.782315,0.884959,0.883056,0.527213,0.904113,0.885605,0.664455,0.777234,0.822985,0.864188,0.620867,0.842974,0.941025,0.568217,0.665053,0.798747,0.72077,0.402501,0.473648,0.135497,0.441584,0.609585,0.769292,0.440112,0.44704,-0.047548,0.725493,0.793008,0.754659,0.526203,0.732181,0.943566,0.879622,0.947084,0.91714,0.925291,0.804532,0.619583,0.595029,0.561319,0.600688,0.876306,0.752591,0.874669,0.852441,0.628339,0.813652,0.889132,0.365003,0.500378,0.549712,0.786149,0.843675,0.845977,0.561396,0.743195,0.904146,0.767491,0.808042,0.850376,0.78079,0.594119,-0.0592916,0.563587,0.670509,0.833192,0.50667,0.254126,0.610779,0.659657,0.845047,0.83476,0.553221,0.712134
0.908291,1,0.835403,0.781488,0.744104,0.729919,0.40054,0.527773,0.600459,0.611012,0.727161,0.758831,0.849411,0.875959,0.430993,0.849487,0.876634,0.681981,0.790522,0.834529,0.879476,0.565033,0.797034,0.87033,0.560282,0.69003,0.786619,0.625017,0.411139,0.454213,0.145436,0.4116,0.646718,0.705035,0.43957,0.472062,-0.116741,0.732757,0.772593,0.698914,0.572381,0.703155,0.912568,0.901544,0.887245,0.880432,0.833694,0.774382,0.547478,0.583357,0.534578,0.609791,0.829486,0.737897,0.866544,0.853546,0.641904,0.817375,0.842244,0.304496,0.493275,0.56328,0.739184,0.868307,0.806293,0.45512,0.657575,0.868276,0.747547,0.833331,0.782393,0.76689,0.597076,-0.0520234,0.582188,0.662551,0.776966,0.517446,0.274949,0.619265,0.748636,0.856788,0.860453,0.593423,0.710462
0.922307,0.835403,1,0.786561,0.767774,0.701015,0.395086,0.569348,0.747593,0.655653,0.742921,0.783021,0.838067,0.832294,0.580913,0.863275,0.848037,0.609645,0.708945,0.770482,0.828969,0.659446,0.782061,0.892184,0.536364,0.623855,0.732147,0.685933,0.298446,0.505667,0.14912,0.406486,0.503342,0.773701,0.42994,0.419524,0.00699239,0.739711,0.757834,0.71724,0.540065,0.681984,0.900719,0.834196,0.93492,0.838054,0.909506,0.813797,0.550764,0.52475,0.508317,0.598708,0.851339,0.707332,0.853721,0.781643,0.621021,0.785067,0.850718,0.324382,0.484415,0.607418,0.749006,0.772909,0.822794,0.580308,0.686234,0.873199,0.711685,0.796259,0.828487,0.68682,0.482392,-0.0808146,0.480822,0.689959,0.791511,0.481107,0.208001,0.582923,0.656474,0.800204,0.736665,0.542135,0.708645
0.849112,0.781488,0.786561,1,0.745649,0.730081,0.50025,0.618544,0.51414,0.680402,0.697297,0.675762,0.846607,0.827912,0.59611,0.811515,0.79095,0.61274,0.734223,0.738356,0.839507,0.539607,0.774475,0.887291,0.59366,0.588749,0.722275,0.671344,0.418359,0.430587,0.0651187,0.4663,0.540365,0.779917,0.5128,0.58694,-0.0708904,0.695559,0.737805,0.757804,0.570641,0.694518,0.858126,0.772753,0.874865,0.814014,0.840401,0.670647,0.554033,0.590285,0.522274,0.482179,0.779428,0.681979,0.810215,0.758975,0.570666,0.724352,0.825955,0.287825,0.612207,0.429799,0.801773,0.80875,0.790098,0.589215,0.59274,0.80747,0.649617,0.695426,0.791182,0.815029,0.440858,-0.053047,0.529302,0.43204,0.682243,0.332387,0.156427,0.510734,0.685614,0.802436,0.686308,0.522611,0.687561
0.792217,0.744104,0.767774,0.745649,1,0.773081,0.343022,0.518021,0.703436,0.658198,0.766425,0.709175,0.769701,0.763469,0.62144,0.793346,0.809701,0.709151,0.631803,0.80731,0.77883,0.652661,0.775806,0.825439,0.431451,0.593729,0.802635,0.565158,0.263062,0.223064,0.2103,0.388126,0.563363,0.787603,0.382484,0.559834,0.047911,0.69097,0.747394,0.742321,0.601389,0.483368,0.837335,0.779673,0.769702,0.724029,0.84478,0.71395,0.614061,0.615386,0.389564,0.602206,0.830378,0.727174,0.830975,0.789092,0.526392,0.692367,0.856393,0.217401,0.540322,0.329458,0.830318,0.714897,0.817939,0.598363,0.570653,0.82542,0.526725,0.718193,0.755696,0.672325,0.476748,0.0164246,0.580264,0.517449,0.706067,0.604134,0.214412,0.488731,0.57452,0.729575,0.633452,0.543199,0.740573
0.72206,0.729919,0.701015,0.730081,0.773081,1,0.343013,0.430931,0.68999,0.665905,0.701938,0.596883,0.712266,0.75618,0.528216,0.728145,0.758883,0.636727,0.618638,0.734612,0.759857,0.650704,0.666022,0.730945,0.428615,0.427294,0.717352,0.585715,0.35455,0.227141,0.254522,0.421548,0.474655,0.712817,0.360681,0.584491,-0.0529637,0.646402,0.677451,0.690085,0.636323,0.489337,0.725387,0.756722,0.715415,0.613896,0.727488,0.606745,0.411165,0.600202,0.363935,0.518082,0.70974,0.645399,0.789579,0.767542,0.531304,0.68252,0.749941,0.199772,0.443766,0.37901,0.686587,0.725949,0.758335,0.431071,0.449158,0.65221,0.58116,0.596719,0.768948,0.654714,0.343508,-0.215044,0.435127,0.467019,0.587058,0.296433,0.26626,0.505826,0.691327,0.652084,0.601603,0.545574,0.830767
0.414867,0.40054,0.395086,0.50025,0.343022,0.343013,1,0.457417,0.168963,0.403214,0.410876,0.422806,0.466636,0.522204,0.474461,0.434174,0.397578,0.415095,0.426515,0.360888,0.536448,0.288689,0.460028,0.502894,0.342774,0.390714,0.452119,0.30281,0.109463,0.228654,-0.100674,0.296024,0.363714,0.528195,0.465633,0.338118,-0.233391,0.193235,0.418592,0.519798,0.218743,0.269202,0.386037,0.41795,0.380858,0.452713,0.406239,0.380213,0.503074,0.473323,0.243306,0.270069,0.354418,0.314253,0.444888,0.424145,0.337399,0.310828,0.385493,-0.0575098,0.224105,0.412248,0.440655,0.450241,0.437251,0.298773,0.308516,0.437158,0.401159,0.256672,0.315237,0.371839,0.320007,0.232002,0.562026,0.462863,0.427582,0.145327,0.222445,0.212287,0.203794,0.411165,0.31503,0.155872,0.443624
0.597795,0.527773,0.569348,0.618544,0.518021,0.430931,0.457417,1,0.375292,0.583427,0.542268,0.556497,0.599705,0.634402,0.329155,0.527108,0.604351,0.647929,0.600489,0.421446,0.609063,0.357507,0.439733,0.660288,0.217085,0.51771,0.631129,0.62342,0.395308,0.421937,0.190273,0.243283,0.342406,0.50567,0.191338,0.472549,0.0418769,0.518934,0.670759,0.548986,0.343287,0.590576,0.629874,0.666593,0.610924,0.652032,0.671707,0.519844,0.514654,0.471744,0.683391,0.277684,0.610058,0.544639,0.624163,0.664535,0.597763,0.579756,0.600112,0.0110209,0.351431,0.434412,0.694502,0.627323,0.642101,0.259436,0.51147,0.651057,0.426496,0.486438,0.592384,0.520045,0.489335,0.201809,0.409822,0.47919,0.519692,0.122086,0.189534,0.378805,0.446578,0.619111,0.565897,0.417334,0.564286
0.644111,0.600459,0.747593,0.51414,0.703436,0.68999,0.168963,0.375292,1,0.551941,0.578512,0.658106,0.606188,0.657547,0.53364,0.608195,0.678118,0.628213,0.457991,0.668366,0.674014,0.667822,0.631367,0.644313,0.511209,0.507986,0.668075,0.5086,0.192858,0.339225,0.270856,0.250059,0.301544,0.559437,0.297673,0.51245,0.0469202,0.546204,0.578178,0.491358,0.525855,0.376034,0.663534,0.685404,0.650953,0.583326,0.739854,0.627768,0.298962,0.453979,0.212254,0.512769,0.695458,0.618098,0.71623,0.659245,0.420605,0.717088,0.682755,0.26914,0.278537,0.337951,0.581992,0.58319,0.644397,0.444798,0.375772,0.645692,0.540038,0.675917,0.712047,0.431545,0.253679,-0.116206,0.320018,0.601786,0.533506,0.395335,0.232006,0.476859,0.554303,0.538596,0.544311,0.416729,0.686021
0.618146,0.611012,0.655653,0.680402,0.658198,0.665905,0.403214,0.583427,0.551941,1,0.642219,0.733292,0.695309,0.692979,0.320575,0.661219,0.708413,0.636494,0.654812,0.580221,0.706584,0.397318,0.586733,0.694648,0.264572,0.573745,0.691125,0.561152,0.54046,0.443449,0.316398,0.352057,0.478735,0.654238,0.4355,0.507644,-0.0540317,0.714515,0.784352,0.645794,0.629,0.503816,0.678678,0.726854,0.685426,0.59082,0.683437,0.61411,0.359747,0.486801,0.548981,0.577503,0.693136,0.688752,0.730391,0.655693,0.597276,0.691231,0.627004,0.120181,0.450338,0.391263,0.655003,0.703943,0.785158,0.485084,0.484414,0.648124,0.453496,0.663991,0.589926,0.59925,0.499682,-0.0164714,0.455375,0.327142,0.513417,0.346639,0.385326,0.29361,0.547302,0.683266,0.504231,0.529662,0.764938
0.766277,0.727161,0.742921,0.697297,0.766425,0.701938,0.410876,0.542268,0.578512,0.642219,1,0.73422,0.765685,0.79022,0.550472,0.820615,0.717225,0.678988,0.776512,0.742274,0.779895,0.630196,0.661947,0.763263,0.487193,0.533299,0.719854,0.491906,0.236551,0.288089,0.132409,0.270961,0.572162,0.759548,0.38791,0.44531,-0.0644416,0.711028,0.680052,0.689733,0.536415,0.49727,0.782511,0.811285,0.755484,0.756726,0.796438,0.759386,0.576776,0.640401,0.349782,0.648908,0.799675,0.654322,0.822218,0.733592,0.526378,0.649887,0.779083,0.398756,0.529494,0.450904,0.722447,0.717576,0.826747,0.648527,0.547967,0.806077,0.542222,0.699819,0.767567,0.689538,0.526367,-0.0923067,0.499991,0.598173,0.750896,0.383695,0.221206,0.517965,0.525689,0.731429,0.646086,0.624909,0.718188
0.782315,0.758831,0.783021,0.675762,0.709175,0.596883,0.422806,0.556497,0.658106,0.733292,0.73422,1,0.86118,0.769348,0.452922,0.779895,0.831021,0.597943,0.775484,0.739489,0.84135,0.511191,0.744812,0.767621,0.404326,0.727093,0.737951,0.595366,0.344481,0.496844,0.231613,0.37824,0.573156,0.738895,0.532961,0.489134,-0.0885968,0.731058,0.797503,0.705193,0.567668,0.578285,0.837957,0.805328,0.803234,0.741582,0.773724,0.791577,0.491596,0.591025,0.499619,0.690411,0.849059,0.826168,0.825139,0.72457,0.587543,0.753183,0.747791,0.311484,0.45271,0.507806,0.690226,0.775563,0.871702,0.603376,0.475354,0.824741,0.581792,0.800774,0.640039,0.749575,0.598308,0.0258027,0.45811,0.624781,0.725944,0.523013,0.365026,0.468988,0.573713,0.738955,0.686738,0.54707,0.701558
0.884959,0.849411,0.838067,0.846607,0.769701,0.712266,0.466636,0.599705,0.606188,0.695309,0.765685,0.86118,1,0.882777,0.587828,0.880124,0.89751,0.695455,0.845248,0.878252,0.929893,0.523926,0.802151,0.917808,0.556457,0.673044,0.813885,0.596932,0.328079,0.477366,0.0662603,0.462302,0.685128,0.804688,0.491274,0.531275,-0.0731478,0.768272,0.848868,0.825196,0.546964,0.679421,0.929503,0.856447,0.913648,0.854314,0.85427,0.767382,0.5702,0.619226,0.519141,0.686287,0.88014,0.791262,0.902965,0.850062,0.505157,0.823157,0.888343,0.335893,0.516721,0.553983,0.809512,0.875186,0.920051,0.685244,0.657449,0.91264,0.698604,0.827463,0.778959,0.829158,0.584035,-0.0466032,0.644732,0.649942,0.869151,0.582866,0.19468,0.565135,0.712022,0.850914,0.754458,0.575141,0.720181
0.883056,0.875959,0.832294,0.827912,0.763469,0.75618,0.522204,0.634402,0.657547,0.692979,0.79022,0.769348,0.882777,1,0.561021,0.852001,0.862588,0.76874,0.825728,0.825607,0.91665,0.619281,0.793401,0.902126,0.645413,0.646671,0.867325,0.692794,0.405402,0.5092,0.052732,0.400931,0.61558,0.702668,0.425078,0.586858,-0.183763,0.747918,0.785441,0.769595,0.583791,0.674464,0.879299,0.935486,0.901423,0.8806,0.89078,0.789288,0.567856,0.628895,0.508098,0.658901,0.863341,0.77865,0.899796,0.855195,0.628175,0.808231,0.869405,0.273276,0.453265,0.551126,0.782171,0.888425,0.881111,0.535116,0.686435,0.900868,0.712075,0.790489,0.830161,0.764528,0.567442,-0.14629,0.671451,0.678004,0.775148,0.472735,0.346883,0.488604,0.752829,0.838923,0.804258,0.560638,0.739194
0.527213,0.430993,0.580913,0.59611,0.62144,0.528216,0.474461,0.329155,0.53364,0.320575,0.550472,0.452922,0.587828,0.561021,1,0.532247,0.455906,0.491785,0.286901,0.51648,0.620508,0.568646,0.625823,0.588977,0.503164,0.377646,0.588005,0.294465,-0.0949682,0.189358,0.0375902,0.166117,0.251674,0.655533,0.418391,0.389096,0.0750908,0.41954,0.423188,0.654444,0.446524,0.326586,0.543436,0.477677,0.547574,0.548569,0.566937,0.581044,0.295403,0.432605,0.0425751,0.335393,0.572255,0.475797,0.536861,0.476103,0.340815,0.44463,0.60013,0.0164489,0.404297,0.198382,0.623519,0.515403,0.537019,0.592663,0.29912,0.578552,0.525031,0.422413,0.638521,0.45966,0.172404,-0.100584,0.365901,0.472874,0.524063,0.293656,-0.0476334,0.404571,0.444369,0.39031,0.408123,0.340185,0.464857
0.904113,0.849487,0.863275,0.811515,0.793346,0.728145,0.434174,0.527108,0.608195,0.661219,0.820615,0.779895,0.880124,0.852001,0.532247,1,0.871572,0.641903,0.80431,0.811029,0.865571,0.590864,0.831591,0.873858,0.492436,0.589206,0.759357,0.575441,0.422939,0.360709,0.125976,0.470558,0.692372,0.801855,0.513769,0.343641,-0.16018,0.752633,0.768975,0.778325,0.573112,0.680454,0.868399,0.83264,0.896221,0.831272,0.84166,0.818494,0.582528,0.50817,0.428229,0.669774,0.857064,0.705965,0.892559,0.805752,0.536765,0.813321,0.88683,0.340609,0.51025,0.531853,0.773036,0.799407,0.867697,0.649956,0.627766,0.871763,0.704055,0.760195,0.781514,0.772086,0.568059,-0.109535,0.577772,0.601306,0.848094,0.51481,0.201854,0.50113,0.651765,0.847479,0.73234,0.628548,0.736526
0.885605,0.876634,0.848037,0.79095,0.809701,0.758883,0.397578,0.604351,0.678118,0.708413,0.717225,0.831021,0.89751,0.862588,0.455906,0.871572,1,0.672816,0.813463,0.836375,0.880571,0.559362,0.826288,0.877928,0.5047,0.624588,0.816496,0.648963,0.420826,0.505423,0.212954,0.524508,0.597998,0.732881,0.405572,0.51352,-0.110619,0.75073,0.813568,0.80026,0.602503,0.708094,0.929133,0.873388,0.886306,0.828997,0.882019,0.781009,0.577825,0.583516,0.542996,0.669862,0.87688,0.779759,0.904297,0.886218,0.612482,0.831177,0.857177,0.329244,0.493524,0.5063,0.788905,0.85238,0.899955,0.59041,0.599836,0.892215,0.650199,0.799893,0.735444,0.753224,0.573197,-0.0620371,0.649519,0.601997,0.809583,0.601584,0.231137,0.505356,0.742569,0.829442,0.776572,0.568127,0.751355
0.664455,0.681981,0.609645,0.61274,0.709151,0.636727,0.415095,0.647929,0.628213,0.636494,0.678988,0.597943,0.695455,0.76874,0.491785,0.641903,0.672816,1,0.535636,0.649882,0.72219,0.468649,0.588001,0.71472,0.429288,0.577948,0.776903,0.382128,0.343067,0.301466,0.127936,0.266548,0.603597,0.563566,0.16551,0.640984,-0.0801147,0.648822,0.64765,0.581336,0.586398,0.444663,0.700166,0.816675,0.658223,0.735619,0.702295,0.562763,0.422691,0.49484,0.318732,0.619042,0.705072,0.647103,0.743329,0.758656,0.388434,0.632276,0.681128,0.0856366,0.355607,0.301429,0.73232,0.651475,0.743581,0.425031,0.457698,0.706381,0.505604,0.684228,0.679004,0.598156,0.451791,-0.01264,0.58685,0.53486,0.674311,0.475374,0.164485,0.449835,0.51306,0.655196,0.596298,0.493365,0.705889
0.777234,0.790522,0.708945,0.734223,0.631803,0.618638,0.426515,0.600489,0.457991,0.654812,0.776512,0.775484,0.845248,0.825728,0.286901,0.80431,0.813463,0.535636,1,0.799681,0.840347,0.414453,0.663974,0.797628,0.468685,0.579747,0.733954,0.584836,0.438644,0.439884,-0.0147685,0.438693,0.665502,0.634661,0.461505,0.441755,-0.130149,0.719677,0.797031,0.683764,0.482837,0.62309,0.810762,0.815484,0.792779,0.779188,0.790874,0.67387,0.642986,0.617607,0.582759,0.645608,0.789818,0.674658,0.860254,0.7661,0.508894,0.783173,0.804802,0.443886,0.472109,0.582465,0.714128,0.832829,0.848341,0.552224,0.653039,0.842157,0.546243,0.725168,0.665427,0.732104,0.595324,-0.0257092,0.603381,0.572537,0.73459,0.409464,0.415761,0.462878,0.660741,0.854043,0.748654,0.586586,0.653143
0.822985,0.834529,0.770482,0.738356,0.80731,0.734612,0.360888,0.421446,0.668366,0.580221,0.742274,0.739489,0.878252,0.825607,0.51648,0.811029,0.836375,0.649882,0.799681,1,0.86386,0.576484,0.771766,0.862091,0.653518,0.578113,0.808596,0.547703,0.228645,0.316708,-0.0476488,0.318123,0.598315,0.680961,0.366116,0.555634,0.00312393,0.695704,0.762961,0.773288,0.481045,0.485572,0.859913,0.817915,0.811936,0.747952,0.830518,0.690226,0.636592,0.718644,0.423815,0.646727,0.808377,0.669371,0.864932,0.809842,0.401203,0.784007,0.878598,0.436385,0.471156,0.52822,0.731265,0.811728,0.840301,0.609158,0.678202,0.854945,0.695672,0.794324,0.757496,0.702294,0.562387,-0.0658502,0.673211,0.66046,0.814649,0.592173,0.201997,0.575551,0.667369,0.78823,0.723841,0.591927,0.700305
0.864188,0.879476,0.828969,0.839507,0.77883,0.759857,0.536448,0.609063,0.674014,0.706584,0.779895,0.84135,0.929893,0.91665,0.620508,0.865571,0.880571,0.72219,0.840347,0.86386,1,0.627956,0.824287,0.884079,0.616191,0.707689,0.837948,0.610735,0.356523,0.473245,0.130102,0.407739,0.666401,0.789929,0.520701,0.573625,-0.106194,0.750168,0.832622,0.825158,0.622371,0.656616,0.888498,0.891119,0.882975,0.856685,0.863681,0.802512,0.531915,0.670641,0.49865,0.66078,0.890817,0.784968,0.928225,0.831819,0.606947,0.860366,0.902148,0.293298,0.530577,0.513019,0.801718,0.883818,0.896197,0.596191,0.610404,0.894787,0.746864,0.807105,0.787757,0.781246,0.610407,0.0112919,0.620358,0.698391,0.792372,0.528017,0.317585,0.55616,0.740044,0.831698,0.808678,0.643154,0.767634
0.620867,0.565033,0.659446,0.539607,0.652661,0.650704,0.288689,0.357507,0.667822,0.397318,0.630196,0.511191,0.523926,0.619281,0.568646,0.590864,0.559362,0.468649,0.414453,0.576484,0.627956,1,0.552439,0.626187,0.530843,0.562246,0.529728,0.601445,0.166973,0.375902,0.18897,0.278612,0.317129,0.6382,0.329619,0.394644,-0.121033,0.522344,0.542204,0.45664,0.413931,0.475476,0.59241,0.606485,0.600176,0.544654,0.634024,0.698607,0.419025,0.528127,0.236694,0.380518,0.637254,0.538434,0.670399,0.558706,0.626748,0.561308,0.634662,0.457821,0.31069,0.267088,0.511598,0.563518,0.565334,0.386764,0.356509,0.620482,0.55085,0.577062,0.700465,0.500135,0.328896,0.0460168,0.212656,0.625605,0.49491,0.340977,0.204673,0.505186,0.488302,0.493433,0.580531,0.389194,0.51484
0.842974,0.797034,0.782061,0.774475,0.775806,0.666022,0.460028,0.439733,0.631367,0.586733,0.661947,0.744812,0.802151,0.793401,0.625823,0.831591,0.826288,0.588001,0.663974,0.771766,0.824287,0.552439,1,0.84426,0.586118,0.597774,0.813892,0.587633,0.312427,0.383064,0.172961,0.33635,0.490094,0.73675,0.502955,0.417489,-0.0439193,0.68527,0.725968,0.837049,0.545056,0.562881,0.804854,0.756786,0.776862,0.791776,0.791509,0.762768,0.47223,0.59849,0.315034,0.542478,0.779301,0.685967,0.778169,0.762758,0.512855,0.71692,0.798304,0.192938,0.460865,0.31964,0.768946,0.802328,0.81347,0.603633,0.50955,0.791094,0.736115,0.724048,0.73863,0.671755,0.560002,-0.0129179,0.63604,0.536335,0.686219,0.520552,0.183549,0.445763,0.636506,0.71192,0.700667,0.45859,0.742286
0.941025,0.87033,0.892184,0.887291,0.825439,0.730945,0.502894,0.660288,0.644313,0.694648,0.763263,0.767621,0.917808,0.902126,0.588977,0.873858,0.877928,0.71472,0.797628,0.862091,0.884079,0.626187,0.84426,1,0.61945,0.705767,0.871106,0.740406,0.380218,0.495495,0.0792859,0.480826,0.58725,0.809152,0.498421,0.567195,-0.0120885,0.747575,0.852557,0.796913,0.528717,0.727556,0.933519,0.863043,0.922031,0.878641,0.92701,0.775272,0.651021,0.656746,0.592367,0.566476,0.871113,0.748513,0.890604,0.896077,0.608855,0.839312,0.894775,0.291943,0.507937,0.536833,0.851172,0.874608,0.878617,0.628898,0.753301,0.9246,0.72887,0.808936,0.882557,0.761571,0.57608,0.0239456,0.657331,0.669444,0.835516,0.497187,0.179029,0.621158,0.715071,0.900739,0.785406,0.56001,0.751057
0.568217,0.560282,0.536364,0.59366,0.431451,0.428615,0.342774,0.217085,0.511209,0.264572,0.487193,0.404326,0.556457,0.645413,0.503164,0.492436,0.5047,0.429288,0.468685,0.653518,0.616191,0.530843,0.586118,0.61945,1,0.370416,0.499828,0.487726,0.0594933,0.433997,-0.104977,0.142555,0.254436,0.409303,0.24262,0.486603,-0.116716,0.32,0.352816,0.524825,0.23859,0.413333,0.545263,0.505889,0.549811,0.541342,0.605447,0.420991,0.360703,0.482507,0.155453,0.27071,0.462293,0.346874,0.551369,0.515922,0.29718,0.49615,0.571103,0.430995,0.197286,0.225863,0.421152,0.488568,0.451177,0.41059,0.425578,0.550087,0.528461,0.52249,0.591185,0.396667,0.204103,-0.052492,0.469721,0.526747,0.519643,0.24545,0.00860117,0.400064,0.532214,0.435184,0.505734,0.222086,0.360636
0.665053,0.69003,0.623855,0.588749,0.593729,0.427294,0.390714,0.51771,0.507986,0.573745,0.533299,0.727093,0.673044,0.646671,0.377646,0.589206,0.624588,0.577948,0.579747,0.578113,0.707689,0.562246,0.597774,0.705767,0.370416,1,0.657119,0.59344,0.341249,0.521313,0.191532,0.505685,0.573526,0.618157,0.525219,0.399558,-0.138876,0.663409,0.798719,0.444043,0.385575,0.593793,0.725286,0.692754,0.66182,0.705141,0.660057,0.679111,0.330835,0.451874,0.475107,0.533483,0.659013,0.752084,0.678627,0.665089,0.620276,0.715353,0.589495,0.223468,0.296861,0.397385,0.569463,0.667683,0.639499,0.460028,0.484716,0.726049,0.518196,0.742182,0.609559,0.619198,0.617859,0.330032,0.31782,0.60219,0.540184,0.52333,0.339659,0.494493,0.449607,0.684409,0.654155,0.397372,0.537131
0.798747,0.786619,0.732147,0.722275,0.802635,0.717352,0.452119,0.631129,0.668075,0.691125,0.719854,0.737951,0.813885,0.867325,0.588005,0.759357,0.816496,0.776903,0.733954,0.808596,0.837948,0.529728,0.813892,0.871106,0.499828,0.657119,1,0.615591,0.402958,0.445399,0.138463,0.32311,0.5138,0.671921,0.417916,0.597446,0.0593296,0.751053,0.82386,0.761608,0.636256,0.588079,0.826749,0.872938,0.779789,0.796947,0.827073,0.761375,0.513843,0.638974,0.528399,0.6158,0.816715,0.741565,0.825561,0.862942,0.593825,0.826378,0.813598,0.100794,0.397289,0.474841,0.830812,0.873923,0.884725,0.609216,0.643683,0.863414,0.663786,0.736205,0.821831,0.645134,0.594988,-0.0582236,0.622234,0.664178,0.757572,0.484625,0.311453,0.536315,0.703533,0.801569,0.773765,0.634869,0.749269
0.72077,0.625017,0.685933,0.671344,0.565158,0.585715,0.30281,0.62342,0.5086,0.561152,0.491906,0.595366,0.596932,0.692794,0.294465,0.575441,0.648963,0.382128,0.584836,0.547703,0.610735,0.601445,0.587633,0.740406,0.487726,0.59344,0.615591,1,0.393141,0.514981,0.221871,0.34187,0.229907,0.564909,0.354821,0.424971,-0.0329575,0.488665,0.706351,0.555157,0.276165,0.650562,0.688151,0.657463,0.709349,0.55925,0.732225,0.597319,0.471058,0.534908,0.702152,0.202701,0.602255,0.627444,0.606033,0.690931,0.712392,0.643025,0.622267,0.204926,0.234447,0.486031,0.568859,0.662277,0.593153,0.261076,0.642534,0.644286,0.508121,0.537621,0.716299,0.550631,0.497893,0.0598579,0.315607,0.532294,0.475614,0.138084,0.321971,0.413846,0.522325,0.609269,0.596549,0.348827,0.536004
0.402501,0.411139,0.298446,0.418359,0.263062,0.35455,0.109463,0.395308,0.192858,0.54046,0.236551,0.344481,0.328079,0.405402,-0.0949682,0.422939,0.420826,0.343067,0.438644,0.228645,0.356523,0.166973,0.312427,0.380218,0.0594933,0.341249,0.402958,0.393141,1,0.427809,0.256611,0.325861,0.348862,0.270826,0.290662,0.234614,-0.280272,0.473647,0.399113,0.19394,0.63702,0.486592,0.372838,0.427877,0.424595,0.408463,0.356984,0.374916,0.120824,0.0735129,0.534974,0.302781,0.360779,0.414037,0.474394,0.324107,0.44984,0.495835,0.36874,0.154607,0.254078,0.209994,0.352642,0.491506,0.422936,0.158858,0.22231,0.362336,0.330559,0.439791,0.341849,0.492639,0.35272,-0.0216923,0.176189,-0.00756061,0.231917,0.149803,0.434613,0.200221,0.49093,0.522138,0.496644,0.349622,0.331039
0.473648,0.454213,0.505667,0.430587,0.223064,0.227141,0.228654,0.421937,0.339225,0.443449,0.288089,0.496844,0.477366,0.5092,0.189358,0.360709,0.505423,0.301466,0.439884,0.316708,0.473245,0.375902,0.383064,0.495495,0.433997,0.521313,0.445399,0.514981,0.427809,1,0.194804,0.226799,0.134359,0.353465,0.184087,0.377843,-0.158681,0.462612,0.446189,0.270574,0.338636,0.641047,0.526832,0.506559,0.560249,0.552177,0.488031,0.558557,0.142004,0.267438,0.572439,0.286021,0.447897,0.484315,0.517447,0.392484,0.642031,0.50842,0.38873,0.303736,0.0793652,0.342591,0.441278,0.551747,0.481318,0.198147,0.330631,0.563307,0.322588,0.567602,0.441648,0.37568,0.355043,0.055688,0.208712,0.444696,0.404238,0.288268,0.258348,0.328922,0.545527,0.432229,0.538362,0.333338,0.188309
0.135497,0.145436,0.14912,0.0651187,0.2103,0.254522,-0.100674,0.190273,0.270856,0.316398,0.132409,0.231613,0.0662603,0.052732,0.0375902,0.125976,0.212954,0.127936,-0.0147685,-0.0476488,0.130102,0.18897,0.172961,0.0792859,-0.104977,0.191532,0.138463,0.221871,0.256611,0.194804,1,0.00580314,0.0180466,0.251675,0.0300776,0.0817338,0.0150538,0.0886527,0.214275,0.144061,0.189683,0.290704,0.127694,0.119738,0.0786113,0.107583,0.115729,0.257506,-0.233289,0.0716943,0.158227,-0.0493688,0.168353,0.205306,0.149871,0.165398,0.391831,0.264038,0.109688,-0.124978,-0.0271627,-0.202226,0.135599,0.0964436,0.135266,0.00845619,-0.111686,0.0947525,0.112881,0.16552,0.103697,0.138638,0.168557,0.179475,-0.12732,0.0829487,-0.0574568,0.0489333,-0.017118,0.107143,0.121367,0.0356456,0.117363,0.0560483,0.241385
0.441584,0.4116,0.406486,0.4663,0.388126,0.421548,0.296024,0.243283,0.250059,0.352057,0.270961,0.37824,0.462302,0.400931,0.166117,0.470558,0.524508,0.266548,0.438693,0.318123,0.407739,0.278612,0.33635,0.480826,0.142555,0.505685,0.32311,0.34187,0.325861,0.226799,0.00580314,1,0.446766,0.442612,0.446563,0.236577,-0.381499,0.381407,0.455238,0.281908,0.323498,0.487378,0.468634,0.338104,0.443277,0.410026,0.440391,0.311099,0.256344,0.119197,0.231514,0.432885,0.386503,0.422884,0.44368,0.506891,0.290811,0.448689,0.361169,0.197912,0.21637,0.223088,0.331972,0.343565,0.401488,0.349846,0.273004,0.412852,0.117406,0.27881,0.328521,0.391769,0.135976,0.105568,0.277773,0.18132,0.376402,0.360759,0.116457,0.260123,0.375574,0.547009,0.324164,0.13974,0.39948
0.609585,0.646718,0.503342,0.540365,0.563363,0.474655,0.363714,0.342406,0.301544,0.478735,0.572162,0.573156,0.685128,0.61558,0.251674,0.692372,0.597998,0.603597,0.665502,0.598315,0.666401,0.317129,0.490094,0.58725,0.254436,0.573526,0.5138,0.229907,0.348862,0.134359,0.0180466,0.446766,1,0.562896,0.42913,0.232621,-0.169059,0.57174,0.663259,0.446002,0.40298,0.505972,0.622326,0.63389,0.595371,0.635013,0.537378,0.417236,0.489762,0.21872,0.257845,0.682279,0.602371,0.563875,0.685485,0.604318,0.240521,0.615003,0.63953,0.288046,0.288941,0.36676,0.518737,0.542401,0.61202,0.539415,0.457313,0.607703,0.424773,0.646834,0.399018,0.670754,0.471261,0.0522943,0.447292,0.45565,0.666323,0.549885,0.296685,0.378166,0.364565,0.660686,0.60225,0.335605,0.507935
0.769292,0.705035,0.773701,0.779917,0.787603,0.712817,0.528195,0.50567,0.559437,0.654238,0.759548,0.738895,0.804688,0.702668,0.655533,0.801855,0.732881,0.563566,0.634661,0.680961,0.789929,0.6382,0.73675,0.809152,0.409303,0.618157,0.671921,0.564909,0.270826,0.353465,0.251675,0.442612,0.562896,1,0.649947,0.432737,-0.102634,0.630689,0.733214,0.716595,0.516599,0.554626,0.791997,0.69785,0.781333,0.698411,0.728866,0.740141,0.547965,0.571198,0.423766,0.504655,0.757133,0.664148,0.768746,0.703109,0.584491,0.671185,0.76759,0.221245,0.484207,0.449363,0.774283,0.72778,0.766832,0.638746,0.5258,0.748805,0.564287,0.691616,0.706973,0.71869,0.530934,0.102649,0.497285,0.548192,0.718798,0.469032,0.135716,0.599683,0.521398,0.720841,0.604416,0.5369,0.723775
0.440112,0.43957,0.42994,0.5128,0.382484,0.360681,0.465633,0.191338,0.297673,0.4355,0.38791,0.532961,0.491274,0.425078,0.418391,0.513769,0.405572,0.16551,0.461505,0.366116,0.520701,0.329619,0.502955,0.498421,0.24262,0.525219,0.417916,0.354821,0.290662,0.184087,0.0300776,0.446563,0.42913,0.649947,1,0.156709,-0.110582,0.369773,0.478025,0.344354,0.38703,0.41869,0.446437,0.343947,0.443909,0.412006,0.388021,0.457309,0.280568,0.21885,0.211214,0.247638,0.50771,0.384293,0.446203,0.41366,0.395356,0.521371,0.430793,0.0782611,0.394215,0.346466,0.365657,0.510733,0.397521,0.554486,0.284735,0.43547,0.472171,0.455518,0.431605,0.459686,0.263726,0.107692,0.239139,0.267287,0.373883,0.14733,0.190439,0.46261,0.397346,0.538302,0.43621,0.336762,0.411509
0.44704,0.472062,0.419524,0.58694,0.559834,0.584491,0.338118,0.472549,0.51245,0.507644,0.44531,0.489134,0.531275,0.586858,0.389096,0.343641,0.51352,0.640984,0.441755,0.555634,0.573625,0.394644,0.417489,0.567195,0.486603,0.399558,0.597446,0.424971,0.234614,0.377843,0.0817338,0.236577,0.232621,0.432737,0.156709,1,0.0553167,0.441865,0.43434,0.448643,0.513555,0.428411,0.531163,0.542801,0.477301,0.488228,0.570828,0.309224,0.322034,0.666405,0.40346,0.260268,0.581339,0.506536,0.595539,0.529313,0.341618,0.433126,0.490556,0.150499,0.426915,0.0939604,0.638053,0.529653,0.585591,0.29862,0.183961,0.534014,0.27839,0.507984,0.537453,0.529828,0.187196,0.0672388,0.352838,0.341245,0.39924,0.221553,0.104267,0.469393,0.550131,0.530034,0.459808,0.456146,0.543122
-0.047548,-0.116741,0.00699239,-0.0708904,0.047911,-0.0529637,-0.233391,0.0418769,0.0469202,-0.0540317,-0.0644416,-0.0885968,-0.0731478,-0.183763,0.0750908,-0.16018,-0.110619,-0.0801147,-0.130149,0.00312393,-0.106194,-0.121033,-0.0439193,-0.0120885,-0.116716,-0.138876,0.0593296,-0.0329575,-0.280272,-0.158681,0.0150538,-0.381499,-0.169059,-0.102634,-0.110582,0.0553167,1,-0.109765,0.0258575,-0.0475119,-0.0717014,-0.0136671,-0.01652,-0.116942,-0.0842752,-0.111219,0.00628013,-0.190232,0.0443641,-0.00809157,0.112756,-0.245556,-0.0034053,-0.139295,-0.119637,-0.00692283,-0.043583,-0.0614709,-0.0277852,-0.178618,0.0640014,-0.044011,0.107211,-0.0724206,-0.0686556,0.0853268,0.0369125,-0.0485117,0.049975,-0.0351897,0.0743814,-0.129105,-0.139372,-0.0261184,-0.204128,0.0531119,0.0190485,-0.223704,-0.188414,0.204834,-0.0837168,-0.092113,-0.0117641,0.0984959,-0.0456779
0.725493,0.732757,0.739711,0.695559,0.69097,0.646402,0.193235,0.518934,0.546204,0.714515,0.711028,0.731058,0.768272,0.747918,0.41954,0.752633,0.75073,0.648822,0.719677,0.695704,0.750168,0.522344,0.68527,0.747575,0.32,0.663409,0.751053,0.488665,0.473647,0.462612,0.0886527,0.381407,0.57174,0.630689,0.369773,0.441865,-0.109765,1,0.765609,0.648651,0.686059,0.575283,0.787125,0.814116,0.791353,0.749702,0.722671,0.746782,0.332303,0.466551,0.447212,0.707995,0.791871,0.760855,0.802719,0.683863,0.536551,0.733838,0.735929,0.233911,0.507735,0.409662,0.704492,0.789287,0.867929,0.614495,0.516072,0.785088,0.549723,0.797386,0.707925,0.708647,0.572259,-0.129024,0.39122,0.420579,0.635494,0.534025,0.312028,0.455364,0.721843,0.794291,0.717864,0.649599,0.703276
0.793008,0.772593,0.757834,0.737805,0.747394,0.677451,0.418592,0.670759,0.578178,0.784352,0.680052,0.797503,0.848868,0.785441,0.423188,0.768975,0.813568,0.64765,0.797031,0.762961,0.832622,0.542204,0.725968,0.852557,0.352816,0.798719,0.82386,0.706351,0.399113,0.446189,0.214275,0.455238,0.663259,0.733214,0.478025,0.43434,0.0258575,0.765609,1,0.720835,0.464216,0.642111,0.841873,0.833821,0.794663,0.756356,0.802103,0.723509,0.550336,0.582044,0.637203,0.61329,0.771421,0.776561,0.820414,0.847323,0.639077,0.858666,0.789543,0.223129,0.343476,0.568538,0.766505,0.840428,0.852653,0.570604,0.690724,0.828213,0.613523,0.764784,0.729985,0.693027,0.675144,0.130383,0.508141,0.654066,0.694582,0.474179,0.37949,0.492455,0.576777,0.806022,0.724821,0.510277,0.76021
0.754659,0.698914,0.71724,0.757804,0.742321,0.690085,0.519798,0.548986,0.491358,0.645794,0.689733,0.705193,0.825196,0.769595,0.654444,0.778325,0.80026,0.581336,0.683764,0.773288,0.825158,0.45664,0.837049,0.796913,0.524825,0.444043,0.761608,0.555157,0.19394,0.270574,0.144061,0.281908,0.446002,0.716595,0.344354,0.448643,-0.0475119,0.648651,0.720835,1,0.463168,0.483433,0.746941,0.70974,0.738139,0.677233,0.747291,0.68258,0.50613,0.669677,0.405077,0.513415,0.732006,0.661315,0.742511,0.720853,0.45587,0.652631,0.777157,0.0860973,0.483053,0.363311,0.736892,0.743756,0.828355,0.585968,0.557115,0.738167,0.638028,0.578064,0.644952,0.635281,0.580538,-0.03014,0.69394,0.502039,0.687454,0.455443,0.107643,0.312332,0.585177,0.661312,0.570793,0.472336,0.750776
0.526203,0.572381,0.540065,0.570641,0.601389,0.636323,0.218743,0.343287,0.525855,0.629,0.536415,0.567668,0.546964,0.583791,0.446524,0.573112,0.602503,0.586398,0.482837,0.481045,0.622371,0.413931,0.545056,0.528717,0.23859,0.385575,0.636256,0.276165,0.63702,0.338636,0.189683,0.323498,0.40298,0.516599,0.38703,0.513555,-0.0717014,0.686059,0.464216,0.463168,1,0.430003,0.580899,0.623307,0.593048,0.552338,0.550665,0.598689,0.184692,0.317561,0.309703,0.577695,0.648704,0.587604,0.672716,0.472182,0.462274,0.560854,0.58484,0.145471,0.590507,0.227043,0.614763,0.644663,0.683272,0.494574,0.184343,0.582321,0.435163,0.581815,0.573724,0.628588,0.289189,-0.220528,0.264847,0.198718,0.472608,0.374639,0.358889,0.378563,0.696949,0.602986,0.598465,0.643043,0.551185
0.732181,0.703155,0.681984,0.694518,0.483368,0.489337,0.269202,0.590576,0.376034,0.503816,0.49727,0.578285,0.679421,0.674464,0.326586,0.680454,0.708094,0.444663,0.62309,0.485572,0.656616,0.475476,0.562881,0.727556,0.413333,0.593793,0.588079,0.650562,0.486592,0.641047,0.290704,0.487378,0.505972,0.554626,0.41869,0.428411,-0.0136671,0.575283,0.642111,0.483433,0.430003,1,0.720028,0.62583,0.740725,0.723761,0.684004,0.589841,0.344376,0.291098,0.623337,0.295637,0.703006,0.585388,0.695345,0.690563,0.659294,0.721574,0.628138,0.256571,0.358314,0.353957,0.623658,0.661426,0.619274,0.454571,0.446543,0.71628,0.525408,0.639352,0.652719,0.664249,0.364703,0.0487468,0.235503,0.520967,0.636893,0.254427,0.0575278,0.584744,0.677174,0.748687,0.742642,0.461177,0.437756
0.943566,0.912568,0.900719,0.858126,0.837335,0.725387,0.386037,0.629874,0.663534,0.678678,0.782511,0.837957,0.929503,0.879299,0.543436,0.868399,0.929133,0.700166,0.810762,0.859913,0.888498,0.59241,0.804854,0.933519,0.545263,0.725286,0.826749,0.688151,0.372838,0.526832,0.127694,0.468634,0.622326,0.791997,0.446437,0.531163,-0.01652,0.787125,0.841873,0.746941,0.580899,0.720028,1,0.910227,0.956273,0.903214,0.931818,0.81088,0.623672,0.594531,0.60298,0.661722,0.899729,0.819764,0.906482,0.89255,0.639676,0.833678,0.900104,0.361427,0.530635,0.585869,0.832438,0.876261,0.887482,0.61739,0.71677,0.948255,0.689273,0.866919,0.836068,0.817154,0.582347,-0.0521406,0.578452,0.65756,0.850253,0.574403,0.237373,0.6294,0.718877,0.86398,0.825659,0.601414,0.699106
0.879622,0.901544,0.834196,0.772753,0.779673,0.756722,0.41795,0.666593,0.685404,0.726854,0.811285,0.805328,0.856447,0.935486,0.477677,0.83264,0.873388,0.816675,0.815484,0.817915,0.891119,0.606485,0.756786,0.863043,0.505889,0.692754,0.872938,0.657463,0.427877,0.506559,0.119738,0.338104,0.63389,0.69785,0.343947,0.542801,-0.116942,0.814116,0.833821,0.70974,0.623307,0.62583,0.910227,1,0.898792,0.878914,0.877568,0.821622,0.579021,0.628072,0.555044,0.730488,0.862317,0.812881,0.896569,0.865121,0.670369,0.818627,0.847117,0.299026,0.432353,0.598197,0.802994,0.889745,0.898877,0.48516,0.685247,0.901382,0.669421,0.830221,0.813978,0.760464,0.637831,-0.151423,0.595113,0.688348,0.788301,0.511001,0.414563,0.523784,0.70842,0.828489,0.828557,0.647642,0.765098
0.947084,0.887245,0.93492,0.874865,0.769702,0.715415,0.380858,0.610924,0.650953,0.685426,0.755484,0.803234,0.913648,0.901423,0.547574,0.896221,0.886306,0.658223,0.792779,0.811936,0.882975,0.600176,0.776862,0.922031,0.549811,0.66182,0.779789,0.709349,0.424595,0.560249,0.0786113,0.443277,0.595371,0.781333,0.443909,0.477301,-0.0842752,0.791353,0.794663,0.738139,0.593048,0.740725,0.956273,0.898792,1,0.884023,0.913498,0.824455,0.57709,0.531356,0.617248,0.653245,0.88578,0.817264,0.894655,0.814418,0.643446,0.82852,0.889023,0.347014,0.533487,0.617671,0.803524,0.865892,0.87048,0.58006,0.728236,0.919776,0.702501,0.831662,0.840116,0.822021,0.570091,-0.159531,0.530742,0.631797,0.83383,0.515084,0.269911,0.549011,0.728583,0.863795,0.799464,0.626373,0.674498
0.91714,0.880432,0.838054,0.814014,0.724029,0.613896,0.452713,0.652032,0.583326,0.59082,0.756726,0.741582,0.854314,0.8806,0.548569,0.831272,0.828997,0.735619,0.779188,0.747952,0.856685,0.544654,0.791776,0.878641,0.541342,0.705141,0.796947,0.55925,0.408463,0.552177,0.107583,0.410026,0.635013,0.698411,0.412006,0.488228,-0.111219,0.749702,0.756356,0.677233,0.552338,0.723761,0.903214,0.878914,0.884023,1,0.883776,0.784214,0.535688,0.565955,0.489712,0.62591,0.857177,0.719005,0.872557,0.806238,0.612624,0.784307,0.849207,0.347069,0.521728,0.472518,0.808225,0.857119,0.828763,0.547797,0.648968,0.913626,0.728997,0.838546,0.802888,0.762504,0.565303,0.0102153,0.5745,0.634388,0.766114,0.520767,0.267769,0.5976,0.660041,0.819977,0.851312,0.528542,0.651648
0.925291,0.833694,0.909506,0.840401,0.84478,0.727488,0.406239,0.671707,0.739854,0.683437,0.796438,0.773724,0.85427,0.89078,0.566937,0.84166,0.882019,0.702295,0.790874,0.830518,0.863681,0.634024,0.791509,0.92701,0.605447,0.660057,0.827073,0.732225,0.356984,0.488031,0.115729,0.440391,0.537378,0.728866,0.388021,0.570828,0.00628013,0.722671,0.802103,0.747291,0.550665,0.684004,0.931818,0.877568,0.913498,0.883776,1,0.765019,0.635261,0.631272,0.576451,0.61201,0.877889,0.76524,0.902942,0.867686,0.627548,0.816207,0.889771,0.371825,0.529077,0.529503,0.814216,0.814965,0.862653,0.589156,0.720761,0.915867,0.663285,0.794312,0.868358,0.712363,0.523632,-0.0291916,0.569443,0.647279,0.792069,0.476892,0.270226,0.55534,0.664253,0.836514,0.77667,0.561279,0.743131
0.804532,0.774382,0.813797,0.670647,0.71395,0.606745,0.380213,0.519844,0.627768,0.61411,0.759386,0.791577,0.767382,0.789288,0.581044,0.818494,0.781009,0.562763,0.67387,0.690226,0.802512,0.698607,0.762768,0.775272,0.420991,0.679111,0.761375,0.597319,0.374916,0.558557,0.257506,0.311099,0.417236,0.740141,0.457309,0.309224,-0.190232,0.746782,0.723509,0.68258,0.598689,0.589841,0.81088,0.821622,0.824455,0.784214,0.765019,1,0.414649,0.571825,0.442001,0.644322,0.811517,0.740223,0.798476,0.69389,0.726793,0.752411,0.763801,0.314205,0.467045,0.538677,0.682822,0.821784,0.817009,0.534037,0.55016,0.865572,0.690701,0.733514,0.770923,0.675768,0.653611,-0.0453025,0.473644,0.651625,0.711534,0.549102,0.301833,0.474546,0.648151,0.719578,0.71573,0.632258,0.600556
0.619583,0.547478,0.550764,0.554033,0.614061,0.411165,0.503074,0.514654,0.298962,0.359747,0.576776,0.491596,0.5702,0.567856,0.295403,0.582528,0.577825,0.422691,0.642986,0.636592,0.531915,0.419025,0.47223,0.651021,0.360703,0.330835,0.513843,0.471058,0.120824,0.142004,-0.233289,0.256344,0.489762,0.547965,0.280568,0.322034,0.0443641,0.332303,0.550336,0.50613,0.184692,0.344376,0.623672,0.579021,0.57709,0.535688,0.635261,0.414649,1,0.526261,0.462801,0.416501,0.550775,0.42528,0.588971,0.584411,0.384333,0.439945,0.606536,0.37688,0.277873,0.493202,0.614125,0.517278,0.557811,0.343219,0.591867,0.627024,0.324029,0.435752,0.462287,0.485193,0.360066,-0.014161,0.569647,0.509409,0.642044,0.256098,0.234035,0.345219,0.278618,0.601489,0.488576,0.310262,0.446383
0.595029,0.583357,0.52475,0.590285,0.615386,0.600202,0.473323,0.471744,0.453979,0.486801,0.640401,0.591025,0.619226,0.628895,0.432605,0.50817,0.583516,0.49484,0.617607,0.718644,0.670641,0.528127,0.59849,0.656746,0.482507,0.451874,0.638974,0.534908,0.0735129,0.267438,0.0716943,0.119197,0.21872,0.571198,0.21885,0.666405,-0.00809157,0.466551,0.582044,0.669677,0.317561,0.291098,0.594531,0.628072,0.531356,0.565955,0.631272,0.571825,0.526261,1,0.389233,0.328888,0.626481,0.489021,0.627826,0.56668,0.440973,0.466868,0.584662,0.324967,0.49206,0.289774,0.640302,0.667095,0.686389,0.33222,0.410123,0.646081,0.501599,0.507717,0.607348,0.547843,0.561249,0.14428,0.536277,0.511909,0.484657,0.310395,0.232759,0.440141,0.430898,0.551969,0.501279,0.519824,0.636932
0.561319,0.534578,0.508317,0.522274,0.389564,0.363935,0.243306,0.683391,0.212254,0.548981,0.349782,0.499619,0.519141,0.508098,0.0425751,0.428229,0.542996,0.318732,0.582759,0.423815,0.49865,0.236694,0.315034,0.592367,0.155453,0.475107,0.528399,0.702152,0.534974,0.572439,0.158227,0.231514,0.257845,0.423766,0.211214,0.40346,0.112756,0.447212,0.637203,0.405077,0.309703,0.623337,0.60298,0.555044,0.617248,0.489712,0.576451,0.442001,0.462801,0.389233,1,0.176375,0.505579,0.557639,0.53688,0.529708,0.657745,0.585972,0.503875,0.0792939,0.252627,0.554118,0.546029,0.597862,0.531129,0.152599,0.603881,0.571546,0.36073,0.483051,0.483886,0.487023,0.534049,0.133216,0.240034,0.419322,0.462614,0.122901,0.339221,0.359442,0.46209,0.622657,0.597881,0.497912,0.355697
0.600688,0.609791,0.598708,0.482179,0.602206,0.518082,0.270069,0.277684,0.512769,0.577503,0.648908,0.690411,0.686287,0.658901,0.335393,0.669774,0.669862,0.619042,0.645608,0.646727,0.66078,0.380518,0.542478,0.566476,0.27071,0.533483,0.6158,0.202701,0.302781,0.286021,-0.0493688,0.432885,0.682279,0.504655,0.247638,0.260268,-0.245556,0.707995,0.61329,0.513415,0.577695,0.295637,0.661722,0.730488,0.653245,0.62591,0.61201,0.644322,0.416501,0.328888,0.176375,1,0.618749,0.685138,0.687464,0.566202,0.323749,0.566806,0.573688,0.394563,0.32514,0.43949,0.480499,0.585472,0.754265,0.563553,0.411285,0.660502,0.378735,0.616446,0.464975,0.587649,0.495203,-0.242605,0.475253,0.443048,0.682419,0.682095,0.418642,0.203784,0.417548,0.609877,0.504243,0.442825,0.572897
