1,0.890275,0.836582,0.672861,0.558842,0.611072,0.374593,0.425149,0.382165,0.549468,0.667697,0.676529,0.797894,0.755266,0.592706,0.751974,0.832702,0.512778,0.271757,0.714742,0.677825,0.363514,0.729214,0.720714,0.301668,0.390815,0.648227,0.548517,0.175549,0.231423,0.150728,0.206386,0.49508,0.191299,0.126515,0.42433,0.154505,0.578519,0.62941,0.798905,0.314193,0.55214,0.798051,0.765336,0.812871,0.651926,0.573523,0.515396,0.643118,0.32537,0.574484,0.51785,0.71235,0.655912,0.764669,0.834502,0.514882,0.715658,0.777235,0.649082,0.0202696,0.658076,0.12608,0.757635,0.617705,0.522143,0.623136,0.72796,0.469055,0.441268,0.591169,0.366361,-0.0960069,0.1426,0.454536,0.355247,0.374443,0.340767,0.300524,0.38694,0.474008,0.667851,0.623953,0.661355,0.271408
0.890275,1,0.694199,0.508399,0.477282,0.571852,0.463453,0.359542,0.349245,0.458555,0.584627,0.650637,0.852531,0.798509,0.542131,0.778784,0.883144,0.457469,0.0950198,0.562437,0.527708,0.351343,0.659758,0.620849,0.117779,0.280335,0.547432,0.504623,0.00493482,0.161337,0.0450191,0.0892287,0.398963,0.0495809,0.116679,0.412034,-0.080309,0.56838,0.533617,0.689572,0.262558,0.4942,0.832684,0.890287,0.651799,0.600834,0.497337,0.429837,0.657429,0.415206,0.449976,0.429156,0.612071,0.633283,0.786724,0.873615,0.369481,0.760804,0.761087,0.563163,0.093364,0.473915,-0.0160113,0.6263,0.473069,0.430909,0.462296,0.568466,0.345527,0.488377,0.456781,0.381131,-0.267627,0.241861,0.294184,0.229866,0.276603,0.370229,0.249261,0.363283,0.350774,0.564936,0.612045,0.509336,0.230149
0.836582,0.694199,1,0.827428,0.707978,0.711609,0.461718,0.525918,0.562659,0.740068,0.815176,0.724532,0.662819,0.673582,0.761494,0.517424,0.668748,0.693896,0.530196,0.88996,0.829781,0.493096,0.826109,0.898199,0.5087,0.604823,0.75663,0.608585,0.410985,0.48049,0.243459,0.371319,0.611712,0.345939,0.272794,0.310303,0.208956,0.546042,0.721078,0.831367,0.20637,0.66713,0.792137,0.522271,0.930306,0.753158,0.725436,0.669225,0.669508,0.380536,0.523475,0.663771,0.85321,0.755652,0.664636,0.711601,0.592377,0.611452,0.791904,0.562654,0.0391342,0.666372,0.483319,0.888745,0.852859,0.627893,0.699165,0.915111,0.499121,0.539201,0.793971,0.46816,0.192803,0.134036,0.630828,0.633238,0.471744,0.340446,0.370312,0.440417,0.593511,0.836879,0.614923,0.702823,0.483173
0.672861,0.508399,0.827428,1,0.511368,0.612072,0.32343,0.471525,0.42338,0.681922,0.764256,0.675849,0.608911,0.501253,0.723427,0.422584,0.581494,0.582593,0.542135,0.667038,0.722721,0.575916,0.624789,0.773789,0.453701,0.519026,0.606664,0.625852,0.54907,0.568178,0.457741,0.495605,0.52293,0.478565,0.447824,0.0785657,0.222654,0.440532,0.720748,0.714977,0.157158,0.561442,0.715275,0.422744,0.816264,0.686929,0.617665,0.573399,0.558881,0.337636,0.486482,0.629178,0.779706,0.670766,0.590265,0.611924,0.609546,0.643997,0.768611,0.545341,-0.123625,0.556859,0.525263,0.812432,0.741054,0.563518,0.595479,0.822358,0.485766,0.544749,0.732585,0.355945,0.311235,-0.0589338,0.489898,0.576636,0.526263,0.201684,0.441681,0.447371,0.461094,0.776102,0.578168,0.616667,0.391595
0.558842,0.477282,0.707978,0.511368,1,0.668655,0.518226,0.574219,0.329766,0.603635,0.554253,0.544521,0.435544,0.49054,0.41085,0.224085,0.431074,0.521811,0.30528,0.660679,0.560778,0.176759,0.708895,0.762318,0.578893,0.491284,0.66894,0.444154,0.208521,0.238597,0.140295,0.308312,0.402468,0.340776,0.288221,0.34082,0.198668,0.601498,0.742541,0.659972,0.433719,0.652473,0.562521,0.279615,0.770518,0.778002,0.61486,0.614202,0.586032,0.462836,0.494463,0.552202,0.622048,0.602237,0.425687,0.478221,0.331894,0.226932,0.58032,0.485842,-0.00235293,0.603232,0.222194,0.683275,0.625509,0.467759,0.690171,0.732937,0.442136,0.570882,0.67446,0.434465,0.160117,0.0682113,0.489635,0.560185,0.508482,0.207393,0.231749,0.31047,0.413806,0.716563,0.49624,0.33671,0.444983
0.611072,0.571852,0.711609,0.612072,0.668655,1,0.533101,0.461158,0.338914,0.633442,0.625301,0.725963,0.69334,0.47921,0.419465,0.447368,0.557109,0.458248,0.249692,0.571566,0.51048,0.175521,0.643252,0.662211,0.556082,0.599487,0.549524,0.357405,0.291207,0.549059,0.186146,0.385894,0.453575,0.21643,0.243403,0.278692,0.292134,0.404043,0.589035,0.621344,0.214784,0.524414,0.617141,0.528126,0.704555,0.777832,0.561463,0.665731,0.515441,0.527686,0.351524,0.641642,0.755463,0.618083,0.664364,0.575085,0.360072,0.504863,0.657898,0.428936,0.081461,0.537301,0.353794,0.634333,0.608704,0.565775,0.512388,0.682561,0.50665,0.298099,0.502627,0.257913,0.141091,0.120533,0.468831,0.655663,0.478797,0.265999,0.250324,0.404905,0.448136,0.597513,0.485702,0.416417,0.390209
0.374593,0.463453,0.461718,0.32343,0.518226,0.533101,1,0.670928,0.203619,0.483782,0.380425,0.522096,0.459006,0.537298,0.390346,0.160194,0.423021,0.344835,0.257811,0.462296,0.531906,0.178956,0.534114,0.565552,0.232209,0.354608,0.534871,0.285063,0.118431,0.13151,0.155632,0.37829,0.443153,0.264009,0.359281,0.190079,0.204715,0.427897,0.577142,0.462906,0.25318,0.604279,0.484997,0.358625,0.543339,0.635288,0.60253,0.513007,0.635602,0.581051,0.261434,0.434433,0.500585,0.617607,0.50054,0.401633,0.264704,0.334402,0.502263,0.491109,0.0475974,0.476175,0.155393,0.550946,0.460557,0.307654,0.568899,0.56571,0.425532,0.463393,0.503909,0.496374,0.0569567,0.38092,0.408826,0.504736,0.405977,0.257375,0.292467,0.276341,0.371338,0.554176,0.41681,0.190973,0.411577
0.425149,0.359542,0.525918,0.471525,0.574219,0.461158,0.670928,1,0.172745,0.38523,0.362218,0.373644,0.339759,0.44753,0.472147,0.0636739,0.34364,0.292072,0.525187,0.473516,0.515831,0.363879,0.506014,0.595188,0.37736,0.437742,0.5411,0.51151,0.332994,0.197464,0.160046,0.370732,0.404662,0.333942,0.418503,0.288128,0.437082,0.290561,0.678709,0.507046,0.441327,0.623322,0.476788,0.249746,0.618095,0.588329,0.692132,0.487925,0.557316,0.391999,0.386304,0.405953,0.495712,0.444946,0.321733,0.364373,0.406015,0.344177,0.463151,0.543636,0.177252,0.51865,0.316404,0.527907,0.51562,0.491986,0.647156,0.601456,0.304098,0.436643,0.577364,0.427155,0.278326,0.239497,0.479781,0.467426,0.403407,0.30923,0.364578,0.241632,0.30178,0.631596,0.499219,0.257567,0.33944
0.382165,0.349245,0.562659,0.42338,0.329766,0.338914,0.203619,0.172745,1,0.428217,0.518234,0.395413,0.313069,0.253928,0.557314,0.225506,0.395288,0.710873,0.278637,0.519714,0.377216,0.31941,0.502296,0.552807,0.285374,0.286917,0.396967,0.395083,0.147225,0.327691,-0.00177041,0.0974978,0.312724,0.231646,0.141968,0.00833379,-0.0355183,0.397116,0.279428,0.424096,0.042077,0.214964,0.491855,0.129717,0.453058,0.376816,0.328631,0.239197,0.304082,0.37099,0.0626523,0.478991,0.520995,0.511025,0.357064,0.274704,0.177354,0.288798,0.395293,0.240335,0.0821936,0.139831,0.352072,0.392609,0.461701,0.446743,0.250057,0.446359,0.053071,0.208215,0.420446,0.067067,0.242684,0.284404,0.402187,0.244145,0.247573,0.264234,0.216521,0.332428,0.288359,0.474108,0.270293,0.38084,0.249163
0.549468,0.458555,0.740068,0.681922,0.603635,0.633442,0.483782,0.38523,0.428217,1,0.865232,0.6498,0.541566,0.500386,0.640119,0.270855,0.522283,0.574305,0.477925,0.712959,0.670849,0.529207,0.674233,0.797743,0.4686,0.548657,0.646097,0.362094,0.37832,0.464924,0.402392,0.498799,0.417038,0.410186,0.208681,0.0228659,0.164587,0.533337,0.695268,0.606965,0.199018,0.585233,0.567441,0.295394,0.690085,0.666489,0.700842,0.631289,0.657821,0.511114,0.410019,0.757058,0.799492,0.689611,0.553154,0.460874,0.549483,0.447929,0.545907,0.562312,-0.0329642,0.618586,0.50148,0.769028,0.742394,0.565789,0.685477,0.796384,0.488525,0.477129,0.733488,0.235642,0.170187,0.162806,0.620642,0.625672,0.439118,0.213161,0.327085,0.419541,0.497976,0.779614,0.530085,0.435019,0.507548
0.667697,0.584627,0.815176,0.764256,0.554253,0.625301,0.380425,0.362218,0.518234,0.865232,1,0.702428,0.705228,0.635594,0.75507,0.429455,0.662424,0.705257,0.495246,0.752994,0.738937,0.622612,0.681387,0.801029,0.386451,0.522031,0.617059,0.501404,0.33673,0.37359,0.376014,0.373477,0.460429,0.468829,0.193073,0.111968,0.0911556,0.591957,0.686554,0.779524,0.207226,0.5145,0.691633,0.445473,0.698797,0.598866,0.658937,0.586834,0.680126,0.471889,0.412808,0.710925,0.812988,0.672348,0.640991,0.651038,0.616246,0.609864,0.66077,0.543871,0.0962768,0.531778,0.490977,0.780348,0.785318,0.513834,0.614682,0.797897,0.525387,0.489173,0.658057,0.290311,0.186649,0.12708,0.606377,0.603959,0.367237,0.374258,0.21217,0.410007,0.478823,0.816878,0.631063,0.51661,0.454212
0.676529,0.650637,0.724532,0.675849,0.544521,0.725963,0.522096,0.373644,0.395413,0.6498,0.702428,1,0.747186,0.554472,0.478554,0.580648,0.619425,0.542866,0.205863,0.666781,0.617534,0.326379,0.620775,0.652105,0.275827,0.343785,0.482302,0.399998,0.283157,0.472421,0.235012,0.474123,0.612968,0.356574,0.268681,0.202421,0.130372,0.515235,0.613048,0.665988,-0.00485897,0.451052,0.681094,0.567372,0.706096,0.721373,0.539819,0.540725,0.539694,0.425212,0.246175,0.585054,0.698694,0.750915,0.748237,0.680529,0.396449,0.64316,0.776316,0.678212,-0.0269465,0.457802,0.3535,0.726431,0.656935,0.509834,0.486654,0.637809,0.523676,0.453998,0.531966,0.403027,0.062172,0.102449,0.444857,0.539908,0.495598,0.21694,0.353331,0.348143,0.421876,0.603064,0.648912,0.470809,0.396195
0.797894,0.852531,0.662819,0.608911,0.435544,0.69334,0.459006,0.339759,0.313069,0.541566,0.705228,0.747186,1,0.749408,0.548557,0.764555,0.892253,0.502689,0.100263,0.495508,0.503283,0.389177,0.535142,0.556986,0.123437,0.32906,0.438199,0.396486,0.0439455,0.21232,0.162337,0.233937,0.416156,0.242155,0.125219,0.235291,-0.0193302,0.616808,0.534441,0.686315,0.25818,0.40484,0.796739,0.848032,0.605042,0.646906,0.474911,0.4472,0.670884,0.51915,0.395365,0.514052,0.710797,0.651395,0.8883,0.799017,0.48116,0.839749,0.778705,0.560188,0.169374,0.496017,0.0910692,0.591004,0.458733,0.459992,0.404448,0.564314,0.4755,0.444779,0.350121,0.252677,-0.136534,0.149997,0.298291,0.315472,0.323907,0.266976,0.230343,0.39003,0.33466,0.531199,0.643232,0.441209,0.135244
0.755266,0.798509,0.673582,0.501253,0.49054,0.47921,0.537298,0.44753,0.253928,0.500386,0.635594,0.554472,0.749408,1,0.543831,0.629147,0.751432,0.558056,0.260951,0.609288,0.65166,0.403022,0.548656,0.621214,0.12482,0.39196,0.554655,0.570302,0.0796223,0.00859109,0.0171297,0.201269,0.430034,0.176956,0.188824,0.321203,-0.053964,0.653792,0.580706,0.735593,0.385204,0.489073,0.72851,0.766114,0.658266,0.546944,0.534769,0.464006,0.697265,0.348197,0.52716,0.308604,0.628339,0.570691,0.683662,0.817552,0.550727,0.673507,0.702505,0.45314,0.19884,0.572723,0.0636907,0.592793,0.578858,0.320354,0.533557,0.67031,0.321636,0.535474,0.447859,0.505667,-0.0886124,0.0297419,0.387745,0.346806,0.142932,0.30675,0.255014,0.396648,0.420112,0.585081,0.500476,0.38824,0.27434
0.592706,0.542131,0.761494,0.723427,0.41085,0.419465,0.390346,0.472147,0.557314,0.640119,0.75507,0.478554,0.548557,0.543831,1,0.345005,0.57239,0.68132,0.612889,0.675722,0.673982,0.641112,0.617908,0.746171,0.277894,0.376008,0.615478,0.570719,0.365157,0.375621,0.335191,0.383805,0.488345,0.500283,0.305809,0.0887018,0.0959381,0.398375,0.656014,0.68683,0.172875,0.525262,0.662344,0.35278,0.643721,0.533096,0.746959,0.580445,0.629114,0.392096,0.50344,0.544956,0.752469,0.603588,0.449419,0.552387,0.575952,0.602468,0.596384,0.423209,0.11628,0.458303,0.482477,0.729003,0.715141,0.450754,0.551995,0.756781,0.404583,0.541067,0.729968,0.372992,0.253021,0.132004,0.56026,0.41501,0.43428,0.353004,0.373264,0.480267,0.453654,0.7631,0.639449,0.535209,0.341549
0.751974,0.778784,0.517424,0.422584,0.224085,0.447368,0.160194,0.0636739,0.225506,0.270855,0.429455,0.580648,0.764555,0.629147,0.345005,1,0.710866,0.369265,-0.0957955,0.347422,0.298595,0.0886374,0.33928,0.294621,-0.0517979,0.0475996,0.101074,0.223462,-0.0912023,0.13366,-0.165056,0.107612,0.251078,-0.00921379,-0.0519455,0.212081,-0.167558,0.320676,0.253061,0.473032,0.0446737,0.251538,0.615864,0.811901,0.463478,0.362206,0.276463,0.166743,0.309193,0.257607,0.25258,0.301464,0.4852,0.388325,0.675776,0.769669,0.160836,0.811536,0.600858,0.388765,0.0537185,0.22865,-0.093446,0.360186,0.239318,0.284826,0.090606,0.3423,0.223368,0.327594,0.169609,0.138349,-0.432573,0.00515433,0.101074,0.0538487,0.187972,0.184296,0.268248,0.204205,0.106559,0.240693,0.420083,0.418456,0.0488573
0.832702,0.883144,0.668748,0.581494,0.431074,0.557109,0.423021,0.34364,0.395288,0.522283,0.662424,0.619425,0.892253,0.751432,0.57239,0.710866,1,0.524081,0.189658,0.52298,0.520764,0.445866,0.563716,0.615326,0.0978466,0.306031,0.53119,0.496201,0.109967,0.115674,0.0913469,0.105981,0.383313,0.162835,0.0862507,0.319516,-0.0952073,0.644,0.502586,0.702733,0.333598,0.415496,0.838314,0.824052,0.619595,0.578324,0.416874,0.374925,0.746116,0.418905,0.418275,0.511027,0.696805,0.651799,0.830566,0.756567,0.494006,0.798989,0.750586,0.560581,0.15875,0.53096,0.0939041,0.576996,0.472447,0.452303,0.476278,0.574804,0.340694,0.44338,0.447675,0.27128,-0.139119,0.249618,0.34478,0.205821,0.290352,0.36944,0.281523,0.506192,0.333256,0.578292,0.613572,0.457199,0.152826
0.512778,0.457469,0.693896,0.582593,0.521811,0.458248,0.344835,0.292072,0.710873,0.574305,0.705257,0.542866,0.502689,0.558056,0.68132,0.369265,0.524081,1,0.543406,0.633955,0.582559,0.441628,0.494206,0.662832,0.26886,0.385275,0.479251,0.544046,0.350146,0.229562,0.0704385,0.410695,0.529176,0.472758,0.315699,0.063572,-0.0695413,0.531137,0.565584,0.666932,0.205701,0.274595,0.665722,0.297274,0.666221,0.524158,0.504365,0.488591,0.56085,0.327846,0.336724,0.551713,0.748245,0.630182,0.537804,0.488045,0.465899,0.503104,0.636456,0.329305,0.0892881,0.407402,0.466753,0.574982,0.715722,0.461112,0.424516,0.685412,0.154248,0.36534,0.539898,0.28812,0.354359,0.0654256,0.599749,0.458152,0.359135,0.288922,0.38695,0.48184,0.345331,0.683228,0.40848,0.34005,0.385722
0.271757,0.0950198,0.530196,0.542135,0.30528,0.249692,0.257811,0.525187,0.278637,0.477925,0.495246,0.205863,0.100263,0.260951,0.612889,-0.0957955,0.189658,0.543406,1,0.536335,0.61641,0.583523,0.370403,0.541744,0.251743,0.460523,0.526264,0.514509,0.678554,0.405341,0.312692,0.531985,0.405737,0.408796,0.38628,0.181078,0.378836,0.132427,0.573018,0.4666,0.0968559,0.342205,0.353104,-0.0746384,0.519384,0.311723,0.539885,0.534556,0.451462,0.121992,0.370506,0.392329,0.569717,0.35762,0.128683,0.164991,0.584686,0.237124,0.29939,0.259572,0.0281825,0.488923,0.738999,0.530697,0.776225,0.467236,0.605267,0.650218,0.197483,0.151614,0.646415,0.320819,0.600962,0.168223,0.763344,0.595935,0.434108,0.395751,0.431838,0.479891,0.38344,0.673757,0.341812,0.275282,0.579856
0.714742,0.562437,0.88996,0.667038,0.660679,0.571566,0.462296,0.473516,0.519714,0.712959,0.752994,0.666781,0.495508,0.609288,0.675722,0.347422,0.52298,0.633955,0.536335,1,0.84457,0.499549,0.804869,0.875325,0.554679,0.56286,0.747874,0.594881,0.337204,0.426037,0.181533,0.34711,0.652039,0.404346,0.255188,0.362304,0.2483,0.567739,0.703203,0.782677,0.15829,0.664337,0.636001,0.374107,0.819834,0.649874,0.638573,0.645543,0.617918,0.303913,0.393875,0.519439,0.720019,0.692459,0.519477,0.575898,0.52842,0.404461,0.689027,0.475442,-0.0564848,0.62977,0.493603,0.839798,0.862532,0.575996,0.763844,0.850526,0.526777,0.483306,0.749286,0.455809,0.217087,0.248732,0.681176,0.61719,0.417886,0.392441,0.289124,0.507684,0.682105,0.808644,0.543786,0.58672,0.568051
0.677825,0.527708,0.829781,0.722721,0.560778,0.51048,0.531906,0.515831,0.377216,0.670849,0.738937,0.617534,0.503283,0.65166,0.673982,0.298595,0.520764,0.582559,0.61641,0.84457,1,0.520643,0.726957,0.821166,0.415941,0.583748,0.766272,0.570239,0.453209,0.392991,0.346886,0.50375,0.686377,0.386094,0.372529,0.286027,0.304522,0.507738,0.73821,0.82843,0.105869,0.638175,0.566469,0.342926,0.798183,0.568742,0.681273,0.679021,0.590918,0.364189,0.507343,0.505533,0.693442,0.732296,0.529842,0.622161,0.663108,0.453683,0.64451,0.457534,-0.104181,0.669086,0.456241,0.859726,0.864121,0.449869,0.786747,0.856808,0.58163,0.464451,0.743237,0.555113,0.288367,0.137175,0.675486,0.692272,0.472214,0.357706,0.292262,0.450271,0.662186,0.846713,0.554846,0.573155,0.53743
0.363514,0.351343,0.493096,0.575916,0.176759,0.175521,0.178956,0.363879,0.31941,0.529207,0.622612,0.326379,0.389177,0.403022,0.641112,0.0886374,0.445866,0.441628,0.583523,0.499549,0.520643,1,0.338765,0.559301,0.0690912,0.442572,0.458183,0.551523,0.466748,0.282898,0.390843,0.255204,0.347458,0.431533,0.362272,0.180552,-0.0376374,0.389938,0.538712,0.469661,0.106405,0.287649,0.562514,0.267792,0.441473,0.35018,0.42168,0.466018,0.639178,0.151177,0.377207,0.376697,0.51163,0.390378,0.378248,0.288507,0.68249,0.449431,0.520166,0.265738,0.0542462,0.397126,0.559559,0.47889,0.587176,0.490365,0.464564,0.543447,0.245249,0.340719,0.493066,0.297102,0.352825,0.180644,0.375935,0.286841,0.227121,0.4196,0.312453,0.457662,0.248435,0.638231,0.521454,0.201074,0.360469
0.729214,0.659758,0.826109,0.624789,0.708895,0.643252,0.534114,0.506014,0.502296,0.674233,0.681387,0.620775,0.535142,0.548656,0.617908,0.33928,0.563716,0.494206,0.370403,0.804869,0.726957,0.338765,1,0.838016,0.576837,0.475015,0.770829,0.559777,0.174849,0.346618,0.259666,0.251529,0.469194,0.248036,0.22648,0.259909,0.282958,0.539865,0.706074,0.697562,0.26387,0.758409,0.636784,0.414993,0.773987,0.740968,0.670041,0.5736,0.581029,0.54948,0.397449,0.574094,0.690457,0.653909,0.537269,0.626178,0.398977,0.378313,0.621984,0.562692,-0.0263738,0.572846,0.261627,0.838155,0.723131,0.547592,0.724372,0.786361,0.460086,0.528176,0.781486,0.369714,0.0620738,0.318919,0.600055,0.624387,0.405458,0.3238,0.133078,0.330875,0.679629,0.820204,0.474026,0.649866,0.554067
0.720714,0.620849,0.898199,0.773789,0.762318,0.662211,0.565552,0.595188,0.552807,0.797743,0.801029,0.652105,0.556986,0.621214,0.746171,0.294621,0.615326,0.662832,0.541744,0.875325,0.821166,0.559301,0.838016,1,0.625943,0.640155,0.87538,0.682366,0.438339,0.438242,0.345529,0.402113,0.597675,0.435084,0.378387,0.275024,0.230346,0.596465,0.835873,0.811602,0.324315,0.727649,0.719237,0.393016,0.886958,0.766308,0.730537,0.696236,0.721769,0.433366,0.560128,0.675522,0.799784,0.760284,0.578181,0.612417,0.561166,0.449579,0.750191,0.567622,-0.105311,0.696574,0.493351,0.881687,0.836121,0.611248,0.804858,0.918089,0.487378,0.585557,0.824039,0.450324,0.246976,0.17863,0.659181,0.610594,0.490089,0.351917,0.317108,0.502931,0.604202,0.912231,0.6235,0.602824,0.541685
0.301668,0.117779,0.5087,0.453701,0.578893,0.556082,0.232209,0.37736,0.285374,0.4686,0.386451,0.275827,0.123437,0.12482,0.277894,-0.0517979,0.0978466,0.26886,0.251743,0.554679,0.415941,0.0690912,0.576837,0.625943,1,0.487448,0.529712,0.355418,0.18065,0.386449,0.189902,0.238883,0.347627,0.27002,0.196421,0.0818108,0.487238,0.213288,0.50985,0.400226,0.320673,0.469658,0.204106,0.00133169,0.556604,0.496119,0.343646,0.347313,0.178864,0.27978,0.225204,0.407125,0.381611,0.371672,0.175524,0.18052,0.160388,-0.0581904,0.344607,0.174684,-0.259334,0.336495,0.248119,0.499581,0.465175,0.40506,0.495527,0.540175,0.25561,0.361281,0.453245,0.0559397,0.164677,0.00199207,0.369406,0.513767,0.256344,0.00762997,0.00376291,0.202464,0.603867,0.515462,0.136725,0.490689,0.275083
0.390815,0.280335,0.604823,0.519026,0.491284,0.599487,0.354608,0.437742,0.286917,0.548657,0.522031,0.343785,0.32906,0.39196,0.376008,0.0475996,0.306031,0.385275,0.460523,0.56286,0.583748,0.442572,0.475015,0.640155,0.487448,1,0.618705,0.348786,0.484563,0.37884,0.192067,0.316747,0.521335,0.132379,0.360723,0.397279,0.114571,0.317773,0.484686,0.569719,0.216421,0.53671,0.426202,0.261627,0.576381,0.564137,0.432469,0.59868,0.46579,0.202989,0.412844,0.398612,0.584052,0.446537,0.381313,0.291056,0.481714,0.206702,0.491838,0.219202,0.118626,0.579095,0.488773,0.568476,0.611976,0.529999,0.611748,0.645423,0.448238,0.15428,0.44734,0.247719,0.425138,0.135555,0.405365,0.558911,0.346203,0.301486,0.0931974,0.414598,0.479703,0.557463,0.343324,0.240149,0.384471
0.648227,0.547432,0.75663,0.606664,0.66894,0.549524,0.534871,0.5411,0.396967,0.646097,0.617059,0.482302,0.438199,0.554655,0.615478,0.101074,0.53119,0.479251,0.526264,0.747874,0.766272,0.458183,0.770829,0.87538,0.529712,0.618705,1,0.587128,0.444767,0.360781,0.437439,0.313814,0.525105,0.294724,0.332298,0.356075,0.332133,0.514864,0.712851,0.722494,0.306125,0.633748,0.577398,0.316643,0.740054,0.658144,0.618757,0.680305,0.664403,0.289504,0.639038,0.459441,0.650429,0.661458,0.450638,0.512678,0.600084,0.248746,0.596526,0.534399,-0.00176406,0.764495,0.398399,0.813748,0.747884,0.515767,0.841355,0.810411,0.484831,0.412638,0.763767,0.466944,0.312941,0.137048,0.661751,0.574073,0.448188,0.286246,0.186127,0.493886,0.654311,0.780405,0.567485,0.568061,0.428776
0.548517,0.504623,0.608585,0.625852,0.444154,0.357405,0.285063,0.51151,0.395083,0.362094,0.501404,0.399998,0.396486,0.570302,0.570719,0.223462,0.496201,0.544046,0.514509,0.594881,0.570239,0.551523,0.559777,0.682366,0.355418,0.348786,0.587128,1,0.336334,0.202072,0.120821,0.121878,0.420658,0.335291,0.405294,0.251037,0.115738,0.507166,0.635747,0.648654,0.418789,0.398746,0.625018,0.385087,0.653384,0.515236,0.442942,0.396935,0.53851,0.190187,0.410929,0.281935,0.531426,0.489868,0.373086,0.467631,0.524131,0.393826,0.629197,0.323106,-0.139416,0.45123,0.287829,0.538508,0.617732,0.36822,0.527402,0.615989,0.117523,0.455821,0.529395,0.290822,0.320737,0.0831979,0.417,0.331247,0.190405,0.250104,0.363404,0.431203,0.398379,0.683076,0.317552,0.427647,0.407474
0.175549,0.00493482,0.410985,0.54907,0.208521,0.291207,0.118431,0.332994,0.147225,0.37832,0.33673,0.283157,0.0439455,0.0796223,0.365157,-0.0912023,0.109967,0.350146,0.678554,0.337204,0.453209,0.466748,0.174849,0.438339,0.18065,0.484563,0.444767,0.336334,1,0.575112,0.353975,0.517431,0.466502,0.401757,0.590107,0.111996,0.287022,0.00321534,0.408482,0.34046,0.00567969,0.207735,0.270374,-0.0933378,0.443633,0.308344,0.353575,0.491158,0.29842,-0.165291,0.33596,0.356624,0.504509,0.370722,0.227053,0.105853,0.474258,0.173475,0.347264,0.291231,0.0178594,0.402135,0.780944,0.432839,0.571026,0.40121,0.413313,0.524295,0.145481,-0.0250793,0.5045,0.378831,0.714123,-0.119168,0.544683,0.392431,0.314717,0.337231,0.377154,0.352148,0.0983027,0.463309,0.35762,0.0982836,0.353169
0.231423,0.161337,0.48049,0.568178,0.238597,0.549059,0.13151,0.197464,0.327691,0.464924,0.37359,0.472421,0.21232,0.00859109,0.375621,0.13366,0.115674,0.229562,0.405341,0.426037,0.392991,0.282898,0.346618,0.438242,0.386449,0.37884,0.360781,0.202072,0.575112,1,0.299805,0.511406,0.292503,0.186101,0.375087,-0.0158282,0.409638,-0.0497665,0.351738,0.223635,-0.348899,0.323703,0.293248,0.0503312,0.404678,0.339661,0.385828,0.483804,0.066526,0.176532,0.186505,0.389462,0.469111,0.399428,0.244156,0.225298,0.262716,0.271787,0.336829,0.197436,-0.101187,0.220849,0.631481,0.477159,0.51812,0.465992,0.298103,0.460369,0.259135,0.0830426,0.460654,0.221805,0.299482,0.00213644,0.465806,0.509839,0.510273,0.197225,0.410103,0.374313,0.25751,0.383999,0.35881,0.379525,0.417714
0.150728,0.0450191,0.243459,0.457741,0.140295,0.186146,0.155632,0.160046,-0.00177041,0.402392,0.376014,0.235012,0.162337,0.0171297,0.335191,-0.165056,0.0913469,0.0704385,0.312692,0.181533,0.346886,0.390843,0.259666,0.345529,0.189902,0.192067,0.437439,0.120821,0.353975,0.299805,1,0.381396,0.170345,0.408104,0.274647,-0.141492,0.28443,0.0875521,0.413767,0.235475,-0.0550571,0.21041,0.0719716,-0.0782071,0.241688,0.207761,0.347976,0.454233,0.209162,0.135977,0.35083,0.360248,0.301595,0.197746,0.123024,0.176267,0.422437,0.094611,0.192257,0.302763,-0.233463,0.321111,0.437537,0.437345,0.326176,0.220503,0.326384,0.376587,0.453301,0.035584,0.406787,0.126483,0.318027,-0.183588,0.28192,0.38483,0.332967,0.0729193,-0.0702019,0.189257,0.19541,0.42659,0.352407,0.315692,0.13955
0.206386,0.0892287,0.371319,0.495605,0.308312,0.385894,0.37829,0.370732,0.0974978,0.498799,0.373477,0.474123,0.233937,0.201269,0.383805,0.107612,0.105981,0.410695,0.531985,0.34711,0.50375,0.255204,0.251529,0.402113,0.238883,0.316747,0.313814,0.121878,0.517431,0.511406,0.381396,1,0.544949,0.400157,0.401942,-0.128996,0.343868,0.0304816,0.589964,0.300633,-0.169958,0.418918,0.23714,-0.00254322,0.439102,0.402166,0.505337,0.554878,0.208743,0.35934,0.308591,0.366432,0.515101,0.444596,0.284028,0.232768,0.382233,0.323976,0.364832,0.368625,-0.128905,0.394108,0.52636,0.539445,0.552504,0.490002,0.427318,0.532088,0.271697,0.214241,0.437854,0.256935,0.320188,-0.0687939,0.525623,0.518911,0.580374,0.0920241,0.405124,0.371794,0.286147,0.483147,0.375101,0.202023,0.473297
0.49508,0.398963,0.611712,0.52293,0.402468,0.453575,0.443153,0.404662,0.312724,0.417038,0.460429,0.612968,0.416156,0.430034,0.488345,0.251078,0.383313,0.529176,0.405737,0.652039,0.686377,0.347458,0.469194,0.597675,0.347627,0.521335,0.525105,0.420658,0.466502,0.292503,0.170345,0.544949,1,0.392829,0.443673,0.371946,0.108591,0.342714,0.568172,0.66336,0.089577,0.434687,0.468243,0.303891,0.636648,0.59265,0.45211,0.510097,0.444317,0.173621,0.209685,0.289614,0.568189,0.723899,0.543764,0.419805,0.377801,0.347881,0.700307,0.413337,-0.0897461,0.408756,0.428807,0.664383,0.654532,0.498424,0.516132,0.582183,0.412095,0.313921,0.437809,0.341255,0.381031,0.153754,0.395124,0.390819,0.347298,0.321744,0.235863,0.481914,0.553579,0.576759,0.459976,0.308183,0.304031
0.191299,0.0495809,0.345939,0.478565,0.340776,0.21643,0.264009,0.333942,0.231646,0.410186,0.468829,0.356574,0.242155,0.176956,0.500283,-0.00921379,0.162835,0.472758,0.408796,0.404346,0.386094,0.431533,0.248036,0.435084,0.27002,0.132379,0.294724,0.335291,0.401757,0.186101,0.408104,0.400157,0.392829,1,0.586399,-0.0282718,0.213423,0.393649,0.608803,0.423568,0.293468,0.181845,0.265131,-0.0855917,0.41527,0.392089,0.356927,0.301982,0.369822,0.232854,0.176173,0.43628,0.505838,0.370781,0.300474,0.148728,0.308937,0.184429,0.380267,0.366108,-0.106863,0.22353,0.429155,0.367093,0.44877,0.328761,0.339673,0.474779,0.336318,0.334726,0.426365,0.255592,0.408555,-0.0756835,0.454062,0.364624,0.299664,0.313148,0.136724,0.218363,0.228039,0.5127,0.445078,0.0942444,0.162377
0.126515,0.116679,0.272794,0.447824,0.288221,0.243403,0.359281,0.418503,0.141968,0.208681,0.193073,0.268681,0.125219,0.188824,0.305809,-0.0519455,0.0862507,0.315699,0.38628,0.255188,0.372529,0.362272,0.22648,0.378387,0.196421,0.360723,0.332298,0.405294,0.590107,0.375087,0.274647,0.401942,0.443673,0.586399,1,0.161782,0.157797,0.227724,0.560425,0.383138,0.173159,0.24896,0.312488,0.0111172,0.419493,0.430072,0.338317,0.345897,0.273278,0.131031,0.240845,0.242974,0.397394,0.418775,0.302179,0.180858,0.239297,0.153412,0.462948,0.274941,-0.131929,0.163525,0.389849,0.347121,0.376539,0.331776,0.338279,0.414431,0.195703,0.242106,0.374736,0.407399,0.533785,-0.0134992,0.324721,0.35419,0.35129,0.364173,0.228575,0.297296,0.111862,0.451053,0.364327,-0.0950174,0.226688
0.42433,0.412034,0.310303,0.0785657,0.34082,0.278692,0.190079,0.288128,0.00833379,0.0228659,0.111968,0.202421,0.235291,0.321203,0.0887018,0.212081,0.319516,0.063572,0.181078,0.362304,0.286027,0.180552,0.259909,0.275024,0.0818108,0.397279,0.356075,0.251037,0.111996,-0.0158282,-0.141492,-0.128996,0.371946,-0.0282718,0.161782,1,0.011006,0.257784,0.260295,0.445459,0.169849,0.237643,0.315261,0.378538,0.334269,0.311722,0.143353,0.269518,0.395105,-0.0928744,0.224042,-0.00625734,0.158614,0.20832,0.21794,0.325171,0.0780947,0.119752,0.398416,0.216685,0.0329393,0.284333,0.0834445,0.231393,0.311843,0.295406,0.409773,0.235432,0.415642,0.0959154,0.181302,0.307242,0.0521801,0.343375,0.109,0.121352,0.239917,0.52379,0.0310666,0.341271,0.219124,0.220173,0.369818,0.0320343,0.152666
0.154505,-0.080309,0.208956,0.222654,0.198668,0.292134,0.204715,0.437082,-0.0355183,0.164587,0.0911556,0.130372,-0.0193302,-0.053964,0.0959381,-0.167558,-0.0952073,-0.0695413,0.378836,0.2483,0.304522,-0.0376374,0.282958,0.230346,0.487238,0.114571,0.332133,0.115738,0.287022,0.409638,0.28443,0.343868,0.108591,0.213423,0.157797,0.011006,1,-0.122818,0.326689,0.141118,0.0670865,0.243642,-0.0598612,-0.190281,0.257155,0.161594,0.276773,0.26789,-0.00819049,0.142596,0.192319,0.143143,0.166934,0.132192,0.0243363,0.0385285,0.21377,-0.118041,-0.00674403,0.253331,-0.0526773,0.31834,0.223297,0.281843,0.29275,0.243011,0.410415,0.29138,0.21767,-0.0263326,0.298014,0.126721,0.268192,0.0549738,0.520963,0.454689,0.296672,0.0197934,0.091852,0.00859285,0.332686,0.258915,0.168425,0.327476,0.227708
0.578519,0.56838,0.546042,0.440532,0.601498,0.404043,0.427897,0.290561,0.397116,0.533337,0.591957,0.515235,0.616808,0.653792,0.398375,0.320676,0.644,0.531137,0.132427,0.567739,0.507738,0.389938,0.539865,0.596465,0.213288,0.317773,0.514864,0.507166,0.00321534,-0.0497665,0.0875521,0.0304816,0.342714,0.393649,0.227724,0.257784,-0.122818,1,0.581509,0.674219,0.53003,0.329917,0.629331,0.470678,0.576565,0.607125,0.376061,0.37798,0.711343,0.418064,0.3325,0.44901,0.530942,0.635907,0.643714,0.455452,0.443492,0.391486,0.599501,0.474846,-0.0074981,0.521117,0.0348921,0.515477,0.460164,0.242532,0.5899,0.540979,0.376752,0.458534,0.382665,0.315786,0.0860597,0.198085,0.323867,0.271165,0.17813,0.247894,0.150777,0.411945,0.395514,0.567463,0.348648,0.183499,0.20652
0.62941,0.533617,0.721078,0.720748,0.742541,0.589035,0.577142,0.678709,0.279428,0.695268,0.686554,0.613048,0.534441,0.580706,0.656014,0.253061,0.502586,0.565584,0.573018,0.703203,0.73821,0.538712,0.706074,0.835873,0.50985,0.484686,0.712851,0.635747,0.408482,0.351738,0.413767,0.589964,0.568172,0.608803,0.560425,0.260295,0.326689,0.581509,1,0.761416,0.363737,0.672208,0.655235,0.337074,0.818918,0.747144,0.733539,0.672741,0.669129,0.498645,0.578051,0.577064,0.72473,0.675781,0.543646,0.563024,0.549185,0.457737,0.697306,0.608371,-0.175598,0.622559,0.391582,0.812388,0.765602,0.565218,0.780063,0.82585,0.48245,0.615066,0.730419,0.437881,0.269033,0.114151,0.627166,0.634297,0.58308,0.368019,0.358754,0.451851,0.521701,0.887043,0.67134,0.410387,0.555257
0.798905,0.689572,0.831367,0.714977,0.659972,0.621344,0.462906,0.507046,0.424096,0.606965,0.779524,0.665988,0.686315,0.735593,0.68683,0.473032,0.702733,0.666932,0.4666,0.782677,0.82843,0.469661,0.697562,0.811602,0.400226,0.569719,0.722494,0.648654,0.34046,0.223635,0.235475,0.300633,0.66336,0.423568,0.383138,0.445459,0.141118,0.674219,0.761416,1,0.336029,0.545628,0.726462,0.553133,0.810746,0.678528,0.648732,0.639501,0.700366,0.378661,0.53993,0.539669,0.746665,0.745269,0.671432,0.724189,0.592655,0.562085,0.78021,0.550528,0.00964081,0.624063,0.312781,0.797698,0.7572,0.455242,0.719727,0.800648,0.586063,0.486203,0.632492,0.470598,0.250565,0.150623,0.549294,0.550768,0.439766,0.436582,0.190745,0.501576,0.536269,0.802873,0.670994,0.454168,0.386488
0.314193,0.262558,0.20637,0.157158,0.433719,0.214784,0.25318,0.441327,0.042077,0.199018,0.207226,-0.00485897,0.25818,0.385204,0.172875,0.0446737,0.333598,0.205701,0.0968559,0.15829,0.105869,0.106405,0.26387,0.324315,0.320673,0.216421,0.306125,0.418789,0.00567969,-0.348899,-0.0550571,-0.169958,0.089577,0.293468,0.173159,0.169849,0.0670865,0.53003,0.363737,0.336029,1,0.192664,0.257804,0.203053,0.332624,0.410668,0.241357,0.125221,0.467699,0.195877,0.288789,0.301322,0.30948,0.241169,0.305339,0.164461,0.199272,0.0739946,0.23487,0.298244,0.0968364,0.361885,-0.166849,0.137167,0.118497,0.0880082,0.381546,0.305768,0.0583458,0.24762,0.18498,0.0584617,0.117737,0.0176235,0.144807,-0.021045,-0.145649,0.111112,-0.00255745,0.0397079,0.155934,0.323155,0.0487744,-0.0308118,-0.118699
0.55214,0.4942,0.66713,0.561442,0.652473,0.524414,0.604279,0.623322,0.214964,0.585233,0.5145,0.451052,0.40484,0.489073,0.525262,0.251538,0.415496,0.274595,0.342205,0.664337,0.638175,0.287649,0.758409,0.727649,0.469658,0.53671,0.633748,0.398746,0.207735,0.323703,0.21041,0.418918,0.434687,0.181845,0.24896,0.237643,0.243642,0.329917,0.672208,0.545628,0.192664,1,0.520725,0.349029,0.632848,0.659601,0.692393,0.575582,0.499651,0.527144,0.449538,0.416859,0.569338,0.516253,0.36523,0.505336,0.336731,0.35115,0.540156,0.490332,-0.0117343,0.584394,0.22338,0.773912,0.553283,0.506064,0.696947,0.721279,0.541485,0.549856,0.702485,0.386925,0.0100164,0.304399,0.419647,0.505194,0.512621,0.242341,0.200655,0.294282,0.442104,0.692468,0.483119,0.461774,0.589126
0.798051,0.832684,0.792137,0.715275,0.562521,0.617141,0.484997,0.476788,0.491855,0.567441,0.691633,0.681094,0.796739,0.72851,0.662344,0.615864,0.838314,0.665722,0.353104,0.636001,0.566469,0.562514,0.636784,0.719237,0.204106,0.426202,0.577398,0.625018,0.270374,0.293248,0.0719716,0.23714,0.468243,0.265131,0.312488,0.315261,-0.0598612,0.629331,0.655235,0.726462,0.257804,0.520725,1,0.76385,0.775793,0.71831,0.554804,0.485014,0.786343,0.395526,0.452547,0.530168,0.744269,0.709678,0.794964,0.719552,0.527976,0.784411,0.865228,0.5713,0.176785,0.521422,0.250352,0.714403,0.62046,0.568547,0.541156,0.696675,0.279861,0.597134,0.588969,0.409846,0.0361051,0.246896,0.41342,0.394195,0.401808,0.375762,0.455105,0.479439,0.35816,0.693787,0.649273,0.4687,0.362144
0.765336,0.890287,0.522271,0.422744,0.279615,0.528126,0.358625,0.249746,0.129717,0.295394,0.445473,0.567372,0.848032,0.766114,0.35278,0.811901,0.824052,0.297274,-0.0746384,0.374107,0.342926,0.267792,0.414993,0.393016,0.00133169,0.261627,0.316643,0.385087,-0.0933378,0.0503312,-0.0782071,-0.00254322,0.303891,-0.0855917,0.0111172,0.378538,-0.190281,0.470678,0.337074,0.553133,0.203053,0.349029,0.76385,1,0.485088,0.470448,0.324137,0.286488,0.54824,0.26672,0.341132,0.216719,0.466911,0.434729,0.745339,0.805713,0.343255,0.804282,0.703798,0.416516,0.213518,0.361458,-0.118898,0.437449,0.2734,0.307055,0.277918,0.375101,0.263809,0.408763,0.193286,0.244211,-0.346651,0.12799,0.0604481,0.119283,0.123369,0.247745,0.205007,0.341598,0.241076,0.318194,0.47567,0.38388,0.0539217
0.812871,0.651799,0.930306,0.816264,0.770518,0.704555,0.543339,0.618095,0.453058,0.690085,0.698797,0.706096,0.605042,0.658266,0.643721,0.463478,0.619595,0.666221,0.519384,0.819834,0.798183,0.441473,0.773987,0.886958,0.556604,0.576381,0.740054,0.653384,0.443633,0.404678,0.241688,0.439102,0.636648,0.41527,0.419493,0.334269,0.257155,0.576565,0.818918,0.810746,0.332624,0.632848,0.775793,0.485088,1,0.8233,0.701308,0.659443,0.692232,0.366969,0.570561,0.660587,0.8126,0.767749,0.668186,0.653881,0.559282,0.553334,0.827776,0.58999,-0.124719,0.706943,0.418079,0.852741,0.822509,0.611838,0.730098,0.910867,0.446468,0.586542,0.785735,0.502811,0.21944,0.0690743,0.589549,0.625111,0.505157,0.291575,0.470184,0.426839,0.559211,0.849135,0.571675,0.613667,0.475067
0.651926,0.600834,0.753158,0.686929,0.778002,0.777832,0.635288,0.588329,0.376816,0.666489,0.598866,0.721373,0.646906,0.546944,0.533096,0.362206,0.578324,0.524158,0.311723,0.649874,0.568742,0.35018,0.740968,0.766308,0.496119,0.564137,0.658144,0.515236,0.308344,0.339661,0.207761,0.402166,0.59265,0.392089,0.430072,0.311722,0.161594,0.607125,0.747144,0.678528,0.410668,0.659601,0.71831,0.470448,0.8233,1,0.628957,0.630213,0.727241,0.574002,0.436926,0.625621,0.779366,0.755725,0.67272,0.51649,0.402403,0.441485,0.799878,0.618698,-0.031932,0.655118,0.273565,0.749724,0.645178,0.642497,0.652333,0.766361,0.524973,0.591779,0.686495,0.392922,0.216031,0.201354,0.417982,0.539906,0.511656,0.181363,0.342366,0.401558,0.512492,0.724464,0.539601,0.36273,0.445356
0.573523,0.497337,0.725436,0.617665,0.61486,0.561463,0.60253,0.692132,0.328631,0.700842,0.658937,0.539819,0.474911,0.534769,0.746959,0.276463,0.416874,0.504365,0.539885,0.638573,0.681273,0.42168,0.670041,0.730537,0.343646,0.432469,0.618757,0.442942,0.353575,0.385828,0.347976,0.505337,0.45211,0.356927,0.338317,0.143353,0.276773,0.376061,0.733539,0.648732,0.241357,0.692393,0.554804,0.324137,0.701308,0.628957,1,0.744986,0.610238,0.471342,0.585608,0.595046,0.707556,0.593096,0.421494,0.543445,0.553524,0.521725,0.529362,0.570765,0.129591,0.582569,0.438574,0.772148,0.677703,0.405984,0.701633,0.78337,0.494986,0.494206,0.750844,0.473183,0.225441,0.151965,0.556891,0.544813,0.495994,0.32597,0.425702,0.367804,0.325227,0.770021,0.593107,0.398861,0.432766
0.515396,0.429837,0.669225,0.573399,0.614202,0.665731,0.513007,0.487925,0.239197,0.631289,0.586834,0.540725,0.4472,0.464006,0.580445,0.166743,0.374925,0.488591,0.534556,0.645543,0.679021,0.466018,0.5736,0.696236,0.347313,0.59868,0.680305,0.396935,0.491158,0.483804,0.454233,0.554878,0.510097,0.301982,0.345897,0.269518,0.26789,0.37798,0.672741,0.639501,0.125221,0.575582,0.485014,0.286488,0.659443,0.630213,0.744986,1,0.593736,0.345425,0.657281,0.538358,0.673498,0.572915,0.425392,0.449475,0.672713,0.366452,0.559354,0.340288,0.0102529,0.731287,0.545701,0.734843,0.741654,0.436753,0.70394,0.802799,0.607747,0.209879,0.677794,0.548499,0.439487,0.0380064,0.558755,0.608864,0.578526,0.312518,0.367602,0.530345,0.342303,0.73341,0.516855,0.271066,0.550002
0.643118,0.657429,0.669508,0.558881,0.586032,0.515441,0.635602,0.557316,0.304082,0.657821,0.680126,0.539694,0.670884,0.697265,0.629114,0.309193,0.746116,0.56085,0.451462,0.617918,0.590918,0.639178,0.581029,0.721769,0.178864,0.46579,0.664403,0.53851,0.29842,0.066526,0.209162,0.208743,0.444317,0.369822,0.273278,0.395105,-0.00819049,0.711343,0.669129,0.700366,0.467699,0.499651,0.786343,0.54824,0.692232,0.727241,0.610238,0.593736,1,0.383099,0.509717,0.570077,0.705223,0.680966,0.676546,0.516959,0.589723,0.536058,0.713118,0.575991,0.134059,0.690274,0.308642,0.650766,0.626168,0.472202,0.711491,0.720037,0.45308,0.545235,0.635666,0.497355,0.18533,0.350007,0.453191,0.357824,0.316206,0.406349,0.364988,0.503967,0.375432,0.7207,0.611599,0.223169,0.341254
0.32537,0.415206,0.380536,0.337636,0.462836,0.527686,0.581051,0.391999,0.37099,0.511114,0.471889,0.425212,0.51915,0.348197,0.392096,0.257607,0.418905,0.327846,0.121992,0.303913,0.364189,0.151177,0.54948,0.433366,0.27978,0.202989,0.289504,0.190187,-0.165291,0.176532,0.135977,0.35934,0.173621,0.232854,0.131031,-0.0928744,0.142596,0.418064,0.498645,0.378661,0.195877,0.527144,0.395526,0.26672,0.366969,0.574002,0.471342,0.345425,0.383099,1,0.089099,0.565093,0.511603,0.489433,0.446853,0.32778,0.161019,0.364268,0.329333,0.359036,0.00698508,0.258127,-0.0235803,0.415983,0.30528,0.412147,0.350857,0.426482,0.332945,0.442711,0.3719,0.0810898,-0.12222,0.41047,0.306291,0.454668,0.416095,0.115069,0.0611635,0.174306,0.324229,0.510331,0.26674,0.215709,0.424537
0.574484,0.449976,0.523475,0.486482,0.494463,0.351524,0.261434,0.386304,0.0626523,0.410019,0.412808,0.246175,0.395365,0.52716,0.50344,0.25258,0.418275,0.336724,0.370506,0.393875,0.507343,0.377207,0.397449,0.560128,0.225204,0.412844,0.639038,0.410929,0.33596,0.186505,0.35083,0.308591,0.209685,0.176173,0.240845,0.224042,0.192319,0.3325,0.578051,0.53993,0.288789,0.449538,0.452547,0.341132,0.570561,0.436926,0.585608,0.657281,0.509717,0.089099,1,0.268862,0.471887,0.348936,0.281603,0.449351,0.69761,0.341595,0.46604,0.315087,-0.00174915,0.759064,0.168726,0.587952,0.475934,0.215228,0.570563,0.646583,0.403147,0.32025,0.546357,0.463336,0.191497,-0.292077,0.335754,0.256049,0.444911,0.0878452,0.385057,0.350149,0.211882,0.545587,0.516828,0.391406,0.231458
0.51785,0.429156,0.663771,0.629178,0.552202,0.641642,0.434433,0.405953,0.478991,0.757058,0.710925,0.585054,0.514052,0.308604,0.544956,0.301464,0.511027,0.551713,0.392329,0.519439,0.505533,0.376697,0.574094,0.675522,0.407125,0.398612,0.459441,0.281935,0.356624,0.389462,0.360248,0.366432,0.289614,0.43628,0.242974,-0.00625734,0.143143,0.44901,0.577064,0.539669,0.301322,0.416859,0.530168,0.216719,0.660587,0.625621,0.595046,0.538358,0.570077,0.565093,0.268862,1,0.768779,0.617723,0.596989,0.37636,0.351291,0.48064,0.488119,0.553764,-0.0815641,0.462111,0.451989,0.582475,0.572849,0.514838,0.484769,0.683717,0.415957,0.277211,0.620442,0.237468,0.16255,0.210871,0.532151,0.531084,0.463346,0.287156,0.267455,0.207938,0.249407,0.699263,0.429433,0.345691,0.379953
