1,0.672803,0.922251,0.786057,0.825087,0.809616,0.728325,0.840314,0.692187,0.746815,0.827002,0.792493,0.80887,0.81642,0.722596,0.61121,0.798406,0.705807,0.794998,0.795771,0.829647,0.62846,0.867995,0.906128,0.488971,0.792118,0.809766,0.642098,0.267301,0.458326,0.115417,0.643863,0.7209,0.801681,0.619519,0.273097,0.116905,0.659534,0.80813,0.662733,0.581993,0.774288,0.93472,0.863484,0.921779,0.867591,0.817552,0.779733,0.584336,0.738511,0.491571,0.603463,0.649499,0.787044,0.82476,0.899542,0.717374,0.716728,0.800263,0.544501,0.445287,0.596434,0.793872,0.734646,0.849659,0.605189,0.710731,0.89866,0.532867,0.768497,0.873471,0.664163,0.602064,0.465707,0.646986,0.790581,0.745992,0.531322,0.428768,0.433732,0.577103,0.852008,0.812328,0.547531,0.619703
0.672803,1,0.54994,0.550799,0.540431,0.432707,0.351435,0.659432,0.389498,0.580349,0.607582,0.599726,0.587709,0.867222,0.566912,0.895959,0.64804,0.4294,0.343389,0.500762,0.481289,0.335291,0.599437,0.495915,0.280951,0.64837,0.53105,0.278172,0.224778,0.363906,-0.148241,0.430514,0.372843,0.438529,0.551772,-0.0353144,0.072955,0.479336,0.598185,0.599528,0.231653,0.35422,0.532022,0.877736,0.521907,0.522958,0.327206,0.428797,0.297077,0.510637,0.149664,0.48221,0.537195,0.62512,0.621208,0.729671,0.372329,0.822487,0.546188,0.28255,0.139091,0.338403,0.357014,0.533538,0.60145,0.363793,0.355387,0.420818,0.21591,0.455725,0.455265,0.339907,0.280303,0.157349,0.420255,0.428678,0.318275,0.0468189,0.186139,0.137276,0.288155,0.566261,0.469386,0.225468,0.180607
0.922251,0.54994,1,0.830712,0.817443,0.806785,0.818107,0.818891,0.687523,0.809553,0.785789,0.800014,0.860344,0.731738,0.789216,0.573202,0.842394,0.724735,0.808683,0.835975,0.857537,0.620334,0.845903,0.93165,0.596706,0.738958,0.791884,0.610486,0.276272,0.517404,0.19883,0.605885,0.76566,0.82788,0.518825,0.222806,0.127761,0.642933,0.806526,0.64752,0.592351,0.806564,0.905047,0.772395,0.964349,0.872063,0.878373,0.804799,0.688865,0.831142,0.516747,0.658781,0.705302,0.818121,0.843989,0.855268,0.721397,0.71559,0.861272,0.526394,0.391832,0.553624,0.814584,0.789313,0.882719,0.589724,0.742695,0.936043,0.575647,0.769863,0.920248,0.663422,0.63213,0.487875,0.665673,0.832914,0.825621,0.499561,0.441438,0.42792,0.616859,0.826564,0.873633,0.63437,0.726922
0.786057,0.550799,0.830712,1,0.799919,0.732535,0.647173,0.680573,0.574535,0.700206,0.714664,0.789038,0.843104,0.6826,0.679077,0.512404,0.811714,0.512909,0.738528,0.798796,0.762167,0.532681,0.812917,0.832091,0.448671,0.677953,0.717939,0.633531,0.210985,0.421219,0.11283,0.638293,0.565009,0.680953,0.557937,0.253517,0.0115907,0.609196,0.768832,0.552387,0.343065,0.674285,0.801489,0.661225,0.842232,0.795583,0.729549,0.777146,0.473432,0.715504,0.444848,0.6565,0.656766,0.802638,0.828668,0.746081,0.646119,0.665309,0.772602,0.509854,0.313064,0.486446,0.686077,0.787177,0.865413,0.569724,0.755312,0.818652,0.528017,0.747689,0.766003,0.587325,0.573184,0.339223,0.655189,0.819451,0.73526,0.447077,0.459648,0.268356,0.650161,0.827038,0.731832,0.586834,0.666419
0.825087,0.540431,0.817443,0.799919,1,0.762809,0.709236,0.731204,0.598477,0.710314,0.817131,0.70561,0.723545,0.733309,0.59719,0.545096,0.780611,0.557511,0.714987,0.785868,0.78827,0.581895,0.80303,0.886595,0.386428,0.710718,0.830517,0.594124,0.312916,0.472702,0.191639,0.607257,0.7293,0.770077,0.496271,0.276963,0.252941,0.590743,0.78227,0.651179,0.375307,0.816166,0.824441,0.716489,0.871469,0.840746,0.720835,0.86757,0.557803,0.668751,0.492013,0.681913,0.690278,0.708968,0.802278,0.773103,0.629594,0.733862,0.817607,0.55478,0.40145,0.653134,0.797996,0.828354,0.854277,0.730726,0.602109,0.88526,0.601987,0.744708,0.824308,0.763345,0.650103,0.439927,0.619925,0.706276,0.82184,0.327449,0.4752,0.433878,0.537199,0.845747,0.771276,0.402518,0.567433
0.809616,0.432707,0.806785,0.732535,0.762809,1,0.727353,0.728455,0.664674,0.679107,0.761718,0.671538,0.665081,0.716154,0.643607,0.37934,0.643134,0.776326,0.75439,0.661924,0.70854,0.483142,0.774868,0.877645,0.371804,0.617123,0.820639,0.686261,0.166797,0.331396,0.104916,0.506879,0.674653,0.72474,0.501452,0.234928,0.0825015,0.428497,0.718063,0.567807,0.454913,0.672183,0.844106,0.675022,0.850061,0.75689,0.839693,0.706715,0.618578,0.68372,0.49955,0.572925,0.563475,0.626334,0.726944,0.79827,0.743556,0.54362,0.707582,0.544391,0.486978,0.500522,0.777311,0.623612,0.716492,0.560258,0.602759,0.808064,0.506275,0.559801,0.765301,0.594132,0.604461,0.500771,0.551872,0.681459,0.802489,0.519335,0.526558,0.596964,0.479879,0.757536,0.700081,0.448851,0.66976
0.728325,0.351435,0.818107,0.647173,0.709236,0.727353,1,0.743199,0.66988,0.608886,0.591822,0.576896,0.603009,0.591421,0.720524,0.367677,0.646277,0.617482,0.638916,0.626108,0.676952,0.531409,0.731903,0.803947,0.283455,0.447695,0.705315,0.502139,0.123722,0.359544,0.193826,0.48653,0.619568,0.742703,0.259202,0.211933,0.29922,0.50922,0.637899,0.485168,0.521713,0.755558,0.736991,0.615018,0.808543,0.640704,0.806108,0.705768,0.767109,0.654153,0.617209,0.548461,0.500849,0.590661,0.645619,0.667637,0.664701,0.540124,0.676347,0.360397,0.339927,0.545604,0.678186,0.582928,0.629168,0.524809,0.651584,0.79696,0.497825,0.537251,0.79404,0.505587,0.6254,0.397002,0.470395,0.653544,0.71839,0.399024,0.274172,0.436996,0.511961,0.577645,0.730984,0.547253,0.615832
0.840314,0.659432,0.818891,0.680573,0.731204,0.728455,0.743199,1,0.730488,0.700807,0.754846,0.666385,0.717872,0.801861,0.815276,0.599961,0.765259,0.720564,0.624546,0.662324,0.689763,0.44984,0.757557,0.775546,0.424793,0.561314,0.667607,0.501977,0.274121,0.432013,0.00594352,0.481458,0.630246,0.723503,0.435837,0.193216,0.221649,0.492962,0.730114,0.703854,0.468241,0.706875,0.824391,0.835692,0.794006,0.735477,0.709733,0.657658,0.507862,0.778012,0.388231,0.637351,0.632159,0.687111,0.729861,0.829595,0.653804,0.731079,0.702341,0.30792,0.359194,0.391822,0.738033,0.644705,0.717058,0.488341,0.627271,0.746697,0.537066,0.548459,0.780969,0.62252,0.542031,0.439366,0.444616,0.593001,0.674235,0.312308,0.294907,0.309758,0.471609,0.685526,0.689708,0.34429,0.431583
0.692187,0.389498,0.687523,0.574535,0.598477,0.664674,0.66988,0.730488,1,0.617764,0.640057,0.662397,0.681401,0.604965,0.796919,0.409372,0.66924,0.630227,0.599744,0.618057,0.64469,0.323132,0.683331,0.718831,0.383595,0.400691,0.568437,0.551169,0.138226,0.409604,0.0159227,0.550852,0.498571,0.638941,0.270682,0.16814,-0.0226867,0.279817,0.617166,0.596839,0.454914,0.70542,0.732724,0.589779,0.727135,0.713245,0.638279,0.611917,0.520427,0.545316,0.290695,0.479085,0.550474,0.598868,0.639544,0.642065,0.676835,0.468962,0.602764,0.452245,0.3138,0.379813,0.755647,0.610964,0.624662,0.46008,0.461501,0.732255,0.3523,0.495873,0.709341,0.603318,0.38178,0.216678,0.434803,0.500564,0.608755,0.22338,0.417829,0.264392,0.484718,0.635375,0.591295,0.41255,0.484472
0.746815,0.580349,0.809553,0.700206,0.710314,0.679107,0.608886,0.700807,0.617764,1,0.749629,0.755985,0.803083,0.733787,0.753502,0.640462,0.789895,0.753856,0.730588,0.832592,0.834296,0.622017,0.741366,0.822634,0.579013,0.644574,0.737417,0.627523,0.417053,0.641435,0.104494,0.56741,0.670339,0.739262,0.473878,0.0360471,0.0698403,0.518666,0.851789,0.772543,0.477814,0.632241,0.724865,0.701798,0.820824,0.757649,0.755793,0.669303,0.54366,0.688283,0.27495,0.690467,0.764173,0.798182,0.8235,0.795161,0.592261,0.750949,0.840237,0.489204,0.437739,0.389159,0.739806,0.841487,0.844431,0.482236,0.498128,0.760752,0.49868,0.655776,0.764182,0.585048,0.496125,0.447203,0.797907,0.670008,0.771452,0.207513,0.338855,0.461896,0.525694,0.809327,0.737117,0.507741,0.499396
0.827002,0.607582,0.785789,0.714664,0.817131,0.761718,0.591822,0.754846,0.640057,0.749629,1,0.775219,0.801486,0.790374,0.663196,0.585357,0.818149,0.619546,0.747525,0.79353,0.787219,0.52531,0.7484,0.815385,0.508305,0.676531,0.777031,0.645303,0.395668,0.526075,0.187075,0.683946,0.723494,0.699479,0.598106,0.23142,0.157279,0.604162,0.819008,0.666622,0.459948,0.703047,0.830626,0.757729,0.844795,0.83646,0.645433,0.723944,0.520084,0.652682,0.364731,0.696535,0.741442,0.777751,0.854663,0.825203,0.692414,0.726664,0.820105,0.581531,0.486378,0.482858,0.756186,0.76154,0.833317,0.650271,0.51727,0.782687,0.429147,0.650628,0.779159,0.680409,0.529279,0.416898,0.599628,0.674371,0.736902,0.306044,0.44535,0.353091,0.534329,0.841659,0.700395,0.40504,0.546695
0.792493,0.599726,0.800014,0.789038,0.70561,0.671538,0.576896,0.666385,0.662397,0.755985,0.775219,1,0.935417,0.792659,0.691311,0.616433,0.880378,0.524193,0.74276,0.817048,0.817415,0.543486,0.790975,0.810301,0.374509,0.68146,0.696601,0.766407,0.316017,0.58812,0.157266,0.692412,0.553501,0.651215,0.575138,0.264084,-0.0365513,0.586744,0.825184,0.635186,0.510171,0.632747,0.779565,0.686759,0.827741,0.82401,0.671964,0.748984,0.528798,0.625311,0.21013,0.735409,0.815397,0.900257,0.924202,0.816272,0.673943,0.73858,0.872767,0.567033,0.427482,0.481274,0.741595,0.799849,0.874656,0.533464,0.493452,0.793815,0.394778,0.722265,0.740354,0.617672,0.50184,0.261586,0.641077,0.759583,0.647918,0.363689,0.504181,0.377635,0.629272,0.845154,0.619515,0.624161,0.658522
0.80887,0.587709,0.860344,0.843104,0.723545,0.665081,0.603009,0.717872,0.681401,0.803083,0.801486,0.935417,1,0.739026,0.779901,0.633647,0.942631,0.554393,0.752483,0.86,0.842518,0.489475,0.821212,0.819549,0.465836,0.667188,0.667315,0.64722,0.35265,0.550182,0.15424,0.691969,0.605659,0.687159,0.553342,0.257188,-0.0529364,0.586122,0.818444,0.603884,0.442391,0.664015,0.809327,0.697998,0.867956,0.877825,0.713601,0.789912,0.556536,0.678628,0.252586,0.709082,0.842243,0.902425,0.922155,0.795711,0.669174,0.732909,0.89309,0.570473,0.399226,0.433849,0.742382,0.835046,0.904624,0.558076,0.57641,0.832931,0.411677,0.744747,0.816729,0.61547,0.518392,0.305756,0.632842,0.792267,0.712279,0.330078,0.45269,0.260254,0.632323,0.853184,0.696754,0.663902,0.690517
0.81642,0.867222,0.731738,0.6826,0.733309,0.716154,0.591421,0.801861,0.604965,0.733787,0.790374,0.792659,0.739026,1,0.701633,0.799512,0.759495,0.61635,0.603365,0.696003,0.691945,0.524555,0.803528,0.73597,0.323835,0.705163,0.771829,0.570617,0.372902,0.499187,-0.0560129,0.557978,0.540415,0.652123,0.630765,0.123442,0.127364,0.546218,0.781482,0.736898,0.439502,0.586337,0.759431,0.906805,0.742451,0.718935,0.572616,0.658726,0.508571,0.598356,0.345427,0.65646,0.694429,0.765632,0.80255,0.896063,0.654738,0.866244,0.731889,0.468262,0.347719,0.4944,0.63255,0.693836,0.768355,0.53607,0.424991,0.663168,0.374155,0.577924,0.686289,0.513905,0.481534,0.326525,0.556921,0.591552,0.57613,0.240076,0.407482,0.439436,0.405437,0.772665,0.620316,0.324958,0.393497
0.722596,0.566912,0.789216,0.679077,0.59719,0.643607,0.720524,0.815276,0.796919,0.753502,0.663196,0.691311,0.779901,0.701633,1,0.566525,0.791366,0.654631,0.585168,0.673998,0.706262,0.374005,0.713886,0.72706,0.47512,0.465661,0.580411,0.434535,0.231981,0.504196,0.0569222,0.512851,0.4917,0.660631,0.370612,0.0297693,-0.0124564,0.382716,0.680681,0.656067,0.382017,0.628367,0.699844,0.696643,0.764343,0.717981,0.661316,0.623213,0.652027,0.688841,0.355579,0.540263,0.644908,0.697749,0.704442,0.696779,0.671646,0.654812,0.700876,0.35752,0.33452,0.251508,0.668383,0.689591,0.687522,0.440182,0.534851,0.718025,0.352765,0.540065,0.735357,0.461007,0.388269,0.214133,0.557023,0.591585,0.647967,0.125163,0.288152,0.21533,0.521499,0.634988,0.637595,0.493504,0.46035
0.61121,0.895959,0.573202,0.512404,0.545096,0.37934,0.367677,0.599961,0.409372,0.640462,0.585357,0.616433,0.633647,0.799512,0.566525,1,0.699747,0.466076,0.344534,0.588846,0.590613,0.321793,0.61133,0.502766,0.370205,0.639441,0.582542,0.295931,0.352549,0.489056,-0.107959,0.483346,0.458506,0.491904,0.526928,-0.0953766,0.11887,0.420335,0.667582,0.68059,0.250096,0.386908,0.504462,0.818852,0.537222,0.56054,0.341406,0.459821,0.357602,0.483921,0.108986,0.567613,0.6874,0.667705,0.671171,0.682883,0.417646,0.885247,0.638563,0.372121,0.205311,0.410866,0.434105,0.628114,0.660136,0.354383,0.303524,0.44005,0.241486,0.513629,0.541567,0.408111,0.195195,0.147794,0.427433,0.423829,0.351284,-0.0593893,0.188105,0.0845307,0.215839,0.599952,0.53259,0.242755,0.170615
0.798406,0.64804,0.842394,0.811714,0.780611,0.643134,0.646277,0.765259,0.66924,0.789895,0.818149,0.880378,0.942631,0.759495,0.791366,0.699747,1,0.539398,0.684974,0.83486,0.827264,0.500498,0.78412,0.815752,0.429969,0.636031,0.689477,0.575085,0.361482,0.579946,0.161251,0.660234,0.663193,0.719757,0.522739,0.2291,0.0391947,0.620406,0.8363,0.667822,0.353086,0.671187,0.773965,0.755208,0.85372,0.858126,0.669249,0.801749,0.590591,0.700883,0.266835,0.766621,0.837757,0.885157,0.929183,0.765192,0.645999,0.819262,0.918106,0.532395,0.465996,0.441469,0.744486,0.832472,0.883978,0.65544,0.545624,0.80916,0.441454,0.748844,0.800986,0.62031,0.483712,0.262788,0.615753,0.743935,0.725868,0.215485,0.314298,0.206098,0.565571,0.798974,0.686858,0.581197,0.599249
0.705807,0.4294,0.724735,0.512909,0.557511,0.776326,0.617482,0.720564,0.630227,0.753856,0.619546,0.524193,0.554393,0.61635,0.654631,0.466076,0.539398,1,0.633815,0.607565,0.666645,0.418554,0.686678,0.762435,0.545723,0.481362,0.692058,0.612445,0.221021,0.576854,0.0465638,0.476901,0.672831,0.665263,0.410125,0.0662596,0.0991989,0.345847,0.685752,0.624174,0.548676,0.517402,0.719969,0.647379,0.715545,0.611642,0.756743,0.439407,0.486132,0.695997,0.313907,0.515956,0.575894,0.59529,0.633027,0.758703,0.634909,0.523696,0.61488,0.476615,0.382603,0.368424,0.69227,0.579934,0.634158,0.422044,0.578823,0.660864,0.505389,0.417427,0.683868,0.500894,0.429621,0.518903,0.53305,0.589696,0.662948,0.337233,0.316757,0.558889,0.377891,0.625317,0.652469,0.357148,0.45492
0.794998,0.343389,0.808683,0.738528,0.714987,0.75439,0.638916,0.624546,0.599744,0.730588,0.747525,0.74276,0.752483,0.603365,0.585168,0.344534,0.684974,0.633815,1,0.835571,0.838836,0.689133,0.776582,0.852817,0.467569,0.627199,0.772457,0.763265,0.241603,0.429147,0.132469,0.670328,0.665942,0.750793,0.571994,0.163537,0.0150864,0.544632,0.769678,0.557439,0.498992,0.782998,0.851188,0.619422,0.839254,0.790852,0.8353,0.747229,0.44432,0.571971,0.57059,0.577954,0.619554,0.757045,0.789722,0.739699,0.56216,0.526654,0.75997,0.670068,0.514852,0.531398,0.80827,0.734549,0.821301,0.588018,0.647291,0.827632,0.450084,0.742516,0.794381,0.565165,0.637982,0.583741,0.698269,0.721566,0.791221,0.583005,0.448026,0.578946,0.608371,0.824654,0.690213,0.624825,0.644946
0.795771,0.500762,0.835975,0.798796,0.785868,0.661924,0.626108,0.662324,0.618057,0.832592,0.79353,0.817048,0.86,0.696003,0.673998,0.588846,0.83486,0.607565,0.835571,1,0.922103,0.687404,0.817203,0.865937,0.556796,0.685951,0.811665,0.723523,0.362318,0.598297,0.127282,0.7526,0.708235,0.755151,0.548283,0.184263,0.0486423,0.655943,0.874796,0.72043,0.444692,0.759429,0.813645,0.680039,0.865742,0.847381,0.746768,0.781572,0.498078,0.646579,0.397469,0.738617,0.813216,0.83413,0.879965,0.78726,0.663197,0.724179,0.871456,0.658357,0.567939,0.536554,0.798187,0.906922,0.907379,0.653379,0.575583,0.849924,0.541515,0.764048,0.860064,0.651768,0.586667,0.39921,0.768128,0.746864,0.78168,0.361474,0.424006,0.402182,0.625595,0.873094,0.805884,0.584106,0.529759
0.829647,0.481289,0.857537,0.762167,0.78827,0.70854,0.676952,0.689763,0.64469,0.834296,0.787219,0.817415,0.842518,0.691945,0.706262,0.590613,0.827264,0.666645,0.838836,0.922103,1,0.669122,0.822783,0.887473,0.553646,0.694529,0.842303,0.725136,0.35412,0.604042,0.104014,0.784639,0.749655,0.850604,0.595178,0.215875,0.139168,0.559788,0.882385,0.761518,0.488794,0.764698,0.818815,0.6925,0.893464,0.821639,0.803507,0.7862,0.590124,0.670735,0.414648,0.682095,0.817428,0.819633,0.857646,0.773526,0.696126,0.714684,0.863706,0.608769,0.554592,0.549852,0.85607,0.883873,0.899097,0.562203,0.588315,0.874187,0.491804,0.75318,0.888117,0.652505,0.484295,0.473439,0.769193,0.764204,0.823591,0.375161,0.425888,0.394442,0.540936,0.887226,0.801201,0.591298,0.540232
0.62846,0.335291,0.620334,0.532681,0.581895,0.483142,0.531409,0.44984,0.323132,0.622017,0.52531,0.543486,0.489475,0.524555,0.374005,0.321793,0.500498,0.418554,0.689133,0.687404,0.669122,1,0.591629,0.673968,0.340523,0.581465,0.662452,0.582419,0.241795,0.497616,0.260957,0.440404,0.545145,0.613359,0.400766,0.244207,0.325229,0.637962,0.60498,0.58858,0.536173,0.571413,0.580237,0.53148,0.640004,0.475392,0.61929,0.621044,0.409364,0.466437,0.503733,0.512628,0.389857,0.615424,0.602502,0.57284,0.450307,0.492222,0.631623,0.382047,0.492603,0.50671,0.491671,0.554943,0.626239,0.499559,0.472974,0.627233,0.461367,0.642842,0.579854,0.403327,0.405792,0.426851,0.670665,0.595434,0.578979,0.467389,0.184544,0.515488,0.447997,0.568452,0.575944,0.420416,0.368402
0.867995,0.599437,0.845903,0.812917,0.80303,0.774868,0.731903,0.757557,0.683331,0.741366,0.7484,0.790975,0.821212,0.803528,0.713886,0.61133,0.78412,0.686678,0.776582,0.817203,0.822783,0.591629,1,0.87037,0.32855,0.752144,0.821997,0.664318,0.320685,0.490734,0.0650489,0.647714,0.633569,0.788871,0.57254,0.239089,0.1018,0.5955,0.826462,0.62222,0.521912,0.717516,0.860421,0.770352,0.876012,0.81462,0.785102,0.814119,0.610157,0.613678,0.504835,0.589715,0.688519,0.803632,0.84431,0.841073,0.757403,0.717998,0.795972,0.581421,0.333298,0.638546,0.741433,0.760673,0.861434,0.624829,0.698832,0.844497,0.453087,0.726053,0.876225,0.586577,0.584062,0.387439,0.623651,0.790096,0.715723,0.433955,0.502134,0.429467,0.477332,0.855521,0.77128,0.550739,0.613025
0.906128,0.495915,0.93165,0.832091,0.886595,0.877645,0.803947,0.775546,0.718831,0.822634,0.815385,0.810301,0.819549,0.73597,0.72706,0.502766,0.815752,0.762435,0.852817,0.865937,0.887473,0.673968,0.87037,1,0.497944,0.717588,0.872885,0.773147,0.255045,0.564495,0.260442,0.664038,0.774873,0.839885,0.50273,0.223605,0.0892793,0.588306,0.86181,0.689325,0.556912,0.83238,0.910777,0.73567,0.972833,0.874718,0.912148,0.849843,0.653217,0.787709,0.510876,0.709193,0.721224,0.802341,0.871447,0.867345,0.747637,0.687404,0.878657,0.619292,0.510451,0.639284,0.857657,0.84229,0.900546,0.662774,0.696117,0.961841,0.6391,0.752445,0.898594,0.727172,0.680696,0.506397,0.730403,0.845014,0.893667,0.492826,0.469061,0.525097,0.619078,0.866824,0.844652,0.573201,0.696913
0.488971,0.280951,0.596706,0.448671,0.386428,0.371804,0.283455,0.424793,0.383595,0.579013,0.508305,0.374509,0.465836,0.323835,0.47512,0.370205,0.429969,0.545723,0.467569,0.556796,0.553646,0.340523,0.32855,0.497944,1,0.428436,0.42009,0.308676,0.220317,0.541196,0.0841626,0.43609,0.595973,0.435235,0.403816,-0.158588,-0.0706592,0.300039,0.493003,0.534253,0.453561,0.448669,0.50601,0.381077,0.529924,0.476317,0.412192,0.259229,0.252543,0.594116,0.265812,0.403396,0.459707,0.485089,0.441313,0.508755,0.385152,0.416249,0.453814,0.389139,0.22052,0.213903,0.516687,0.564585,0.569301,0.223638,0.42245,0.485715,0.392534,0.435221,0.502564,0.407371,0.160455,0.389357,0.55511,0.488161,0.501991,0.2364,0.204345,0.106394,0.350703,0.509546,0.59742,0.260891,0.274803
0.792118,0.64837,0.738958,0.677953,0.710718,0.617123,0.447695,0.561314,0.400691,0.644574,0.676531,0.68146,0.667188,0.705163,0.465661,0.639441,0.636031,0.481362,0.627199,0.685951,0.694529,0.581465,0.752144,0.717588,0.428436,1,0.741211,0.515451,0.392006,0.38231,0.112355,0.479974,0.61924,0.692952,0.617994,0.150127,0.163193,0.582548,0.738242,0.574458,0.462995,0.570541,0.679795,0.699493,0.745073,0.737126,0.627183,0.660038,0.471082,0.59963,0.386219,0.470237,0.555434,0.694073,0.707297,0.745765,0.551534,0.726322,0.684197,0.384161,0.217289,0.519983,0.596728,0.642919,0.781987,0.473903,0.62307,0.697774,0.345512,0.760412,0.706517,0.522762,0.430373,0.297827,0.617832,0.656311,0.588729,0.406129,0.486946,0.239137,0.306079,0.780909,0.746436,0.405542,0.487077
0.809766,0.53105,0.791884,0.717939,0.830517,0.820639,0.705315,0.667607,0.568437,0.737417,0.777031,0.696601,0.667315,0.771829,0.580411,0.582542,0.689477,0.692058,0.772457,0.811665,0.842303,0.662452,0.821997,0.872885,0.42009,0.741211,1,0.687351,0.328862,0.487651,0.0789236,0.639526,0.764817,0.806016,0.581162,0.165316,0.193758,0.546623,0.863068,0.762394,0.428812,0.694272,0.815099,0.728794,0.846739,0.790098,0.784948,0.761636,0.669467,0.599523,0.547447,0.684603,0.684527,0.685681,0.793186,0.822723,0.768965,0.72341,0.787295,0.619617,0.562252,0.692863,0.791534,0.760174,0.814056,0.620085,0.548072,0.816213,0.526456,0.746211,0.852957,0.672484,0.569454,0.480881,0.650598,0.694434,0.794065,0.45424,0.486093,0.543419,0.422855,0.821661,0.810666,0.416097,0.47604
0.642098,0.278172,0.610486,0.633531,0.594124,0.686261,0.502139,0.501977,0.551169,0.627523,0.645303,0.766407,0.64722,0.570617,0.434535,0.295931,0.575085,0.612445,0.763265,0.723523,0.725136,0.582419,0.664318,0.773147,0.308676,0.515451,0.687351,1,0.298354,0.587793,0.254617,0.667545,0.501225,0.581595,0.460569,0.186521,-0.0388831,0.41031,0.779743,0.552198,0.533304,0.589354,0.710736,0.473468,0.698783,0.663396,0.699624,0.57219,0.270531,0.524538,0.243584,0.697375,0.653546,0.71989,0.780208,0.708969,0.594448,0.494836,0.702718,0.568457,0.532722,0.505949,0.70629,0.682579,0.729089,0.403635,0.4881,0.687864,0.478276,0.532131,0.606226,0.61129,0.516594,0.366765,0.648254,0.660878,0.643327,0.503109,0.385492,0.521643,0.52837,0.751857,0.529453,0.401623,0.543372
0.267301,0.224778,0.276272,0.210985,0.312916,0.166797,0.123722,0.274121,0.138226,0.417053,0.395668,0.316017,0.35265,0.372902,0.231981,0.352549,0.361482,0.221021,0.241603,0.362318,0.35412,0.241795,0.320685,0.255045,0.220317,0.392006,0.328862,0.298354,1,0.44098,0.211431,0.230059,0.265215,0.40483,0.39672,-0.00298913,0.0989867,0.203739,0.480405,0.337113,0.271689,0.289886,0.240894,0.297721,0.270032,0.446402,0.167775,0.310579,0.148208,0.183513,0.100324,0.349838,0.441188,0.43917,0.424592,0.315624,0.304437,0.484566,0.359457,0.173779,0.190331,0.102377,0.276826,0.365613,0.454328,0.279512,0.0747589,0.249213,0.0905689,0.347997,0.347654,0.16299,0.170037,0.0493712,0.359366,0.287811,0.31666,-0.0985248,0.0062692,0.0137664,-0.137336,0.44374,0.304768,-0.0963048,0.15926
0.458326,0.363906,0.517404,0.421219,0.472702,0.331396,0.359544,0.432013,0.409604,0.641435,0.526075,0.58812,0.550182,0.499187,0.504196,0.489056,0.579946,0.576854,0.429147,0.598297,0.604042,0.497616,0.490734,0.564495,0.541196,0.38231,0.487651,0.587793,0.44098,1,0.326369,0.534773,0.496114,0.447693,0.357077,0.0460916,0.0931109,0.392847,0.645862,0.609806,0.528527,0.424926,0.430876,0.420274,0.524599,0.486231,0.381362,0.36827,0.327893,0.516092,0.0333805,0.659823,0.619365,0.72285,0.665166,0.551346,0.420273,0.580224,0.624724,0.445805,0.332121,0.241434,0.454537,0.667816,0.63594,0.422793,0.282467,0.498014,0.370052,0.420191,0.467314,0.407018,0.155629,0.151468,0.603654,0.546293,0.451216,0.0165724,0.0708237,0.261819,0.34515,0.55051,0.445379,0.243079,0.291474
0.115417,-0.148241,0.19883,0.11283,0.191639,0.104916,0.193826,0.00594352,0.0159227,0.104494,0.187075,0.157266,0.15424,-0.0560129,0.0569222,-0.107959,0.161251,0.0465638,0.132469,0.127282,0.104014,0.260957,0.0650489,0.260442,0.0841626,0.112355,0.0789236,0.254617,0.211431,0.326369,1,0.0491501,0.106496,0.108992,-0.141812,-0.0679587,0.0988809,0.157898,0.123712,-0.0880905,0.322282,0.235221,0.0940157,0.00537925,0.248942,0.159324,0.209533,0.205361,0.186226,0.199472,0.101828,0.185118,0.146015,0.198287,0.231936,0.0901594,0.0785842,0.0587345,0.300254,0.0913107,0.11936,0.277062,-0.0343746,0.124866,0.185628,0.23111,0.166804,0.255523,0.0958971,0.190365,0.0996133,0.163323,0.213245,-0.0113854,0.0765214,0.415679,0.280366,0.0780361,-0.131268,-0.00422696,0.0861197,0.025062,0.116428,0.084622,0.310294
0.643863,0.430514,0.605885,0.638293,0.607257,0.506879,0.48653,0.481458,0.550852,0.56741,0.683946,0.692412,0.691969,0.557978,0.512851,0.483346,0.660234,0.476901,0.670328,0.7526,0.784639,0.440404,0.647714,0.664038,0.43609,0.479974,0.639526,0.667545,0.230059,0.534773,0.0491501,1,0.567526,0.593752,0.538228,0.277949,0.0148149,0.428662,0.686784,0.492903,0.333849,0.570436,0.65424,0.551921,0.645397,0.671208,0.510406,0.518851,0.328996,0.430256,0.285005,0.57097,0.695514,0.712183,0.705889,0.593757,0.533786,0.511133,0.638554,0.636103,0.405112,0.508063,0.681123,0.742626,0.732694,0.517946,0.474357,0.660212,0.245442,0.546228,0.645159,0.464214,0.329012,0.16046,0.585988,0.633711,0.594044,0.240732,0.311592,0.277515,0.553906,0.752366,0.533598,0.459936,0.399297
0.7209,0.372843,0.76566,0.565009,0.7293,0.674653,0.619568,0.630246,0.498571,0.670339,0.723494,0.553501,0.605659,0.540415,0.4917,0.458506,0.663193,0.672831,0.665942,0.708235,0.749655,0.545145,0.633569,0.774873,0.595973,0.61924,0.764817,0.501225,0.265215,0.496114,0.106496,0.567526,1,0.704779,0.527209,0.24845,0.179968,0.545024,0.72491,0.598388,0.525954,0.659662,0.695727,0.556817,0.757984,0.695712,0.687545,0.607309,0.592883,0.658731,0.44787,0.616622,0.561314,0.638416,0.667298,0.673249,0.603723,0.583704,0.712207,0.548014,0.470623,0.52205,0.783918,0.650622,0.702555,0.609307,0.547136,0.739569,0.539974,0.669633,0.783752,0.598426,0.425899,0.48282,0.553157,0.608374,0.762358,0.387935,0.245298,0.410197,0.410496,0.689009,0.763352,0.396651,0.48433
0.801681,0.438529,0.82788,0.680953,0.770077,0.72474,0.742703,0.723503,0.638941,0.739262,0.699479,0.651215,0.687159,0.652123,0.660631,0.491904,0.719757,0.665263,0.750793,0.755151,0.850604,0.613359,0.788871,0.839885,0.435235,0.692952,0.806016,0.581595,0.40483,0.447693,0.108992,0.593752,0.704779,1,0.521578,0.244328,0.245103,0.508012,0.795875,0.709926,0.45967,0.762683,0.798771,0.721048,0.863463,0.790035,0.815266,0.813925,0.632026,0.614028,0.581575,0.487298,0.67318,0.708162,0.737244,0.718943,0.686062,0.661419,0.744706,0.484856,0.428319,0.526419,0.783591,0.730462,0.816712,0.62868,0.654914,0.847911,0.468684,0.676775,0.843446,0.534517,0.526318,0.459329,0.652125,0.706222,0.837502,0.36266,0.345291,0.370828,0.280051,0.794577,0.783257,0.457274,0.531227
0.619519,0.551772,0.518825,0.557937,0.496271,0.501452,0.259202,0.435837,0.270682,0.473878,0.598106,0.575138,0.553342,0.630765,0.370612,0.526928,0.522739,0.410125,0.571994,0.548283,0.595178,0.400766,0.57254,0.50273,0.403816,0.617994,0.581162,0.460569,0.39672,0.357077,-0.141812,0.538228,0.527209,0.521578,1,0.130344,0.0241736,0.46042,0.635676,0.474626,0.446824,0.381008,0.540489,0.572104,0.500809,0.576362,0.340932,0.451133,0.27219,0.310351,0.348209,0.341323,0.519447,0.617802,0.589207,0.612466,0.470545,0.575714,0.483173,0.525783,0.306977,0.312284,0.502477,0.48511,0.633115,0.428594,0.414734,0.456807,0.230849,0.547274,0.510914,0.217219,0.159586,0.290111,0.472727,0.482113,0.453695,0.390456,0.26349,0.263813,0.245448,0.667329,0.453686,0.371549,0.323831
0.273097,-0.0353144,0.222806,0.253517,0.276963,0.234928,0.211933,0.193216,0.16814,0.0360471,0.23142,0.264084,0.257188,0.123442,0.0297693,-0.0953766,0.2291,0.0662596,0.163537,0.184263,0.215875,0.244207,0.239089,0.223605,-0.158588,0.150127,0.165316,0.186521,-0.00298913,0.0460916,-0.0679587,0.277949,0.24845,0.244328,0.130344,1,0.354957,0.384857,0.0735649,0.0144126,0.163821,0.106474,0.286016,0.0767769,0.233373,0.252456,0.208387,0.303106,0.219605,0.151051,0.0478,0.122569,0.104628,0.217416,0.191884,0.108296,0.321162,-0.0358009,0.17569,0.129467,0.113251,0.0668537,0.263025,0.0989192,0.178015,0.335607,0.24679,0.317244,0.228206,0.181461,0.24382,0.205704,0.167467,0.0639339,0.0286406,0.226415,0.135226,0.338039,0.298692,0.230764,0.322443,0.268661,0.154042,0.258679,0.390743
0.116905,0.072955,0.127761,0.0115907,0.252941,0.0825015,0.29922,0.221649,-0.0226867,0.0698403,0.157279,-0.0365513,-0.0529364,0.127364,-0.0124564,0.11887,0.0391947,0.0991989,0.0150864,0.0486423,0.139168,0.325229,0.1018,0.0892793,-0.0706592,0.163193,0.193758,-0.0388831,0.0989867,0.0931109,0.0988809,0.0148149,0.179968,0.245103,0.0241736,0.354957,1,0.321444,0.0710735,0.134847,0.205343,0.13125,0.0471696,0.196771,0.113126,-0.0391548,0.0855015,0.118477,0.178162,0.136403,0.113746,0.0732293,0.0829882,0.0586382,0.0732759,0.0475676,0.0513746,0.164928,0.123961,-0.252365,-0.0325536,0.0935962,0.0371605,-0.0252257,0.0277078,0.165006,0.222067,0.10963,0.0048378,0.0642297,0.145373,0.112842,-0.0386064,0.195885,-0.110442,-0.00873545,0.109328,0.056612,-0.0134115,0.104729,-0.0388745,0.000432843,0.139031,0.0562338,-0.0300296
0.659534,0.479336,0.642933,0.609196,0.590743,0.428497,0.50922,0.492962,0.279817,0.518666,0.604162,0.586744,0.586122,0.546218,0.382716,0.420335,0.620406,0.345847,0.544632,0.655943,0.559788,0.637962,0.5955,0.588306,0.300039,0.582548,0.546623,0.41031,0.203739,0.392847,0.157898,0.428662,0.545024,0.508012,0.46042,0.384857,0.321444,1,0.581334,0.392584,0.445638,0.468742,0.587112,0.57624,0.620749,0.548059,0.463275,0.554151,0.43429,0.518628,0.319357,0.49827,0.419874,0.650182,0.651979,0.571823,0.479449,0.54626,0.612245,0.336168,0.312597,0.363954,0.407981,0.506392,0.591329,0.628988,0.607144,0.603001,0.35815,0.602221,0.550368,0.405062,0.456123,0.230564,0.520621,0.591967,0.433499,0.431747,0.188163,0.370565,0.534228,0.541781,0.608412,0.518545,0.523779
0.80813,0.598185,0.806526,0.768832,0.78227,0.718063,0.637899,0.730114,0.617166,0.851789,0.819008,0.825184,0.818444,0.781482,0.680681,0.667582,0.8363,0.685752,0.769678,0.874796,0.882385,0.60498,0.826462,0.86181,0.493003,0.738242,0.863068,0.779743,0.480405,0.645862,0.123712,0.686784,0.72491,0.795875,0.635676,0.0735649,0.0710735,0.581334,1,0.792706,0.498158,0.695608,0.797415,0.735437,0.85373,0.843023,0.741841,0.753367,0.54191,0.644056,0.332331,0.8091,0.825197,0.853279,0.92114,0.850375,0.715953,0.83414,0.88575,0.560233,0.555801,0.539167,0.81099,0.851242,0.899022,0.550986,0.569941,0.802482,0.495187,0.754164,0.84345,0.695577,0.499637,0.347763,0.730548,0.722445,0.794507,0.350634,0.350539,0.354427,0.46791,0.879537,0.760541,0.491296,0.470613
0.662733,0.599528,0.64752,0.552387,0.651179,0.567807,0.485168,0.703854,0.596839,0.772543,0.666622,0.635186,0.603884,0.736898,0.656067,0.68059,0.667822,0.624174,0.557439,0.72043,0.761518,0.58858,0.62222,0.689325,0.534253,0.574458,0.762394,0.552198,0.337113,0.609806,-0.0880905,0.492903,0.598388,0.709926,0.474626,0.0144126,0.134847,0.392584,0.792706,1,0.349804,0.563155,0.651679,0.696949,0.68138,0.642722,0.577391,0.60143,0.456223,0.587582,0.243113,0.65817,0.686071,0.62888,0.687361,0.730326,0.643423,0.751412,0.688573,0.405383,0.518438,0.41855,0.7006,0.76031,0.72348,0.385421,0.33853,0.633142,0.53787,0.552925,0.673341,0.642166,0.285079,0.387365,0.64841,0.445907,0.618698,0.143917,0.290529,0.321835,0.324917,0.707858,0.675166,0.18305,0.191607
0.581993,0.231653,0.592351,0.343065,0.375307,0.454913,0.521713,0.468241,0.454914,0.477814,0.459948,0.510171,0.442391,0.439502,0.382017,0.250096,0.353086,0.548676,0.498992,0.444692,0.488794,0.536173,0.521912,0.556912,0.453561,0.462995,0.428812,0.533304,0.271689,0.528527,0.322282,0.333849,0.525954,0.45967,0.446824,0.163821,0.205343,0.445638,0.498158,0.349804,1,0.510825,0.524795,0.394036,0.544046,0.426452,0.506112,0.333876,0.396355,0.430862,0.295935,0.305064,0.306568,0.532187,0.475924,0.599687,0.488929,0.336014,0.443747,0.293336,0.123075,0.410309,0.442337,0.351751,0.496868,0.23233,0.440838,0.521308,0.376669,0.38899,0.511642,0.324553,0.264274,0.332649,0.381361,0.538937,0.394718,0.497602,0.163306,0.38541,0.331964,0.4649,0.526566,0.382456,0.478816
0.774288,0.35422,0.806564,0.674285,0.816166,0.672183,0.755558,0.706875,0.70542,0.632241,0.703047,0.632747,0.664015,0.586337,0.628367,0.386908,0.671187,0.517402,0.782998,0.759429,0.764698,0.571413,0.717516,0.83238,0.448669,0.570541,0.694272,0.589354,0.289886,0.424926,0.235221,0.570436,0.659662,0.762683,0.381008,0.106474,0.13125,0.468742,0.695608,0.563155,0.510825,1,0.792131,0.628694,0.831961,0.78169,0.750718,0.797209,0.464132,0.608361,0.591034,0.559541,0.553081,0.659091,0.684858,0.682108,0.509603,0.577143,0.686108,0.550202,0.368427,0.552297,0.76989,0.759758,0.756031,0.582024,0.565042,0.852574,0.513414,0.631228,0.819475,0.650806,0.645003,0.45217,0.622884,0.649471,0.803675,0.360157,0.318145,0.356692,0.477347,0.754617,0.772316,0.381057,0.563492
0.93472,0.532022,0.905047,0.801489,0.824441,0.844106,0.736991,0.824391,0.732724,0.724865,0.830626,0.779565,0.809327,0.759431,0.699844,0.504462,0.773965,0.719969,0.851188,0.813645,0.818815,0.580237,0.860421,0.910777,0.50601,0.679795,0.815099,0.710736,0.240894,0.430876,0.0940157,0.65424,0.695727,0.798771,0.540489,0.286016,0.0471696,0.587112,0.797415,0.651679,0.524795,0.792131,1,0.79421,0.927203,0.888863,0.843362,0.812309,0.543598,0.708004,0.553635,0.649698,0.693936,0.765636,0.832505,0.887879,0.74507,0.656429,0.803094,0.647492,0.480849,0.624986,0.85378,0.759965,0.860679,0.598341,0.699811,0.914038,0.591037,0.72813,0.881192,0.74244,0.709906,0.541489,0.618823,0.783651,0.779335,0.602907,0.532137,0.50804,0.596418,0.873525,0.789127,0.52426,0.665675
0.863484,0.877736,0.772395,0.661225,0.716489,0.675022,0.615018,0.835692,0.589779,0.701798,0.757729,0.686759,0.697998,0.906805,0.696643,0.818852,0.755208,0.647379,0.619422,0.680039,0.6925,0.53148,0.770352,0.73567,0.381077,0.699493,0.728794,0.473468,0.297721,0.420274,0.00537925,0.551921,0.556817,0.721048,0.572104,0.0767769,0.196771,0.57624,0.735437,0.696949,0.394036,0.628694,0.79421,1,0.758461,0.716214,0.613967,0.658137,0.451246,0.633662,0.427322,0.569685,0.657208,0.736195,0.764146,0.846022,0.563311,0.841566,0.716967,0.453878,0.35219,0.515768,0.600245,0.64366,0.7528,0.564221,0.557138,0.681993,0.352455,0.605814,0.69818,0.49669,0.488412,0.365022,0.518517,0.614213,0.591369,0.270377,0.266752,0.347016,0.355293,0.71443,0.642514,0.353837,0.371974
0.921779,0.521907,0.964349,0.842232,0.871469,0.850061,0.808543,0.794006,0.727135,0.820824,0.844795,0.827741,0.867956,0.742451,0.764343,0.537222,0.85372,0.715545,0.839254,0.865742,0.893464,0.640004,0.876012,0.972833,0.529924,0.745073,0.846739,0.698783,0.270032,0.524599,0.248942,0.645397,0.757984,0.863463,0.500809,0.233373,0.113126,0.620749,0.85373,0.68138,0.544046,0.831961,0.927203,0.758461,1,0.895796,0.898884,0.876262,0.693133,0.791097,0.515759,0.68477,0.746502,0.816082,0.882106,0.871123,0.760412,0.71298,0.89944,0.576079,0.473755,0.60422,0.842617,0.834717,0.90639,0.643864,0.713193,0.972544,0.577882,0.770708,0.931646,0.731781,0.672276,0.496584,0.702291,0.855793,0.88149,0.487851,0.501444,0.436557,0.593781,0.868567,0.865145,0.614619,0.717353
0.867591,0.522958,0.872063,0.795583,0.840746,0.75689,0.640704,0.735477,0.713245,0.757649,0.83646,0.82401,0.877825,0.718935,0.717981,0.56054,0.858126,0.611642,0.790852,0.847381,0.821639,0.475392,0.81462,0.874718,0.476317,0.737126,0.790098,0.663396,0.446402,0.486231,0.159324,0.671208,0.695712,0.790035,0.576362,0.252456,-0.0391548,0.548059,0.843023,0.642722,0.426452,0.78169,0.888863,0.716214,0.895796,1,0.764149,0.838984,0.564121,0.648454,0.416231,0.665969,0.778337,0.800528,0.870277,0.817213,0.715777,0.711847,0.84824,0.649045,0.47788,0.534235,0.8547,0.84292,0.907069,0.663002,0.594375,0.903851,0.51671,0.794806,0.882999,0.728777,0.644847,0.328331,0.652275,0.752848,0.801186,0.400798,0.49187,0.353256,0.550709,0.903097,0.798135,0.500681,0.674962
0.817552,0.327206,0.878373,0.729549,0.720835,0.839693,0.806108,0.709733,0.638279,0.755793,0.645433,0.671964,0.713601,0.572616,0.661316,0.341406,0.669249,0.756743,0.8353,0.746768,0.803507,0.61929,0.785102,0.912148,0.412192,0.627183,0.784948,0.699624,0.167775,0.381362,0.209533,0.510406,0.687545,0.815266,0.340932,0.208387,0.0855015,0.463275,0.741841,0.577391,0.506112,0.750718,0.843362,0.613967,0.898884,0.764149,1,0.757038,0.630895,0.738645,0.531382,0.566979,0.586518,0.663447,0.735274,0.76425,0.654213,0.516257,0.765483,0.487923,0.454881,0.556916,0.781595,0.697452,0.76546,0.466156,0.718598,0.882224,0.597154,0.658982,0.840028,0.63184,0.690598,0.623167,0.649605,0.768847,0.841202,0.582866,0.399207,0.529295,0.545553,0.745788,0.812721,0.5751,0.720537
0.779733,0.428797,0.804799,0.777146,0.86757,0.706715,0.705768,0.657658,0.611917,0.669303,0.723944,0.748984,0.789912,0.658726,0.623213,0.459821,0.801749,0.439407,0.747229,0.781572,0.7862,0.621044,0.814119,0.849843,0.259229,0.660038,0.761636,0.57219,0.310579,0.36827,0.205361,0.518851,0.607309,0.813925,0.451133,0.303106,0.118477,0.554151,0.753367,0.60143,0.333876,0.797209,0.812309,0.658137,0.876262,0.838984,0.757038,1,0.639255,0.553409,0.559296,0.606952,0.684082,0.729346,0.799436,0.698111,0.668119,0.66672,0.83087,0.585959,0.476342,0.591436,0.740829,0.76838,0.838521,0.702432,0.562417,0.890229,0.51337,0.765899,0.836443,0.664336,0.648494,0.390943,0.609828,0.732028,0.80763,0.380247,0.475786,0.35909,0.450866,0.809272,0.705536,0.535764,0.637852
0.584336,0.297077,0.688865,0.473432,0.557803,0.618578,0.767109,0.507862,0.520427,0.54366,0.520084,0.528798,0.556536,0.508571,0.652027,0.357602,0.590591,0.486132,0.44432,0.498078,0.590124,0.409364,0.610157,0.653217,0.252543,0.471082,0.669467,0.270531,0.148208,0.327893,0.186226,0.328996,0.592883,0.632026,0.27219,0.219605,0.178162,0.43429,0.54191,0.456223,0.396355,0.464132,0.543598,0.451246,0.693133,0.564121,0.630895,0.639255,1,0.499403,0.457749,0.402945,0.449167,0.477449,0.540378,0.524514,0.727771,0.470967,0.619821,0.342604,0.340859,0.4162,0.543552,0.45657,0.520068,0.490201,0.399186,0.673187,0.297949,0.549575,0.696844,0.382563,0.382614,0.208384,0.384586,0.556627,0.592596,0.248756,0.384934,0.33885,0.342677,0.470861,0.617607,0.559082,0.537373
0.738511,0.510637,0.831142,0.715504,0.668751,0.68372,0.654153,0.778012,0.545316,0.688283,0.652682,0.625311,0.678628,0.598356,0.688841,0.483921,0.700883,0.695997,0.571971,0.646579,0.670735,0.466437,0.613678,0.787709,0.594116,0.59963,0.599523,0.524538,0.183513,0.516092,0.199472,0.430256,0.658731,0.614028,0.310351,0.151051,0.136403,0.518628,0.644056,0.587582,0.430862,0.608361,0.708004,0.633662,0.791097,0.648454,0.738645,0.553409,0.499403,1,0.287952,0.637479,0.560338,0.670157,0.685148,0.731102,0.570984,0.633682,0.688845,0.249839,0.259175,0.303419,0.646701,0.652276,0.710313,0.405096,0.694107,0.741945,0.627437,0.533689,0.690589,0.599715,0.533295,0.467976,0.577354,0.689339,0.660915,0.332156,0.337552,0.261681,0.570412,0.621974,0.749492,0.391999,0.577668
0.491571,0.149664,0.516747,0.444848,0.492013,0.49955,0.617209,0.388231,0.290695,0.27495,0.364731,0.21013,0.252586,0.345427,0.355579,0.108986,0.266835,0.313907,0.57059,0.397469,0.414648,0.503733,0.504835,0.510876,0.265812,0.386219,0.547447,0.243584,0.100324,0.0333805,0.101828,0.285005,0.44787,0.581575,0.348209,0.0478,0.113746,0.319357,0.332331,0.243113,0.295935,0.591034,0.553635,0.427322,0.515759,0.416231,0.531382,0.559296,0.457749,0.287952,1,0.134791,0.152701,0.325005,0.315399,0.39476,0.429788,0.316788,0.335146,0.454387,0.213287,0.533675,0.421353,0.319969,0.421186,0.49765,0.555137,0.5089,0.320588,0.475671,0.520591,0.155627,0.52601,0.422639,0.396443,0.505243,0.51776,0.467541,0.228746,0.350927,0.143329,0.411913,0.496536,0.2425,0.364124
0.603463,0.48221,0.658781,0.6565,0.681913,0.572925,0.548461,0.637351,0.479085,0.690467,0.696535,0.735409,0.709082,0.65646,0.540263,0.567613,0.766621,0.515956,0.577954,0.738617,0.682095,0.512628,0.589715,0.709193,0.403396,0.470237,0.684603,0.697375,0.349838,0.659823,0.185118,0.57097,0.616622,0.487298,0.341323,0.122569,0.0732293,0.49827,0.8091,0.65817,0.305064,0.559541,0.649698,0.569685,0.68477,0.665969,0.566979,0.606952,0.402945,0.637479,0.134791,1,0.749331,0.758449,0.829393,0.699075,0.532665,0.740524,0.814046,0.478694,0.580677,0.418584,0.677778,0.744144,0.728589,0.456049,0.359192,0.646256,0.507179,0.600205,0.652466,0.726468,0.485529,0.266377,0.548183,0.569941,0.629858,0.246636,0.260125,0.339162,0.55628,0.683888,0.556569,0.358739,0.39932
0.649499,0.537195,0.705302,0.656766,0.690278,0.563475,0.500849,0.632159,0.550474,0.764173,0.741442,0.815397,0.842243,0.694429,0.644908,0.6874,0.837757,0.575894,0.619554,0.813216,0.817428,0.389857,0.688519,0.721224,0.459707,0.555434,0.684527,0.653546,0.441188,0.619365,0.146015,0.695514,0.561314,0.67318,0.519447,0.104628,0.0829882,0.419874,0.825197,0.686071,0.306568,0.553081,0.693936,0.657208,0.746502,0.778337,0.586518,0.684082,0.449167,0.560338,0.152701,0.749331,1,0.7889,0.872129,0.741153,0.587596,0.789874,0.866616,0.579678,0.463224,0.467018,0.717155,0.836365,0.842914,0.503754,0.404537,0.708137,0.376092,0.599327,0.720223,0.639459,0.43888,0.335869,0.540949,0.644048,0.69754,0.158498,0.400556,0.262606,0.414022,0.779374,0.589453,0.469176,0.442813
