1,0.957895,0.977323,0.919606,0.922029,0.886271,0.612437,0.803093,0.750177,0.902948,0.92417,0.817298,0.942471,0.928656,0.815559,0.943276,0.941536,0.855755,0.82489,0.923871,0.914063,0.857646,0.801514,0.955748,0.784724,0.872699,0.903118,0.82698,0.475507,0.649684,0.585127,0.867283,0.868679,0.87946,0.794713,0.594968,0.628034,0.80081,0.9446,0.906272,0.786216,0.774935,0.948028,0.968265,0.970692,0.905726,0.912623,0.940594,0.7255,0.776756,0.738459,0.908347,0.956593,0.8254,0.9183,0.93955,0.848824,0.905918,0.932212,0.75698,0.739015,0.733967,0.865827,0.942556,0.911728,0.86718,0.798822,0.959035,0.617976,0.90677,0.905267,0.84794,0.742163,0.69284,0.678133,0.868632,0.883173,0.847008,0.695863,0.591412,0.798474,0.956724,0.916591,0.517358,0.848507
0.957895,1,0.947566,0.865864,0.853135,0.870275,0.564975,0.733325,0.714485,0.880579,0.873721,0.820585,0.939371,0.910073,0.802924,0.949885,0.914403,0.829039,0.806457,0.905674,0.900753,0.860327,0.762469,0.905378,0.706228,0.833176,0.89118,0.784121,0.53104,0.626688,0.456003,0.827929,0.835794,0.838483,0.81243,0.631464,0.539059,0.792867,0.91235,0.87589,0.723325,0.74533,0.906672,0.943668,0.948745,0.902125,0.887324,0.933869,0.638221,0.788567,0.721005,0.897219,0.898228,0.828386,0.91647,0.916446,0.819519,0.913243,0.909188,0.768972,0.789421,0.713458,0.82886,0.923309,0.897149,0.845646,0.799213,0.928564,0.626851,0.884185,0.87585,0.84179,0.731958,0.637858,0.742033,0.846235,0.846797,0.786776,0.60298,0.581484,0.754123,0.924695,0.877184,0.404107,0.850773
0.977323,0.947566,1,0.943595,0.915423,0.883393,0.603371,0.865987,0.711034,0.943193,0.950027,0.877293,0.966309,0.933831,0.819223,0.952263,0.962512,0.853063,0.86242,0.950894,0.942539,0.872106,0.808379,0.964071,0.786056,0.878868,0.922837,0.833062,0.54049,0.694206,0.570407,0.865384,0.892249,0.921639,0.820334,0.587795,0.623554,0.831555,0.967788,0.932158,0.794005,0.807998,0.963278,0.968414,0.990819,0.942436,0.897552,0.940634,0.747483,0.788329,0.697793,0.944909,0.967549,0.886628,0.960662,0.944817,0.865489,0.933365,0.964788,0.796805,0.768119,0.71986,0.906129,0.958386,0.940289,0.879123,0.823636,0.971229,0.668831,0.93754,0.90822,0.861605,0.739476,0.679254,0.72127,0.905734,0.91488,0.855851,0.722869,0.567391,0.779167,0.969748,0.940181,0.523758,0.847077
0.919606,0.865864,0.943595,1,0.881365,0.866795,0.586498,0.853318,0.706814,0.89884,0.898882,0.799577,0.894198,0.910767,0.751677,0.862657,0.885675,0.859069,0.80673,0.871792,0.891889,0.832858,0.739154,0.933154,0.72726,0.840369,0.907495,0.780655,0.402642,0.642207,0.504237,0.820757,0.822311,0.899345,0.722015,0.565896,0.606226,0.796115,0.913869,0.866958,0.795868,0.752474,0.915286,0.896275,0.932298,0.879541,0.793259,0.882237,0.770079,0.758021,0.685372,0.878931,0.921401,0.791942,0.885966,0.924678,0.834903,0.849109,0.898065,0.704226,0.618947,0.688684,0.89495,0.905462,0.91023,0.836835,0.816343,0.932891,0.671936,0.869792,0.863122,0.875351,0.691953,0.641945,0.682704,0.854534,0.873565,0.827823,0.741556,0.579464,0.761264,0.923298,0.863354,0.525673,0.774425
0.922029,0.853135,0.915423,0.881365,1,0.854069,0.494892,0.802686,0.711453,0.902569,0.925266,0.802095,0.884289,0.863167,0.782605,0.857878,0.921358,0.84755,0.835405,0.891861,0.898061,0.865868,0.75792,0.906918,0.739719,0.808981,0.85493,0.777496,0.491708,0.607616,0.594378,0.839519,0.846736,0.891828,0.771544,0.583823,0.551866,0.842003,0.897585,0.896618,0.733207,0.79084,0.897971,0.872806,0.918642,0.855599,0.881798,0.856505,0.754625,0.63432,0.617896,0.921888,0.928238,0.778879,0.851099,0.914954,0.794455,0.849096,0.910891,0.675384,0.608573,0.712354,0.816955,0.886765,0.870368,0.86395,0.794848,0.916365,0.591695,0.864344,0.865685,0.805624,0.676019,0.723709,0.685625,0.875651,0.86293,0.829116,0.701186,0.597211,0.794058,0.9133,0.911612,0.537179,0.79035
0.886271,0.870275,0.883393,0.866795,0.854069,1,0.526664,0.76914,0.737181,0.823656,0.828567,0.732194,0.862115,0.877231,0.74914,0.815187,0.860648,0.870471,0.761974,0.870207,0.864058,0.798925,0.658269,0.916475,0.741699,0.721135,0.828764,0.765279,0.503768,0.555944,0.499045,0.790595,0.815048,0.830546,0.780673,0.634252,0.631386,0.763872,0.876264,0.851691,0.806408,0.779523,0.866375,0.861623,0.876638,0.816847,0.78499,0.838249,0.658755,0.630979,0.730885,0.827223,0.847952,0.728946,0.824518,0.881119,0.803923,0.793935,0.846828,0.634658,0.691987,0.759328,0.744263,0.875916,0.861378,0.837126,0.775329,0.885226,0.583405,0.840981,0.85605,0.754388,0.583774,0.617664,0.76755,0.823655,0.823584,0.813753,0.649918,0.587069,0.741119,0.891998,0.870634,0.420805,0.792908
0.612437,0.564975,0.603371,0.586498,0.494892,0.526664,1,0.588462,0.511264,0.55666,0.601447,0.481025,0.531266,0.700734,0.519934,0.53414,0.540732,0.465281,0.483654,0.575924,0.584723,0.581675,0.467524,0.645707,0.448974,0.635052,0.698056,0.65857,0.445021,0.334172,0.358496,0.65449,0.581202,0.507537,0.424721,0.0464515,0.523153,0.33429,0.632936,0.603322,0.596698,0.5964,0.538546,0.552948,0.564579,0.512974,0.544557,0.557122,0.407884,0.363199,0.636588,0.496285,0.609092,0.494203,0.566423,0.570205,0.668721,0.474415,0.579929,0.551834,0.466638,0.604744,0.470341,0.650733,0.590246,0.551511,0.515804,0.59391,0.145552,0.615574,0.707665,0.570028,0.472331,0.42131,0.417208,0.57241,0.570969,0.615991,0.560263,0.228331,0.289491,0.652912,0.561981,0.258401,0.539551
0.803093,0.733325,0.865987,0.853318,0.802686,0.76914,0.588462,1,0.583167,0.861669,0.825192,0.746006,0.843113,0.833425,0.743415,0.774386,0.862778,0.728426,0.819355,0.875757,0.871325,0.799648,0.733183,0.901458,0.664138,0.801411,0.812975,0.774534,0.533609,0.516422,0.463758,0.759972,0.892176,0.846369,0.734153,0.509772,0.653122,0.70293,0.905207,0.874251,0.805549,0.784534,0.8864,0.830418,0.852051,0.816452,0.745678,0.800892,0.729699,0.645541,0.571119,0.851107,0.881705,0.779723,0.862262,0.811643,0.795966,0.808063,0.868407,0.682132,0.63265,0.587672,0.838397,0.889161,0.880284,0.803252,0.730442,0.870887,0.64514,0.82651,0.807223,0.769145,0.607123,0.626635,0.656063,0.862931,0.86827,0.849318,0.671348,0.435645,0.693865,0.865565,0.865871,0.556029,0.747445
0.750177,0.714485,0.711034,0.706814,0.711453,0.737181,0.511264,0.583167,1,0.609365,0.638838,0.572911,0.649742,0.742294,0.665033,0.663686,0.71725,0.723311,0.547229,0.678596,0.650713,0.689725,0.545671,0.738875,0.534434,0.71616,0.651836,0.626068,0.358916,0.328942,0.474258,0.621837,0.698337,0.634191,0.572473,0.373214,0.482649,0.615038,0.691511,0.673935,0.611482,0.716483,0.678656,0.715223,0.697446,0.632612,0.667223,0.73792,0.458037,0.573174,0.464559,0.650207,0.663489,0.559492,0.661464,0.759852,0.613768,0.625542,0.657889,0.543834,0.511522,0.654504,0.535683,0.689106,0.644051,0.67305,0.582378,0.723031,0.345313,0.6289,0.683816,0.624151,0.703347,0.423538,0.516583,0.63397,0.621481,0.741868,0.619156,0.462363,0.483162,0.707738,0.651443,0.436848,0.629116
0.902948,0.880579,0.943193,0.89884,0.902569,0.823656,0.55666,0.861669,0.609365,1,0.939146,0.888968,0.941678,0.878125,0.786627,0.905493,0.942586,0.800029,0.890114,0.931839,0.935661,0.882111,0.770866,0.915165,0.704382,0.822708,0.876723,0.775609,0.573782,0.711323,0.554972,0.842935,0.887236,0.935295,0.802379,0.571856,0.576433,0.792836,0.915517,0.93516,0.788123,0.800953,0.898861,0.887746,0.941788,0.892535,0.836321,0.883511,0.729232,0.701705,0.630244,0.950313,0.951985,0.876996,0.926968,0.867895,0.865472,0.905628,0.945442,0.754514,0.6674,0.701924,0.901504,0.931575,0.943559,0.878848,0.802808,0.934532,0.646665,0.905631,0.833822,0.8606,0.701311,0.728086,0.701246,0.907584,0.91537,0.836732,0.706801,0.540487,0.734959,0.947255,0.914689,0.469836,0.790684
0.92417,0.873721,0.950027,0.898882,0.925266,0.828567,0.601447,0.825192,0.638838,0.939146,1,0.858413,0.904159,0.876717,0.746873,0.886998,0.920372,0.788765,0.839265,0.908313,0.907164,0.81977,0.776105,0.912346,0.757597,0.846628,0.894034,0.800356,0.5823,0.715498,0.62511,0.861897,0.839623,0.906515,0.782329,0.523898,0.621206,0.816987,0.913711,0.90783,0.735526,0.766343,0.907998,0.894684,0.935858,0.888617,0.875373,0.860616,0.726706,0.658003,0.671923,0.919429,0.939069,0.83903,0.911266,0.902701,0.831446,0.872996,0.936627,0.801046,0.67158,0.768503,0.875465,0.903718,0.901605,0.84732,0.792144,0.928479,0.572819,0.904547,0.874033,0.837007,0.697991,0.680099,0.652627,0.911132,0.900291,0.793225,0.741905,0.54477,0.745711,0.93852,0.898534,0.470843,0.764588
0.817298,0.820585,0.877293,0.799577,0.802095,0.732194,0.481025,0.746006,0.572911,0.888968,0.858413,1,0.884016,0.77147,0.735622,0.884859,0.874021,0.694326,0.868409,0.848956,0.869978,0.794073,0.691534,0.805312,0.659042,0.734923,0.784401,0.678592,0.58397,0.658195,0.434367,0.738289,0.822405,0.847724,0.794287,0.491413,0.462659,0.77517,0.854307,0.867308,0.640314,0.720265,0.824449,0.821057,0.884396,0.888224,0.735151,0.797433,0.710247,0.748637,0.520824,0.881383,0.84949,0.95296,0.912217,0.758329,0.732504,0.883147,0.894743,0.746727,0.733541,0.666748,0.847463,0.829417,0.848616,0.763678,0.696721,0.820891,0.648429,0.830476,0.73248,0.754608,0.683021,0.651759,0.680725,0.826211,0.849609,0.756419,0.563796,0.413189,0.578977,0.851244,0.867811,0.413814,0.718338
0.942471,0.939371,0.966309,0.894198,0.884289,0.862115,0.531266,0.843113,0.649742,0.941678,0.904159,0.884016,1,0.871752,0.861012,0.958971,0.954772,0.821039,0.881123,0.934217,0.933791,0.868473,0.777461,0.927356,0.752054,0.828234,0.872084,0.833285,0.579148,0.629252,0.495777,0.837893,0.90242,0.889226,0.840444,0.642198,0.581801,0.835168,0.938331,0.927673,0.781597,0.777029,0.953153,0.938968,0.973101,0.938396,0.843315,0.911021,0.745755,0.784016,0.677935,0.954402,0.954397,0.880409,0.954051,0.8828,0.849705,0.955915,0.959192,0.752645,0.75123,0.675667,0.909347,0.943702,0.917959,0.850761,0.806903,0.93346,0.704115,0.935571,0.865193,0.842166,0.739568,0.63696,0.744709,0.876085,0.883711,0.837466,0.642668,0.557161,0.76823,0.952512,0.924212,0.476588,0.85061
0.928656,0.910073,0.933831,0.910767,0.863167,0.877231,0.700734,0.833425,0.742294,0.878125,0.876717,0.77147,0.871752,1,0.728547,0.872938,0.905618,0.847779,0.797862,0.895143,0.894046,0.857705,0.721088,0.942064,0.700352,0.858249,0.923051,0.76167,0.46529,0.597377,0.494794,0.853892,0.858756,0.854406,0.759221,0.497563,0.636293,0.736062,0.938064,0.874597,0.814588,0.825866,0.886194,0.910092,0.913621,0.831092,0.856062,0.90136,0.667759,0.727017,0.734064,0.867589,0.915148,0.775468,0.87901,0.933984,0.867966,0.839012,0.880482,0.758526,0.737735,0.705601,0.80878,0.934869,0.916213,0.8634,0.784046,0.936575,0.561611,0.867909,0.896512,0.870021,0.690692,0.688506,0.744551,0.869806,0.88236,0.865469,0.661348,0.502543,0.740888,0.924883,0.885007,0.437955,0.825922
0.815559,0.802924,0.819223,0.751677,0.782605,0.74914,0.519934,0.743415,0.665033,0.786627,0.746873,0.735622,0.861012,0.728547,1,0.796113,0.815818,0.703888,0.771393,0.835407,0.814944,0.793909,0.735656,0.821034,0.652776,0.756756,0.750554,0.787089,0.566541,0.448387,0.434319,0.706151,0.81024,0.757255,0.73183,0.505626,0.428333,0.773511,0.795748,0.795661,0.714177,0.724221,0.818674,0.762115,0.833845,0.804994,0.734239,0.817429,0.622824,0.627073,0.547178,0.820844,0.80518,0.745009,0.806333,0.736706,0.702191,0.784651,0.813232,0.556518,0.576656,0.574706,0.760144,0.801949,0.773697,0.763443,0.763514,0.799394,0.660645,0.777915,0.819027,0.643605,0.727887,0.497,0.63029,0.730635,0.720433,0.745612,0.654631,0.556735,0.66165,0.80837,0.800566,0.513575,0.781298
0.943276,0.949885,0.952263,0.862657,0.857878,0.815187,0.53414,0.774386,0.663686,0.905493,0.886998,0.884859,0.958971,0.872938,0.796113,1,0.948803,0.778215,0.847371,0.901982,0.897297,0.839056,0.738804,0.891414,0.725443,0.817812,0.868634,0.79969,0.554747,0.644918,0.449241,0.801677,0.867881,0.850719,0.815021,0.596877,0.557126,0.756002,0.923795,0.89956,0.721317,0.748565,0.905083,0.952274,0.953113,0.90263,0.860849,0.909078,0.672901,0.799779,0.677338,0.904627,0.930831,0.896705,0.958023,0.87846,0.834499,0.978944,0.942337,0.775798,0.759437,0.690144,0.875564,0.906525,0.907005,0.819339,0.765529,0.909394,0.669198,0.904434,0.829506,0.830439,0.756019,0.692154,0.693784,0.860082,0.875816,0.817895,0.563076,0.511881,0.690946,0.930433,0.908102,0.409914,0.819504
0.941536,0.914403,0.962512,0.885675,0.921358,0.860648,0.540732,0.862778,0.71725,0.942586,0.920372,0.874021,0.954772,0.905618,0.815818,0.948803,1,0.826752,0.884718,0.958455,0.943904,0.888096,0.8115,0.934148,0.755178,0.846651,0.881748,0.784897,0.613258,0.636292,0.580234,0.866001,0.917738,0.917687,0.840339,0.58976,0.612927,0.812661,0.956864,0.95233,0.788991,0.852241,0.922142,0.949405,0.959347,0.8824,0.883586,0.909877,0.742521,0.742134,0.627841,0.95513,0.960498,0.884139,0.954147,0.921268,0.868193,0.949045,0.970305,0.763408,0.725118,0.736133,0.870037,0.942738,0.938842,0.894185,0.810404,0.950287,0.659869,0.924407,0.868144,0.843431,0.758558,0.753812,0.728275,0.93065,0.924881,0.892782,0.666014,0.546601,0.735687,0.959357,0.954912,0.505185,0.853335
0.855755,0.829039,0.853063,0.859069,0.84755,0.870471,0.465281,0.728426,0.723311,0.800029,0.788765,0.694326,0.821039,0.847779,0.703888,0.778215,0.826752,1,0.737724,0.804906,0.827,0.797739,0.696952,0.84861,0.562646,0.692609,0.790797,0.664881,0.343673,0.516973,0.484333,0.781103,0.718128,0.794045,0.643458,0.562128,0.591288,0.776224,0.847568,0.816515,0.79572,0.756137,0.82149,0.834059,0.869445,0.807608,0.753368,0.786714,0.67551,0.681384,0.585642,0.842132,0.846878,0.715458,0.791787,0.862782,0.684026,0.766965,0.824598,0.571906,0.581191,0.613146,0.747924,0.849961,0.810473,0.782373,0.751455,0.832553,0.604808,0.771909,0.800743,0.770558,0.588916,0.558129,0.702312,0.772023,0.788487,0.757143,0.613354,0.440846,0.719551,0.862178,0.840364,0.418139,0.710497
0.82489,0.806457,0.86242,0.80673,0.835405,0.761974,0.483654,0.819355,0.547229,0.890114,0.839265,0.868409,0.881123,0.797862,0.771393,0.847371,0.884718,0.737724,1,0.905452,0.942298,0.850471,0.759878,0.854716,0.677755,0.731154,0.799248,0.713883,0.609395,0.598329,0.446585,0.796981,0.866057,0.911618,0.806635,0.58467,0.561813,0.768902,0.884572,0.903845,0.739615,0.773279,0.870203,0.827245,0.870069,0.861856,0.788521,0.799776,0.754642,0.707232,0.518999,0.905086,0.878904,0.869221,0.887,0.767588,0.714172,0.848526,0.903748,0.697872,0.709893,0.648384,0.909815,0.893685,0.899788,0.836871,0.765497,0.859797,0.786973,0.853963,0.786495,0.76499,0.664922,0.69159,0.756194,0.905839,0.910251,0.806564,0.572359,0.517261,0.731375,0.879143,0.888702,0.407539,0.842192
0.923871,0.905674,0.950894,0.871792,0.891861,0.870207,0.575924,0.875757,0.678596,0.931839,0.908313,0.848956,0.934217,0.895143,0.835407,0.901982,0.958455,0.804906,0.905452,1,0.972488,0.894139,0.830146,0.949219,0.790747,0.868729,0.890461,0.800588,0.650403,0.655858,0.578822,0.872824,0.924385,0.949835,0.894132,0.584877,0.604579,0.82648,0.952597,0.953625,0.775386,0.856902,0.928646,0.925314,0.941209,0.883842,0.908298,0.927142,0.753124,0.720865,0.632648,0.945485,0.932078,0.887675,0.936844,0.905451,0.840806,0.890118,0.938812,0.789507,0.7792,0.721443,0.882451,0.96501,0.95673,0.924786,0.812417,0.966373,0.677111,0.930771,0.899057,0.815985,0.723804,0.746801,0.768053,0.942347,0.93724,0.877104,0.709116,0.592905,0.761602,0.944456,0.937708,0.498144,0.863599
0.914063,0.900753,0.942539,0.891889,0.898061,0.864058,0.584723,0.871325,0.650713,0.935661,0.907164,0.869978,0.933791,0.894046,0.814944,0.897297,0.943904,0.827,0.942298,0.972488,1,0.925006,0.817736,0.9359,0.74557,0.833752,0.911999,0.78399,0.629458,0.623364,0.512669,0.882907,0.913132,0.950773,0.866787,0.616595,0.584908,0.828178,0.962087,0.959506,0.770889,0.833261,0.932674,0.910199,0.943302,0.918609,0.891955,0.907843,0.778757,0.728718,0.621494,0.946667,0.93334,0.885952,0.930536,0.894211,0.827136,0.888154,0.953824,0.768527,0.770787,0.727091,0.907036,0.969179,0.968912,0.919226,0.825489,0.955291,0.721822,0.926849,0.892578,0.858335,0.711858,0.760153,0.790937,0.949123,0.945921,0.868941,0.683896,0.581016,0.762755,0.947978,0.946045,0.476021,0.892434
0.857646,0.860327,0.872106,0.832858,0.865868,0.798925,0.581675,0.799648,0.689725,0.882111,0.81977,0.794073,0.868473,0.857705,0.793909,0.839056,0.888096,0.797739,0.850471,0.894139,0.925006,1,0.71159,0.856497,0.650376,0.799151,0.852757,0.736598,0.56215,0.443604,0.442755,0.818798,0.843079,0.862616,0.754296,0.472014,0.416608,0.760024,0.894319,0.889821,0.693629,0.873715,0.850224,0.834773,0.874994,0.83843,0.838999,0.877369,0.780176,0.681977,0.522769,0.881404,0.871982,0.79198,0.845674,0.857783,0.79425,0.818959,0.884392,0.662694,0.634314,0.65281,0.79045,0.906943,0.879864,0.85599,0.734902,0.887198,0.599322,0.848833,0.836282,0.864485,0.731725,0.694514,0.72144,0.87293,0.847181,0.87774,0.68512,0.534041,0.653344,0.895826,0.887471,0.431951,0.839315
0.801514,0.762469,0.808379,0.739154,0.75792,0.658269,0.467524,0.733183,0.545671,0.770866,0.776105,0.691534,0.777461,0.721088,0.735656,0.738804,0.8115,0.696952,0.759878,0.830146,0.817736,0.71159,1,0.790936,0.613421,0.774546,0.772794,0.615469,0.494363,0.667784,0.630293,0.8197,0.746193,0.804157,0.675711,0.538577,0.53895,0.753066,0.809313,0.791357,0.644763,0.643077,0.797172,0.80364,0.813506,0.753721,0.807324,0.766595,0.622973,0.658384,0.505855,0.828397,0.803218,0.743299,0.78279,0.768649,0.627059,0.712771,0.807371,0.620904,0.606247,0.650222,0.788627,0.801811,0.789346,0.722647,0.785555,0.807491,0.589437,0.716739,0.804561,0.61928,0.583615,0.621449,0.549105,0.792415,0.811228,0.643977,0.675395,0.501822,0.712668,0.801871,0.781084,0.654152,0.762718
0.955748,0.905378,0.964071,0.933154,0.906918,0.916475,0.645707,0.901458,0.738875,0.915165,0.912346,0.805312,0.927356,0.942064,0.821034,0.891414,0.934148,0.84861,0.854716,0.949219,0.9359,0.856497,0.790936,1,0.778763,0.886225,0.912518,0.844126,0.518631,0.649025,0.565084,0.857403,0.923116,0.909683,0.813325,0.604567,0.696042,0.789689,0.961581,0.929688,0.850166,0.814558,0.955273,0.93995,0.949638,0.894346,0.874777,0.923885,0.73388,0.725262,0.747287,0.909296,0.950144,0.820995,0.9119,0.929096,0.87662,0.872606,0.928075,0.760465,0.750225,0.713547,0.878869,0.96063,0.94299,0.905106,0.829388,0.969885,0.640372,0.908976,0.921046,0.830396,0.662988,0.686514,0.72158,0.888887,0.90895,0.873756,0.727063,0.601327,0.783971,0.954469,0.915918,0.548841,0.852777
0.784724,0.706228,0.786056,0.72726,0.739719,0.741699,0.448974,0.664138,0.534434,0.704382,0.757597,0.659042,0.752054,0.700352,0.652776,0.725443,0.755178,0.562646,0.677755,0.790747,0.74557,0.650376,0.613421,0.778763,1,0.711864,0.72425,0.75883,0.507686,0.534657,0.595947,0.646908,0.724519,0.762626,0.716395,0.473473,0.518126,0.649615,0.757608,0.72487,0.589276,0.643219,0.781829,0.756192,0.769833,0.705486,0.76663,0.770521,0.723993,0.520304,0.530274,0.690269,0.766417,0.655885,0.714299,0.740795,0.731203,0.702381,0.754625,0.629403,0.646886,0.586718,0.689303,0.756097,0.74097,0.751867,0.549522,0.799323,0.499502,0.807345,0.73376,0.651133,0.53689,0.622935,0.468594,0.730968,0.703748,0.730198,0.69888,0.677934,0.667462,0.759633,0.750614,0.460596,0.695195
0.872699,0.833176,0.878868,0.840369,0.808981,0.721135,0.635052,0.801411,0.71616,0.822708,0.846628,0.734923,0.828234,0.858249,0.756756,0.817812,0.846651,0.692609,0.731154,0.868729,0.833752,0.799151,0.774546,0.886225,0.711864,1,0.867619,0.793808,0.49571,0.542149,0.575052,0.813353,0.873193,0.81448,0.744723,0.41027,0.552742,0.723088,0.877789,0.85324,0.64251,0.745542,0.875669,0.856857,0.854123,0.786065,0.867396,0.897916,0.691409,0.723992,0.642046,0.835289,0.864095,0.752529,0.845332,0.865523,0.786408,0.795306,0.818323,0.792153,0.677654,0.645686,0.809928,0.877661,0.848283,0.800314,0.715246,0.888459,0.472264,0.823191,0.872055,0.816889,0.710898,0.601249,0.592289,0.810379,0.833083,0.803476,0.741646,0.543551,0.654213,0.865055,0.787927,0.59245,0.772403
0.903118,0.89118,0.922837,0.907495,0.85493,0.828764,0.698056,0.812975,0.651836,0.876723,0.894034,0.784401,0.872084,0.923051,0.750554,0.868634,0.881748,0.790797,0.799248,0.890461,0.911999,0.852757,0.772794,0.912518,0.72425,0.867619,1,0.838418,0.591872,0.627781,0.472895,0.83827,0.829516,0.871748,0.76098,0.505588,0.596206,0.76001,0.934504,0.899768,0.7366,0.755017,0.871886,0.869516,0.906056,0.862485,0.87119,0.88801,0.674168,0.698728,0.738096,0.877009,0.897955,0.797005,0.887799,0.908854,0.869173,0.844146,0.904983,0.761965,0.700916,0.748309,0.842209,0.931115,0.920741,0.849326,0.849849,0.922952,0.579969,0.881147,0.939233,0.873535,0.650816,0.669142,0.731317,0.884236,0.880264,0.811012,0.681638,0.54454,0.68236,0.929128,0.886255,0.508563,0.832286
0.82698,0.784121,0.833062,0.780655,0.777496,0.765279,0.65857,0.774534,0.626068,0.775609,0.800356,0.678592,0.833285,0.76167,0.787089,0.79969,0.784897,0.664881,0.713883,0.800588,0.78399,0.736598,0.615469,0.844126,0.75883,0.793808,0.838418,1,0.625865,0.462326,0.421124,0.695384,0.792722,0.763265,0.691673,0.456146,0.576706,0.644766,0.828811,0.815181,0.704476,0.688742,0.822443,0.775279,0.822731,0.792107,0.762913,0.793972,0.614864,0.558767,0.678808,0.778029,0.835056,0.692905,0.817284,0.781494,0.786759,0.793516,0.829804,0.655895,0.586913,0.637594,0.737304,0.835195,0.768684,0.744592,0.742,0.805212,0.518499,0.823901,0.852949,0.739828,0.613715,0.463574,0.627073,0.749664,0.74162,0.777704,0.643215,0.493122,0.613067,0.854332,0.794638,0.443871,0.708192
0.475507,0.53104,0.54049,0.402642,0.491708,0.503768,0.445021,0.533609,0.358916,0.573782,0.5823,0.58397,0.579148,0.46529,0.566541,0.554747,0.613258,0.343673,0.609395,0.650403,0.629458,0.56215,0.494363,0.518631,0.507686,0.49571,0.591872,0.625865,1,0.312635,0.32201,0.477151,0.602512,0.580947,0.62797,0.309085,0.411193,0.475732,0.565674,0.647669,0.368109,0.604427,0.488913,0.482076,0.533353,0.517413,0.54166,0.509126,0.352096,0.285936,0.352933,0.602448,0.519319,0.595228,0.642032,0.483503,0.589231,0.585286,0.643784,0.645819,0.493799,0.602344,0.485638,0.587509,0.577304,0.560329,0.56449,0.537403,0.320033,0.641268,0.597935,0.4573,0.453864,0.395053,0.558703,0.681296,0.574464,0.528637,0.410088,0.342644,0.235656,0.59373,0.604846,0.192063,0.529657
0.649684,0.626688,0.694206,0.642207,0.607616,0.555944,0.334172,0.516422,0.328942,0.711323,0.715498,0.658195,0.629252,0.597377,0.448387,0.644918,0.636292,0.516973,0.598329,0.655858,0.623364,0.443604,0.667784,0.649025,0.534657,0.542149,0.627781,0.462326,0.312635,1,0.552657,0.642432,0.541813,0.725892,0.578017,0.490529,0.453406,0.57514,0.608857,0.593396,0.509437,0.394064,0.597286,0.634664,0.678982,0.632837,0.596931,0.597198,0.350947,0.463185,0.501502,0.663853,0.648851,0.685404,0.652407,0.613279,0.581595,0.597762,0.646468,0.602581,0.576693,0.524269,0.691401,0.600265,0.664533,0.61856,0.665434,0.679411,0.504052,0.617385,0.56112,0.472439,0.344284,0.546085,0.467926,0.597688,0.640183,0.401525,0.48259,0.455917,0.558378,0.62709,0.581824,0.379233,0.517211
0.585127,0.456003,0.570407,0.504237,0.594378,0.499045,0.358496,0.463758,0.474258,0.554972,0.62511,0.434367,0.495777,0.494794,0.434319,0.449241,0.580234,0.484333,0.446585,0.578822,0.512669,0.442755,0.630293,0.565084,0.595947,0.575052,0.472895,0.421124,0.32201,0.552657,1,0.643069,0.512942,0.583336,0.388972,0.209491,0.440192,0.43691,0.522429,0.554299,0.456689,0.546301,0.524194,0.540583,0.53242,0.431153,0.574375,0.487452,0.464358,0.254159,0.263712,0.531962,0.589829,0.428054,0.474319,0.541963,0.480923,0.429444,0.531185,0.401999,0.307566,0.544189,0.495984,0.512359,0.500949,0.536817,0.402809,0.570593,0.182781,0.560003,0.54671,0.395974,0.433419,0.446672,0.202783,0.597692,0.559202,0.537467,0.698904,0.424156,0.458534,0.576138,0.559264,0.586663,0.499177
0.867283,0.827929,0.865384,0.820757,0.839519,0.790595,0.65449,0.759972,0.621837,0.842935,0.861897,0.738289,0.837893,0.853892,0.706151,0.801677,0.866001,0.781103,0.796981,0.872824,0.882907,0.818798,0.8197,0.857403,0.646908,0.813353,0.83827,0.695384,0.477151,0.642432,0.643069,1,0.812717,0.859622,0.766623,0.458745,0.539123,0.750835,0.883098,0.857624,0.711918,0.746304,0.837727,0.847264,0.850089,0.759795,0.829396,0.802815,0.708256,0.598771,0.654213,0.86549,0.882789,0.751203,0.816051,0.861181,0.756596,0.760107,0.844258,0.688864,0.651314,0.767643,0.791873,0.880647,0.85209,0.821428,0.786876,0.874905,0.522219,0.840575,0.862802,0.788465,0.684313,0.711199,0.722514,0.853897,0.86445,0.783581,0.677317,0.479013,0.725322,0.887254,0.827098,0.471574,0.827509
0.868679,0.835794,0.892249,0.822311,0.846736,0.815048,0.581202,0.892176,0.698337,0.887236,0.839623,0.822405,0.90242,0.858756,0.81024,0.867881,0.917738,0.718128,0.866057,0.924385,0.913132,0.843079,0.746193,0.923116,0.724519,0.873193,0.829516,0.792722,0.602512,0.541813,0.512942,0.812717,1,0.864475,0.825418,0.598033,0.656944,0.736416,0.915204,0.914416,0.753094,0.802602,0.91592,0.882535,0.88543,0.838671,0.823999,0.860719,0.672509,0.682522,0.621708,0.882896,0.906534,0.838681,0.894626,0.828351,0.807591,0.872982,0.885298,0.748188,0.753326,0.700827,0.84495,0.918241,0.916391,0.849948,0.716024,0.904007,0.604304,0.865321,0.834592,0.806443,0.695823,0.704839,0.703739,0.880936,0.88736,0.871096,0.655187,0.526224,0.690111,0.90331,0.883429,0.534255,0.857709
0.87946,0.838483,0.921639,0.899345,0.891828,0.830546,0.507537,0.846369,0.634191,0.935295,0.906515,0.847724,0.889226,0.854406,0.757255,0.850719,0.917687,0.794045,0.911618,0.949835,0.950773,0.862616,0.804157,0.909683,0.762626,0.81448,0.871748,0.763265,0.580947,0.725892,0.583336,0.859622,0.864475,1,0.827873,0.565143,0.569072,0.819564,0.910196,0.90619,0.75257,0.797504,0.889634,0.870563,0.908953,0.857195,0.852258,0.867716,0.766998,0.663557,0.553723,0.925533,0.912302,0.857065,0.890454,0.888921,0.786368,0.839902,0.913264,0.73662,0.689025,0.692855,0.901063,0.919785,0.927709,0.91871,0.832178,0.936092,0.712002,0.885787,0.853734,0.81695,0.678905,0.741159,0.758164,0.92584,0.919159,0.840227,0.744715,0.598705,0.779,0.913402,0.891396,0.48905,0.822027
0.794713,0.81243,0.820334,0.722015,0.771544,0.780673,0.424721,0.734153,0.572473,0.802379,0.782329,0.794287,0.840444,0.759221,0.73183,0.815021,0.840339,0.643458,0.806635,0.894132,0.866787,0.754296,0.675711,0.813325,0.716395,0.744723,0.76098,0.691673,0.62797,0.578017,0.388972,0.766623,0.825418,0.827873,1,0.581947,0.441097,0.78371,0.835285,0.845219,0.590179,0.679014,0.812573,0.810906,0.814498,0.781638,0.821662,0.856484,0.639634,0.663228,0.62069,0.851983,0.781994,0.807857,0.839918,0.783571,0.761948,0.803512,0.81376,0.78108,0.810618,0.632776,0.76482,0.841527,0.846366,0.806853,0.735082,0.857284,0.622937,0.841273,0.759254,0.691264,0.682716,0.686982,0.815372,0.801069,0.84319,0.747242,0.500504,0.506915,0.679714,0.786286,0.807498,0.342557,0.752372
0.594968,0.631464,0.587795,0.565896,0.583823,0.634252,0.0464515,0.509772,0.373214,0.571856,0.523898,0.491413,0.642198,0.497563,0.505626,0.596877,0.58976,0.562128,0.58467,0.584877,0.616595,0.472014,0.538577,0.604567,0.473473,0.41027,0.505588,0.456146,0.309085,0.490529,0.209491,0.458745,0.598033,0.565143,0.581947,1,0.419385,0.558608,0.566986,0.548519,0.42179,0.355957,0.638217,0.620283,0.643269,0.63838,0.540275,0.561666,0.356391,0.468593,0.449414,0.605478,0.574831,0.52083,0.582451,0.586017,0.492863,0.620337,0.606713,0.410558,0.561066,0.432302,0.596883,0.570575,0.631567,0.569922,0.589292,0.633671,0.675598,0.558957,0.436772,0.488551,0.359854,0.500426,0.538411,0.543094,0.563588,0.389773,0.282485,0.611038,0.676035,0.54812,0.571553,0.332982,0.587707
0.628034,0.539059,0.623554,0.606226,0.551866,0.631386,0.523153,0.653122,0.482649,0.576433,0.621206,0.462659,0.581801,0.636293,0.428333,0.557126,0.612927,0.591288,0.561813,0.604579,0.584908,0.416608,0.53895,0.696042,0.518126,0.552742,0.596206,0.576706,0.411193,0.453406,0.440192,0.539123,0.656944,0.569072,0.441097,0.419385,1,0.468322,0.627054,0.615932,0.741123,0.494268,0.628179,0.639533,0.59746,0.529462,0.484178,0.504288,0.387288,0.426825,0.629953,0.551172,0.657913,0.509636,0.602583,0.548477,0.587285,0.56016,0.604701,0.576895,0.499062,0.590206,0.588495,0.6637,0.636066,0.559577,0.482126,0.606442,0.321357,0.566613,0.603219,0.556559,0.264793,0.437254,0.385439,0.608256,0.615636,0.563547,0.414281,0.262688,0.467115,0.680452,0.591494,0.327767,0.47933
0.80081,0.792867,0.831555,0.796115,0.842003,0.763872,0.33429,0.70293,0.615038,0.792836,0.816987,0.77517,0.835168,0.736062,0.773511,0.756002,0.812661,0.776224,0.768902,0.82648,0.828178,0.760024,0.753066,0.789689,0.649615,0.723088,0.76001,0.644766,0.475732,0.57514,0.43691,0.750835,0.736416,0.819564,0.78371,0.558608,0.468322,1,0.794399,0.788532,0.638727,0.662113,0.832906,0.7858,0.84126,0.830302,0.758153,0.805149,0.698963,0.669839,0.54283,0.879091,0.793181,0.75039,0.789506,0.801881,0.646448,0.736428,0.801496,0.677504,0.646701,0.59326,0.793339,0.807443,0.767538,0.765343,0.732,0.821427,0.602229,0.756808,0.782942,0.71989,0.624372,0.505719,0.711556,0.757887,0.763404,0.657555,0.614359,0.481723,0.760473,0.798921,0.787051,0.399234,0.69559
0.9446,0.91235,0.967788,0.913869,0.897585,0.876264,0.632936,0.905207,0.691511,0.915517,0.913711,0.854307,0.938331,0.938064,0.795748,0.923795,0.956864,0.847568,0.884572,0.952597,0.962087,0.894319,0.809313,0.961581,0.757608,0.877789,0.934504,0.828811,0.565674,0.608857,0.522429,0.883098,0.915204,0.910196,0.835285,0.566986,0.627054,0.794399,1,0.958805,0.802134,0.823882,0.950356,0.951839,0.960535,0.913859,0.90261,0.921287,0.772249,0.765842,0.680768,0.936682,0.961284,0.875884,0.949268,0.929499,0.855783,0.914091,0.962739,0.77728,0.77481,0.72354,0.891031,0.974505,0.955141,0.889813,0.817968,0.956758,0.677401,0.921256,0.916393,0.866189,0.70431,0.721011,0.758954,0.927621,0.947505,0.896015,0.671479,0.513849,0.7505,0.964354,0.96024,0.518638,0.879008
0.906272,0.87589,0.932158,0.866958,0.896618,0.851691,0.603322,0.874251,0.673935,0.93516,0.90783,0.867308,0.927673,0.874597,0.795661,0.89956,0.95233,0.816515,0.903845,0.953625,0.959506,0.889821,0.791357,0.929688,0.72487,0.85324,0.899768,0.815181,0.647669,0.593396,0.554299,0.857624,0.914416,0.90619,0.845219,0.548519,0.615932,0.788532,0.958805,1,0.783956,0.841709,0.912394,0.904677,0.929613,0.897315,0.880931,0.894176,0.763964,0.739158,0.652805,0.947633,0.9367,0.883552,0.939403,0.869265,0.856991,0.909199,0.956404,0.7639,0.728791,0.753919,0.876147,0.961336,0.947858,0.883877,0.798826,0.931279,0.63495,0.930393,0.886086,0.83895,0.696104,0.724592,0.742615,0.934026,0.945366,0.889748,0.661169,0.522627,0.685536,0.961232,0.95633,0.507414,0.846922
0.786216,0.723325,0.794005,0.795868,0.733207,0.806408,0.596698,0.805549,0.611482,0.788123,0.735526,0.640314,0.781597,0.814588,0.714177,0.721317,0.788991,0.79572,0.739615,0.775386,0.770889,0.693629,0.644763,0.850166,0.589276,0.64251,0.7366,0.704476,0.368109,0.509437,0.456689,0.711918,0.753094,0.75257,0.590179,0.42179,0.741123,0.638727,0.802134,0.783956,1,0.69597,0.77926,0.767778,0.781372,0.716934,0.62212,0.701485,0.584429,0.568346,0.632152,0.75091,0.821901,0.648941,0.75036,0.726744,0.734795,0.721931,0.781678,0.509489,0.521683,0.599599,0.733411,0.819739,0.787823,0.761402,0.683152,0.769198,0.554636,0.714971,0.773392,0.68169,0.489827,0.527855,0.570103,0.743313,0.759441,0.785661,0.558758,0.359767,0.663753,0.839185,0.79436,0.382054,0.688461
0.774935,0.74533,0.807998,0.752474,0.79084,0.779523,0.5964,0.784534,0.716483,0.800953,0.766343,0.720265,0.777029,0.825866,0.724221,0.748565,0.852241,0.756137,0.773279,0.856902,0.833261,0.873715,0.643077,0.814558,0.643219,0.745542,0.755017,0.688742,0.604427,0.394064,0.546301,0.746304,0.802602,0.797504,0.679014,0.355957,0.494268,0.662113,0.823882,0.841709,0.69597,1,0.761729,0.76241,0.799663,0.722896,0.752868,0.785521,0.694524,0.588327,0.452545,0.809488,0.811065,0.749025,0.801425,0.801288,0.75611,0.741855,0.810642,0.610705,0.572726,0.62053,0.682755,0.824035,0.797164,0.800106,0.649158,0.812012,0.495047,0.814715,0.769823,0.72282,0.688794,0.615749,0.681273,0.837709,0.812302,0.887469,0.690794,0.423975,0.538656,0.839299,0.852778,0.471006,0.705553
0.948028,0.906672,0.963278,0.915286,0.897971,0.866375,0.538546,0.8864,0.678656,0.898861,0.907998,0.824449,0.953153,0.886194,0.818674,0.905083,0.922142,0.82149,0.870203,0.928646,0.932674,0.850224,0.797172,0.955273,0.781829,0.875669,0.871886,0.822443,0.488913,0.597286,0.524194,0.837727,0.91592,0.889634,0.812573,0.638217,0.628179,0.832906,0.950356,0.912394,0.77926,0.761729,1,0.949274,0.960483,0.942623,0.884903,0.913756,0.776834,0.791243,0.668873,0.922716,0.941535,0.83206,0.917821,0.906471,0.79564,0.898687,0.92917,0.752365,0.776416,0.657314,0.910459,0.947056,0.911469,0.852312,0.773219,0.946746,0.691259,0.912046,0.891384,0.830757,0.697872,0.624695,0.703386,0.881142,0.890808,0.839582,0.706206,0.592398,0.837606,0.935793,0.907468,0.557393,0.873305
0.968265,0.943668,0.968414,0.896275,0.872806,0.861623,0.552948,0.830418,0.715223,0.887746,0.894684,0.821057,0.938968,0.910092,0.762115,0.952274,0.949405,0.834059,0.827245,0.925314,0.910199,0.834773,0.80364,0.93995,0.756192,0.856857,0.869516,0.775279,0.482076,0.634664,0.540583,0.847264,0.882535,0.870563,0.810906,0.620283,0.639533,0.7858,0.951839,0.904677,0.767778,0.76241,0.949274,1,0.958491,0.89775,0.904594,0.931508,0.716634,0.807123,0.70205,0.898016,0.938111,0.845696,0.931611,0.931808,0.821815,0.925375,0.931718,0.789676,0.788948,0.69757,0.865767,0.937429,0.916054,0.857463,0.761879,0.94663,0.635518,0.899037,0.869594,0.832854,0.729347,0.70221,0.674645,0.876935,0.902848,0.831578,0.657449,0.53402,0.779473,0.93854,0.911352,0.467431,0.844163
0.970692,0.948745,0.990819,0.932298,0.918642,0.876638,0.564579,0.852051,0.697446,0.941788,0.935858,0.884396,0.973101,0.913621,0.833845,0.953113,0.959347,0.869445,0.870069,0.941209,0.943302,0.874994,0.813506,0.949638,0.769833,0.854123,0.906056,0.822731,0.533353,0.678982,0.53242,0.850089,0.88543,0.908953,0.814498,0.643269,0.59746,0.84126,0.960535,0.929613,0.781372,0.799663,0.960483,0.958491,1,0.955109,0.889433,0.931461,0.747039,0.79668,0.672047,0.954934,0.966862,0.898067,0.961991,0.933688,0.844846,0.941029,0.97122,0.768562,0.759594,0.704702,0.901319,0.950593,0.935172,0.870424,0.828428,0.961123,0.705256,0.928792,0.883566,0.854501,0.737013,0.679574,0.72346,0.890125,0.905092,0.836971,0.696225,0.574293,0.783404,0.962252,0.94218,0.524331,0.842641
0.905726,0.902125,0.942436,0.879541,0.855599,0.816847,0.512974,0.816452,0.632612,0.892535,0.888617,0.888224,0.938396,0.831092,0.804994,0.90263,0.8824,0.807608,0.861856,0.883842,0.918609,0.83843,0.753721,0.894346,0.705486,0.786065,0.862485,0.792107,0.517413,0.632837,0.431153,0.759795,0.838671,0.857195,0.781638,0.63838,0.529462,0.830302,0.913859,0.897315,0.716934,0.722896,0.942623,0.89775,0.955109,1,0.839929,0.886411,0.720922,0.805599,0.603738,0.91242,0.891714,0.880318,0.919606,0.84968,0.765106,0.899599,0.934179,0.736855,0.786248,0.623391,0.894345,0.90781,0.885857,0.815812,0.772243,0.903622,0.725253,0.895674,0.835211,0.799193,0.675796,0.573948,0.696956,0.84072,0.851225,0.767426,0.642088,0.551893,0.744071,0.900856,0.897519,0.499335,0.82281
0.912623,0.887324,0.897552,0.793259,0.881798,0.78499,0.544557,0.745678,0.667223,0.836321,0.875373,0.735151,0.843315,0.856062,0.734239,0.860849,0.883586,0.753368,0.788521,0.908298,0.891955,0.838999,0.807324,0.874777,0.76663,0.867396,0.87119,0.762913,0.54166,0.596931,0.574375,0.829396,0.823999,0.852258,0.821662,0.540275,0.484178,0.758153,0.90261,0.880931,0.62212,0.752868,0.884903,0.904594,0.889433,0.839929,1,0.920207,0.67429,0.687224,0.607725,0.86553,0.868061,0.769154,0.841892,0.904641,0.760733,0.823407,0.871716,0.759859,0.769933,0.66955,0.778453,0.897322,0.869759,0.863472,0.742833,0.919258,0.546595,0.86992,0.885051,0.761426,0.695089,0.72587,0.656216,0.868631,0.869397,0.785873,0.702651,0.606045,0.772023,0.87218,0.874908,0.49513,0.846491
0.940594,0.933869,0.940634,0.882237,0.856505,0.838249,0.557122,0.800892,0.73792,0.883511,0.860616,0.797433,0.911021,0.90136,0.817429,0.909078,0.909877,0.786714,0.799776,0.927142,0.907843,0.877369,0.766595,0.923885,0.770521,0.897916,0.88801,0.793972,0.509126,0.597198,0.487452,0.802815,0.860719,0.867716,0.856484,0.561666,0.504288,0.805149,0.921287,0.894176,0.701485,0.785521,0.913756,0.931508,0.931461,0.886411,0.920207,1,0.713743,0.797385,0.685765,0.888058,0.894041,0.812354,0.899037,0.910443,0.863798,0.870718,0.888475,0.802892,0.782873,0.629894,0.843879,0.929875,0.911077,0.87874,0.771774,0.954636,0.611462,0.893599,0.868006,0.838498,0.745539,0.680479,0.701889,0.832625,0.865027,0.840106,0.694953,0.608139,0.742293,0.901667,0.871973,0.482407,0.82304
0.7255,0.638221,0.747483,0.770079,0.754625,0.658755,0.407884,0.729699,0.458037,0.729232,0.726706,0.710247,0.745755,0.667759,0.622824,0.672901,0.742521,0.67551,0.754642,0.753124,0.778757,0.780176,0.622973,0.73388,0.723993,0.691409,0.674168,0.614864,0.352096,0.350947,0.464358,0.708256,0.672509,0.766998,0.639634,0.356391,0.387288,0.698963,0.772249,0.763964,0.584429,0.694524,0.776834,0.716634,0.747039,0.720922,0.67429,0.713743,1,0.648176,0.414816,0.748659,0.772533,0.672889,0.694916,0.715807,0.653647,0.680972,0.757258,0.533572,0.499121,0.454212,0.750865,0.768862,0.726637,0.722307,0.556885,0.754347,0.579521,0.770509,0.688163,0.724682,0.553486,0.623169,0.515283,0.73552,0.730551,0.766307,0.644567,0.53914,0.652398,0.752489,0.753766,0.44563,0.649775
0.776756,0.788567,0.788329,0.758021,0.63432,0.630979,0.363199,0.645541,0.573174,0.701705,0.658003,0.748637,0.784016,0.727017,0.627073,0.799779,0.742134,0.681384,0.707232,0.720865,0.728718,0.681977,0.658384,0.725262,0.520304,0.723992,0.698728,0.558767,0.285936,0.463185,0.254159,0.598771,0.682522,0.663557,0.663228,0.468593,0.426825,0.669839,0.765842,0.739158,0.568346,0.588327,0.791243,0.807123,0.79668,0.805599,0.687224,0.797385,0.648176,1,0.558195,0.755662,0.723885,0.776861,0.80914,0.699028,0.606173,0.785857,0.736991,0.642532,0.684887,0.470918,0.778039,0.768466,0.741523,0.601722,0.601378,0.745293,0.650497,0.699434,0.662282,0.69437,0.670526,0.464166,0.576568,0.65033,0.731903,0.639837,0.422072,0.370363,0.606646,0.73933,0.717519,0.467781,0.665752
0.738459,0.721005,0.697793,0.685372,0.617896,0.730885,0.636588,0.571119,0.464559,0.630244,0.671923,0.520824,0.677935,0.734064,0.547178,0.677338,0.627841,0.585642,0.518999,0.632648,0.621494,0.522769,0.505855,0.747287,0.530274,0.642046,0.738096,0.678808,0.352933,0.501502,0.263712,0.654213,0.621708,0.553723,0.62069,0.449414,0.629953,0.54283,0.680768,0.652805,0.632152,0.452545,0.668873,0.70205,0.672047,0.603738,0.607725,0.685765,0.414816,0.558195,1,0.607799,0.674109,0.520021,0.651602,0.668056,0.765053,0.615945,0.626666,0.655468,0.575851,0.640386,0.592151,0.704477,0.668568,0.585819,0.666258,0.68841,0.288119,0.648638,0.737471,0.634183,0.392088,0.463333,0.571825,0.537407,0.61691,0.512421,0.378396,0.364733,0.549212,0.713242,0.610151,0.274256,0.563741
0.908347,0.897219,0.944909,0.878931,0.921888,0.827223,0.496285,0.851107,0.650207,0.950313,0.919429,0.881383,0.954402,0.867589,0.820844,0.904627,0.95513,0.842132,0.905086,0.945485,0.946667,0.881404,0.828397,0.909296,0.690269,0.835289,0.877009,0.778029,0.602448,0.663853,0.531962,0.86549,0.882896,0.925533,0.851983,0.605478,0.551172,0.879091,0.936682,0.947633,0.75091,0.809488,0.922716,0.898016,0.954934,0.91242,0.86553,0.888058,0.748659,0.755662,0.607799,1,0.945462,0.887091,0.941847,0.893736,0.813152,0.911315,0.956404,0.765011,0.714041,0.687292,0.902795,0.940093,0.914193,0.864823,0.852198,0.929967,0.698093,0.90667,0.865244,0.82546,0.71553,0.659395,0.792974,0.905397,0.915437,0.826428,0.646665,0.52595,0.76824,0.940739,0.92997,0.517405,0.825669
0.956593,0.898228,0.967549,0.921401,0.928238,0.847952,0.609092,0.881705,0.663489,0.951985,0.939069,0.84949,0.954397,0.915148,0.80518,0.930831,0.960498,0.846878,0.878904,0.932078,0.93334,0.871982,0.803218,0.950144,0.766417,0.864095,0.897955,0.835056,0.519319,0.648851,0.589829,0.882789,0.906534,0.912302,0.781994,0.574831,0.657913,0.793181,0.961284,0.9367,0.821901,0.811065,0.941535,0.938111,0.966862,0.891714,0.868061,0.894041,0.772533,0.723885,0.674109,0.945462,1,0.859127,0.93746,0.908744,0.858938,0.922839,0.960303,0.744703,0.679416,0.708746,0.91028,0.951161,0.935072,0.864178,0.793278,0.945783,0.653893,0.911855,0.877113,0.876093,0.713295,0.72114,0.689909,0.90523,0.926283,0.879991,0.699296,0.517785,0.770738,0.975232,0.943063,0.520337,0.824188
