1,0.933658,0.956943,0.894303,0.872212,0.868581,0.72445,0.624771,0.854133,0.782056,0.912589,0.931536,0.931625,0.961957,0.768841,0.927687,0.932163,0.879924,0.893932,0.959476,0.934975,0.677741,0.876943,0.973071,0.71546,0.888904,0.90804,0.789163,0.55216,0.645756,0.351182,0.742897,0.899649,0.945531,0.813166,0.608213,0.439501,0.862248,0.94951,0.903531,0.838738,0.907578,0.968339,0.956677,0.9589,0.957646,0.926368,0.909405,0.738507,0.656888,0.853069,0.86947,0.847003,0.928994,0.954985,0.946811,0.850816,0.91243,0.942248,0.727392,0.848808,0.823301,0.894838,0.949069,0.952736,0.759506,0.884015,0.964653,0.61874,0.795707,0.925898,0.904685,0.635735,0.792844,0.749529,0.880851,0.908646,0.79271,0.762944,0.799006,0.824622,0.949434,0.92268,0.56412,0.801464
0.933658,1,0.933121,0.839359,0.819839,0.817891,0.591309,0.513472,0.752806,0.677981,0.837516,0.875079,0.884132,0.914821,0.688421,0.88464,0.887171,0.842409,0.804062,0.929348,0.873066,0.710313,0.771318,0.914781,0.657664,0.848835,0.843359,0.769115,0.476449,0.633219,0.293595,0.650423,0.796464,0.8811,0.727823,0.458925,0.382369,0.824736,0.895104,0.856519,0.83162,0.834838,0.903613,0.905011,0.914856,0.891394,0.84597,0.837172,0.591286,0.604628,0.729173,0.876763,0.868125,0.856842,0.902736,0.863453,0.820956,0.85722,0.886451,0.721923,0.728433,0.813731,0.846579,0.899792,0.878903,0.641675,0.79733,0.896709,0.600535,0.777774,0.851821,0.84234,0.645423,0.719866,0.653393,0.84797,0.826419,0.776823,0.73673,0.734999,0.748223,0.872828,0.89844,0.533027,0.713925
0.956943,0.933121,1,0.91712,0.890806,0.890875,0.691165,0.632396,0.835833,0.779421,0.930073,0.927245,0.943825,0.95378,0.778976,0.942848,0.96501,0.913054,0.875019,0.965613,0.935147,0.64796,0.850448,0.96847,0.705513,0.90952,0.918359,0.816805,0.560915,0.701546,0.32831,0.729032,0.857209,0.931458,0.788932,0.565749,0.410038,0.802338,0.960438,0.909038,0.816617,0.909996,0.969892,0.96291,0.966514,0.960929,0.893053,0.91724,0.656952,0.671946,0.796024,0.879176,0.87074,0.934859,0.958161,0.933632,0.848665,0.926989,0.933799,0.715726,0.849098,0.803738,0.893886,0.970503,0.957097,0.743313,0.878367,0.95197,0.619075,0.851918,0.91377,0.886904,0.662325,0.784808,0.706734,0.912799,0.918579,0.822744,0.750881,0.788551,0.82834,0.954117,0.948131,0.52371,0.828315
0.894303,0.839359,0.91712,1,0.850515,0.835336,0.717179,0.617186,0.797251,0.813299,0.90063,0.912071,0.937253,0.871614,0.689171,0.874174,0.898061,0.822107,0.8422,0.896164,0.856194,0.474483,0.816462,0.880961,0.660759,0.838236,0.862479,0.723182,0.583071,0.580744,0.259839,0.598524,0.809669,0.851141,0.752265,0.487407,0.397147,0.720139,0.906366,0.888283,0.750579,0.788995,0.921479,0.911314,0.924667,0.908158,0.814713,0.864564,0.674079,0.693348,0.720888,0.895232,0.837578,0.907836,0.931638,0.849539,0.812779,0.922945,0.914314,0.680718,0.80064,0.749814,0.875935,0.921496,0.910313,0.724022,0.807273,0.896973,0.525853,0.766551,0.813381,0.873798,0.553369,0.69413,0.719811,0.875236,0.876433,0.759379,0.609959,0.764022,0.799194,0.93086,0.909245,0.407077,0.829683
0.872212,0.819839,0.890806,0.850515,1,0.871142,0.723729,0.746619,0.738638,0.796364,0.839924,0.836284,0.918037,0.890558,0.706286,0.882843,0.901155,0.839151,0.81638,0.870994,0.882994,0.585257,0.823979,0.911696,0.701761,0.8898,0.871015,0.803323,0.613221,0.709115,0.382463,0.635987,0.817743,0.870784,0.765287,0.581506,0.375552,0.699391,0.865059,0.894802,0.718683,0.822679,0.880975,0.887654,0.90358,0.897507,0.822571,0.849132,0.708909,0.801724,0.733293,0.826343,0.829334,0.850374,0.910361,0.885036,0.809363,0.886953,0.871416,0.696971,0.811378,0.707251,0.843516,0.892181,0.905518,0.654833,0.860479,0.900022,0.605143,0.788598,0.864504,0.78845,0.5809,0.738547,0.744113,0.843164,0.841401,0.857313,0.688487,0.726807,0.785633,0.903266,0.82387,0.462473,0.777116
0.868581,0.817891,0.890875,0.835336,0.871142,1,0.695632,0.708936,0.835555,0.719936,0.824001,0.83578,0.860826,0.872726,0.785503,0.807237,0.882967,0.882994,0.836061,0.872017,0.874676,0.576928,0.816781,0.902131,0.683409,0.820345,0.871256,0.701646,0.533533,0.587155,0.354268,0.679761,0.787694,0.890951,0.795222,0.570167,0.576361,0.718123,0.873278,0.871042,0.697742,0.841923,0.891154,0.887271,0.863232,0.882757,0.823266,0.783134,0.726924,0.710998,0.751086,0.853547,0.820017,0.843003,0.877494,0.907132,0.836381,0.823731,0.828185,0.672462,0.762387,0.727883,0.825722,0.868544,0.886114,0.672534,0.813216,0.861668,0.603534,0.824567,0.8232,0.804708,0.556227,0.673507,0.689913,0.870195,0.86456,0.82384,0.681559,0.764417,0.83191,0.88066,0.823699,0.472358,0.797136
0.72445,0.591309,0.691165,0.717179,0.723729,0.695632,1,0.714074,0.723896,0.712468,0.737802,0.791016,0.725242,0.704443,0.601386,0.703544,0.681671,0.719878,0.67723,0.711516,0.766142,0.413277,0.739314,0.693249,0.488323,0.677491,0.729497,0.654797,0.456392,0.52218,0.225304,0.560414,0.741024,0.756851,0.714317,0.477665,0.487009,0.621646,0.726606,0.690045,0.645601,0.664782,0.730964,0.728284,0.721917,0.767282,0.684696,0.661107,0.789565,0.650052,0.648951,0.667516,0.528347,0.676588,0.727718,0.755742,0.664628,0.73206,0.70026,0.519509,0.680118,0.595023,0.789726,0.727704,0.737315,0.566826,0.676108,0.725387,0.415589,0.536094,0.657481,0.687773,0.375,0.521706,0.595814,0.725893,0.70533,0.58834,0.531628,0.529889,0.671457,0.788548,0.690537,0.266817,0.651388
0.624771,0.513472,0.632396,0.617186,0.746619,0.708936,0.714074,1,0.522174,0.786601,0.605599,0.69921,0.700065,0.620169,0.533538,0.617219,0.669951,0.689974,0.609521,0.654343,0.706077,0.415712,0.640656,0.683713,0.540373,0.672178,0.686621,0.598959,0.590381,0.545428,0.277871,0.429566,0.680399,0.64111,0.592923,0.538524,0.314395,0.508361,0.607985,0.690387,0.433287,0.693018,0.641392,0.657757,0.634623,0.683521,0.652821,0.579708,0.671302,0.685667,0.532878,0.573437,0.546831,0.574954,0.628283,0.662633,0.615786,0.654325,0.55312,0.391036,0.697157,0.489666,0.626791,0.665015,0.690915,0.429953,0.634954,0.652105,0.37944,0.53996,0.655106,0.570087,0.376667,0.512635,0.548442,0.614643,0.621999,0.613295,0.46367,0.443411,0.664217,0.717232,0.623119,0.311071,0.664022
0.854133,0.752806,0.835833,0.797251,0.738638,0.835555,0.723896,0.522174,1,0.6163,0.854178,0.784644,0.796508,0.827357,0.796499,0.781642,0.812693,0.788783,0.83199,0.826677,0.841462,0.434433,0.835864,0.823131,0.555301,0.767478,0.809376,0.63898,0.462459,0.54157,0.331106,0.669923,0.751636,0.874962,0.78784,0.633647,0.601485,0.743205,0.878865,0.776081,0.731672,0.794434,0.863416,0.858297,0.820368,0.831299,0.794204,0.77957,0.727201,0.643837,0.731561,0.765266,0.686621,0.814853,0.825911,0.896669,0.78607,0.770346,0.827435,0.633505,0.711524,0.718349,0.819262,0.830833,0.849157,0.675868,0.774666,0.82845,0.62353,0.780083,0.776339,0.834376,0.555433,0.646404,0.639343,0.887841,0.856729,0.738373,0.65975,0.749092,0.745728,0.83344,0.814937,0.492766,0.766722
0.782056,0.677981,0.779421,0.813299,0.796364,0.719936,0.712468,0.786601,0.6163,1,0.797411,0.810705,0.845863,0.753016,0.595093,0.797636,0.816029,0.737141,0.711503,0.765005,0.802095,0.361106,0.713858,0.78939,0.633645,0.803397,0.809598,0.711191,0.685559,0.595473,0.208318,0.556814,0.735301,0.75048,0.585519,0.494966,0.347362,0.627619,0.76859,0.801889,0.56514,0.758105,0.80554,0.767514,0.822507,0.806497,0.720175,0.768407,0.654182,0.687111,0.672784,0.770928,0.719377,0.7358,0.79076,0.754938,0.788177,0.84906,0.791939,0.4906,0.80518,0.586441,0.74773,0.813136,0.810779,0.627343,0.730152,0.805877,0.361205,0.654463,0.777644,0.780241,0.435615,0.639684,0.725576,0.722418,0.765198,0.706989,0.537105,0.64868,0.754771,0.84789,0.755439,0.323499,0.765923
0.912589,0.837516,0.930073,0.90063,0.839924,0.824001,0.737802,0.605599,0.854178,0.797411,1,0.915714,0.923156,0.894362,0.74859,0.895714,0.932498,0.830429,0.810792,0.90251,0.882862,0.505177,0.853766,0.91293,0.636842,0.872448,0.901815,0.777139,0.504417,0.694626,0.269529,0.724236,0.859062,0.905876,0.760968,0.553832,0.422512,0.759182,0.917461,0.858931,0.764632,0.867484,0.947715,0.914447,0.93847,0.898964,0.83683,0.901137,0.743052,0.70637,0.778584,0.804206,0.773701,0.866062,0.930815,0.912759,0.840887,0.928328,0.928254,0.661121,0.840941,0.755475,0.851474,0.944846,0.92433,0.741047,0.881978,0.920209,0.562049,0.780812,0.879409,0.90274,0.579184,0.760919,0.716277,0.868289,0.875028,0.740603,0.656167,0.782456,0.782768,0.909462,0.893853,0.482305,0.822165
0.931536,0.875079,0.927245,0.912071,0.836284,0.83578,0.791016,0.69921,0.784644,0.810705,0.915714,1,0.927464,0.89073,0.672218,0.885657,0.910102,0.854465,0.809048,0.926566,0.894468,0.617181,0.825168,0.913337,0.702903,0.857874,0.888854,0.755015,0.503128,0.639053,0.34484,0.707882,0.859591,0.900433,0.790265,0.554134,0.363953,0.795514,0.909031,0.886014,0.790876,0.867136,0.937183,0.916746,0.934521,0.930871,0.888312,0.852052,0.722319,0.624218,0.764882,0.833473,0.819219,0.886215,0.922196,0.878535,0.81413,0.895898,0.891207,0.655153,0.863553,0.771259,0.869693,0.931519,0.912466,0.724777,0.837025,0.904597,0.549136,0.762264,0.849365,0.859857,0.535161,0.672752,0.700273,0.836655,0.874217,0.715832,0.618358,0.701276,0.857582,0.941209,0.903033,0.423461,0.798235
0.931625,0.884132,0.943825,0.937253,0.918037,0.860826,0.725242,0.700065,0.796508,0.845863,0.923156,0.927464,1,0.907829,0.731631,0.941877,0.96175,0.865218,0.848532,0.939399,0.92518,0.587051,0.859382,0.942536,0.756347,0.911371,0.895249,0.788836,0.630384,0.673075,0.267181,0.642633,0.880117,0.912559,0.791018,0.535796,0.404281,0.779614,0.926017,0.909159,0.810895,0.86941,0.938088,0.938124,0.953429,0.940885,0.863285,0.887896,0.714236,0.756341,0.754268,0.871169,0.843361,0.90507,0.958658,0.893328,0.86273,0.960775,0.933806,0.68363,0.866997,0.783099,0.85838,0.949145,0.957136,0.703466,0.883891,0.930892,0.622157,0.783931,0.852107,0.892072,0.63839,0.741069,0.791508,0.896471,0.893175,0.82165,0.671872,0.756999,0.812824,0.955014,0.895171,0.388963,0.829388
0.961957,0.914821,0.95378,0.871614,0.890558,0.872726,0.704443,0.620169,0.827357,0.753016,0.894362,0.89073,0.907829,1,0.743472,0.905124,0.915797,0.909843,0.87126,0.943236,0.900304,0.648581,0.918554,0.973064,0.68287,0.898826,0.95318,0.822402,0.566688,0.714579,0.384077,0.76724,0.885028,0.9418,0.789696,0.657147,0.375379,0.841273,0.943928,0.928717,0.83517,0.896561,0.958086,0.957831,0.961741,0.953003,0.939792,0.933986,0.698864,0.714111,0.859655,0.868213,0.870215,0.912382,0.952202,0.957475,0.844488,0.89731,0.93106,0.722975,0.826031,0.854219,0.897579,0.94475,0.944956,0.756544,0.911715,0.969679,0.575734,0.81286,0.932519,0.891266,0.681571,0.774308,0.747144,0.880247,0.883209,0.809608,0.775014,0.818982,0.806019,0.936944,0.939126,0.61401,0.738178
0.768841,0.688421,0.778976,0.689171,0.706286,0.785503,0.601386,0.533538,0.796499,0.595093,0.74859,0.672218,0.731631,0.743472,1,0.772078,0.778298,0.709519,0.687441,0.763524,0.78507,0.536636,0.745001,0.779504,0.608608,0.688919,0.726763,0.574626,0.413423,0.479406,0.283995,0.55755,0.704187,0.803727,0.644293,0.578247,0.540582,0.646877,0.764765,0.651223,0.673766,0.781054,0.800527,0.773122,0.757058,0.779197,0.727888,0.753663,0.704703,0.665404,0.684096,0.647365,0.58203,0.704217,0.730339,0.818559,0.712305,0.727472,0.724983,0.510516,0.683974,0.585737,0.704834,0.715542,0.772233,0.621713,0.7654,0.767879,0.578543,0.753189,0.740065,0.73454,0.527413,0.638472,0.581026,0.749725,0.803945,0.635586,0.77385,0.674286,0.613478,0.763174,0.729352,0.460356,0.648239
0.927687,0.88464,0.942848,0.874174,0.882843,0.807237,0.703544,0.617219,0.781642,0.797636,0.895714,0.885657,0.941877,0.905124,0.772078,1,0.923795,0.816658,0.836859,0.930912,0.938131,0.627482,0.81902,0.927671,0.71967,0.911564,0.871793,0.830157,0.612858,0.668043,0.276815,0.647453,0.855183,0.905746,0.766463,0.534114,0.417276,0.76446,0.930718,0.874815,0.812406,0.872258,0.929376,0.923114,0.935672,0.925843,0.838039,0.875413,0.657136,0.695463,0.798475,0.833207,0.818403,0.88843,0.918102,0.899047,0.829319,0.957658,0.909763,0.644873,0.865931,0.744969,0.852755,0.926619,0.937102,0.706287,0.869332,0.922848,0.603294,0.77533,0.857098,0.888774,0.663747,0.770206,0.793106,0.869718,0.888911,0.798266,0.718542,0.699375,0.765672,0.927676,0.888185,0.412022,0.803098
0.932163,0.887171,0.96501,0.898061,0.901155,0.882967,0.681671,0.669951,0.812693,0.816029,0.932498,0.910102,0.96175,0.915797,0.778298,0.923795,1,0.881021,0.848601,0.938967,0.927596,0.619998,0.835762,0.95759,0.757027,0.911801,0.904315,0.777248,0.563872,0.72755,0.299081,0.700532,0.856702,0.923202,0.775584,0.575925,0.380086,0.803497,0.929698,0.885813,0.792516,0.904267,0.942,0.929674,0.955368,0.925626,0.877482,0.906949,0.68332,0.702608,0.749311,0.853489,0.834952,0.916522,0.957493,0.917619,0.853678,0.923877,0.947926,0.70642,0.860902,0.774565,0.846554,0.959242,0.960145,0.708653,0.894252,0.940664,0.6281,0.82871,0.88637,0.867629,0.63512,0.745668,0.723783,0.893692,0.930705,0.844286,0.700839,0.774955,0.852689,0.947053,0.892559,0.463609,0.822755
0.879924,0.842409,0.913054,0.822107,0.839151,0.882994,0.719878,0.689974,0.788783,0.737141,0.830429,0.854465,0.865218,0.909843,0.709519,0.816658,0.881021,1,0.831847,0.893449,0.893228,0.594538,0.850407,0.910969,0.673758,0.852974,0.899858,0.76248,0.554933,0.669797,0.323036,0.755633,0.841204,0.89767,0.754736,0.548958,0.456231,0.798749,0.892994,0.853256,0.786807,0.881463,0.896828,0.893914,0.875188,0.933879,0.860511,0.854101,0.678436,0.667591,0.759969,0.79996,0.783188,0.850285,0.87301,0.884364,0.820441,0.816647,0.81712,0.636363,0.733633,0.793153,0.857532,0.87847,0.887214,0.655942,0.824335,0.877939,0.57713,0.781401,0.843886,0.823514,0.625964,0.687275,0.687871,0.857403,0.819356,0.805081,0.71151,0.758452,0.798111,0.90467,0.864255,0.49629,0.740747
0.893932,0.804062,0.875019,0.8422,0.81638,0.836061,0.67723,0.609521,0.83199,0.711503,0.810792,0.809048,0.848532,0.87126,0.687441,0.836859,0.848601,0.831847,1,0.857109,0.870709,0.543372,0.830663,0.882477,0.599495,0.784528,0.82994,0.727413,0.608322,0.610072,0.307768,0.632572,0.805585,0.826618,0.763903,0.548966,0.419789,0.752775,0.902146,0.875951,0.714995,0.803625,0.860837,0.886901,0.855142,0.868184,0.807732,0.820838,0.651724,0.676618,0.764775,0.824657,0.750413,0.883214,0.863577,0.881167,0.798484,0.841612,0.851554,0.644886,0.742166,0.810724,0.882144,0.88016,0.898888,0.654285,0.771712,0.882793,0.634101,0.732147,0.847554,0.828776,0.652829,0.716253,0.670636,0.868399,0.858638,0.815138,0.664674,0.718076,0.768533,0.873254,0.83086,0.5639,0.77573
0.959476,0.929348,0.965613,0.896164,0.870994,0.872017,0.711516,0.654343,0.826677,0.765005,0.90251,0.926566,0.939399,0.943236,0.763524,0.930912,0.938967,0.893449,0.857109,1,0.94365,0.69935,0.863431,0.961657,0.73663,0.903118,0.897727,0.790857,0.515908,0.653315,0.289788,0.70638,0.899944,0.927496,0.799048,0.565848,0.420613,0.838774,0.932494,0.89139,0.852796,0.896833,0.945471,0.948279,0.941391,0.950549,0.895147,0.872091,0.654382,0.66599,0.784732,0.85165,0.854612,0.908422,0.941176,0.91311,0.839971,0.919728,0.91063,0.762933,0.84567,0.78704,0.861362,0.957454,0.948892,0.748298,0.869885,0.92261,0.664479,0.779722,0.89315,0.875128,0.670819,0.78337,0.728332,0.89326,0.885957,0.779795,0.733631,0.749652,0.790717,0.940054,0.930172,0.498889,0.803833
0.934975,0.873066,0.935147,0.856194,0.882994,0.874676,0.766142,0.706077,0.841462,0.802095,0.882862,0.894468,0.92518,0.900304,0.78507,0.938131,0.927596,0.893228,0.870709,0.94365,1,0.66517,0.840375,0.940787,0.747621,0.918482,0.877236,0.789396,0.594608,0.661186,0.330815,0.699324,0.87438,0.937218,0.806262,0.581339,0.490845,0.843363,0.943112,0.874307,0.825003,0.916635,0.924798,0.91906,0.90078,0.935283,0.846149,0.839702,0.731627,0.691344,0.772155,0.838902,0.808568,0.877478,0.901787,0.911798,0.859649,0.897511,0.87429,0.689106,0.838274,0.751044,0.89228,0.918831,0.942574,0.650392,0.839236,0.908163,0.662669,0.78899,0.872025,0.85639,0.616975,0.748777,0.760293,0.894895,0.8838,0.82761,0.760935,0.719965,0.803314,0.943353,0.876346,0.475507,0.820772
0.677741,0.710313,0.64796,0.474483,0.585257,0.576928,0.413277,0.415712,0.434433,0.361106,0.505177,0.617181,0.587051,0.648581,0.536636,0.627482,0.619998,0.594538,0.543372,0.69935,0.66517,1,0.573898,0.700943,0.531841,0.540249,0.557957,0.510159,0.140788,0.418587,0.3576,0.508515,0.689702,0.650815,0.580342,0.385156,0.234439,0.669825,0.5788,0.589919,0.659307,0.675407,0.599069,0.62014,0.58329,0.63494,0.668582,0.587652,0.381745,0.382771,0.53267,0.555606,0.593072,0.599447,0.610837,0.593275,0.484194,0.533626,0.539666,0.502336,0.564535,0.558775,0.572555,0.590007,0.638303,0.50675,0.596766,0.628455,0.522187,0.50445,0.651711,0.496053,0.365589,0.604412,0.284096,0.53041,0.553831,0.445222,0.70584,0.437543,0.519417,0.575271,0.578819,0.52432,0.426885
0.876943,0.771318,0.850448,0.816462,0.823979,0.816781,0.739314,0.640656,0.835864,0.713858,0.853766,0.825168,0.859382,0.918554,0.745001,0.81902,0.835762,0.850407,0.830663,0.863431,0.840375,0.573898,1,0.904267,0.656157,0.801735,0.909433,0.739718,0.523695,0.614086,0.364416,0.70034,0.855004,0.885576,0.744308,0.686086,0.450749,0.778178,0.863441,0.877494,0.783538,0.812803,0.885002,0.891051,0.875157,0.884513,0.893976,0.882143,0.724184,0.803391,0.813863,0.763373,0.7363,0.813825,0.881093,0.913635,0.804663,0.848841,0.842499,0.63565,0.781264,0.778667,0.823459,0.86489,0.894207,0.748196,0.909093,0.886465,0.623964,0.704461,0.862509,0.851959,0.631306,0.757899,0.691953,0.852414,0.821695,0.728961,0.739503,0.773595,0.718362,0.870285,0.855924,0.593326,0.695163
0.973071,0.914781,0.96847,0.880961,0.911696,0.902131,0.693249,0.683713,0.823131,0.78939,0.91293,0.913337,0.942536,0.973064,0.779504,0.927671,0.95759,0.910969,0.882477,0.961657,0.940787,0.700943,0.904267,1,0.749079,0.911719,0.936,0.801971,0.588693,0.706447,0.385231,0.756094,0.906476,0.949137,0.807421,0.648485,0.409595,0.856297,0.946579,0.929014,0.826094,0.932532,0.965584,0.962515,0.961292,0.956869,0.931888,0.92972,0.714227,0.721591,0.838782,0.853754,0.864416,0.919382,0.96322,0.956935,0.86305,0.91766,0.930694,0.71891,0.85975,0.820488,0.879384,0.963964,0.970781,0.746459,0.931856,0.971684,0.65192,0.817432,0.94517,0.896079,0.660402,0.813907,0.742305,0.89847,0.908674,0.814365,0.783066,0.788854,0.825607,0.950495,0.917253,0.594494,0.799294
0.71546,0.657664,0.705513,0.660759,0.701761,0.683409,0.488323,0.540373,0.555301,0.633645,0.636842,0.702903,0.756347,0.68287,0.608608,0.71967,0.757027,0.673758,0.599495,0.73663,0.747621,0.531841,0.656157,0.749079,1,0.729542,0.704643,0.509261,0.506858,0.471212,0.194748,0.591985,0.672581,0.710856,0.604346,0.416649,0.305848,0.722201,0.697219,0.624855,0.695718,0.686268,0.70419,0.699059,0.736926,0.740215,0.725783,0.623158,0.465798,0.476608,0.579452,0.553175,0.683761,0.69056,0.739164,0.665852,0.644951,0.694374,0.710511,0.553906,0.652931,0.536187,0.563274,0.704393,0.721445,0.59306,0.759201,0.695095,0.70664,0.593976,0.578479,0.641201,0.505585,0.509594,0.693845,0.638756,0.730156,0.562517,0.506865,0.467833,0.683517,0.751288,0.602136,0.191543,0.563538
0.888904,0.848835,0.90952,0.838236,0.8898,0.820345,0.677491,0.672178,0.767478,0.803397,0.872448,0.857874,0.911371,0.898826,0.688919,0.911564,0.911801,0.852974,0.784528,0.903118,0.918482,0.540249,0.801735,0.911719,0.729542,1,0.878648,0.756961,0.612689,0.749777,0.336016,0.708202,0.835779,0.910661,0.74798,0.560152,0.353559,0.777439,0.910183,0.851019,0.795433,0.892291,0.904714,0.887222,0.910966,0.906492,0.79744,0.839949,0.656088,0.658128,0.728849,0.79384,0.828506,0.854617,0.906472,0.876823,0.832068,0.879812,0.890508,0.698315,0.834453,0.720092,0.82881,0.899844,0.906651,0.678477,0.844317,0.896703,0.547714,0.791503,0.842466,0.810039,0.578552,0.724414,0.803799,0.848568,0.832087,0.814871,0.653821,0.745032,0.775639,0.910925,0.863711,0.470309,0.748871
0.90804,0.843359,0.918359,0.862479,0.871015,0.871256,0.729497,0.686621,0.809376,0.809598,0.901815,0.888854,0.895249,0.95318,0.726763,0.871793,0.904315,0.899858,0.82994,0.897727,0.877236,0.557957,0.909433,0.936,0.704643,0.878648,1,0.837796,0.581197,0.750318,0.339194,0.768639,0.866374,0.922255,0.724917,0.65379,0.402771,0.81625,0.915407,0.914798,0.800266,0.877252,0.937126,0.933851,0.950083,0.92799,0.917521,0.914507,0.695071,0.770709,0.845595,0.829185,0.832303,0.854476,0.91585,0.947141,0.875289,0.889676,0.898568,0.618852,0.803891,0.831896,0.860246,0.920831,0.90567,0.739185,0.923251,0.946365,0.537043,0.81953,0.893601,0.903693,0.626182,0.698556,0.752872,0.8725,0.888696,0.769379,0.709423,0.77829,0.84505,0.916398,0.901839,0.516898,0.733136
0.789163,0.769115,0.816805,0.723182,0.803323,0.701646,0.654797,0.598959,0.63898,0.711191,0.777139,0.755015,0.788836,0.822402,0.574626,0.830157,0.777248,0.76248,0.727413,0.790857,0.789396,0.510159,0.739718,0.801971,0.509261,0.756961,0.837796,1,0.565971,0.686647,0.201346,0.622996,0.737729,0.768927,0.618776,0.490951,0.381746,0.627033,0.796236,0.817804,0.626094,0.734193,0.800836,0.823185,0.814011,0.788478,0.763139,0.784492,0.561401,0.717163,0.782097,0.748342,0.717776,0.72405,0.777351,0.816227,0.761579,0.841456,0.752176,0.542748,0.662473,0.74475,0.780688,0.813798,0.764891,0.546966,0.734655,0.803282,0.510148,0.633077,0.80267,0.765459,0.634428,0.689288,0.660207,0.775134,0.707383,0.75555,0.672482,0.684915,0.679069,0.774694,0.800011,0.374754,0.690354
0.55216,0.476449,0.560915,0.583071,0.613221,0.533533,0.456392,0.590381,0.462459,0.685559,0.504417,0.503128,0.630384,0.566688,0.413423,0.612858,0.563872,0.554933,0.608322,0.515908,0.594608,0.140788,0.523695,0.588693,0.506858,0.612689,0.581197,0.565971,1,0.4679,0.202416,0.423031,0.48154,0.537271,0.519243,0.410727,0.281439,0.460374,0.635097,0.653857,0.419429,0.581978,0.585861,0.633122,0.609818,0.597834,0.552711,0.573837,0.514774,0.579348,0.513978,0.596987,0.579671,0.56968,0.599069,0.579397,0.607743,0.631166,0.576247,0.243666,0.530522,0.539461,0.597727,0.60285,0.613742,0.246133,0.540509,0.618485,0.411787,0.460993,0.543195,0.633772,0.61006,0.394232,0.642835,0.61965,0.552839,0.564271,0.415854,0.388637,0.51483,0.66191,0.565465,0.19899,0.519297
0.645756,0.633219,0.701546,0.580744,0.709115,0.587155,0.52218,0.545428,0.54157,0.595473,0.694626,0.639053,0.673075,0.714579,0.479406,0.668043,0.72755,0.669797,0.610072,0.653315,0.661186,0.418587,0.614086,0.706447,0.471212,0.749777,0.750318,0.686647,0.4679,1,0.268599,0.589076,0.660291,0.657988,0.491087,0.57572,0.0330568,0.641223,0.685987,0.648929,0.592633,0.723308,0.66917,0.697075,0.720958,0.675658,0.644459,0.693592,0.508092,0.598975,0.511414,0.560331,0.555234,0.601721,0.682498,0.725763,0.624257,0.628041,0.688447,0.426657,0.585012,0.647519,0.654706,0.699851,0.669191,0.373796,0.701027,0.722249,0.336344,0.600735,0.729712,0.589455,0.551522,0.486054,0.526855,0.651024,0.658904,0.632016,0.540558,0.587984,0.608278,0.66337,0.653328,0.385255,0.500451
0.351182,0.293595,0.32831,0.259839,0.382463,0.354268,0.225304,0.277871,0.331106,0.208318,0.269529,0.34484,0.267181,0.384077,0.283995,0.276815,0.299081,0.323036,0.307768,0.289788,0.330815,0.3576,0.364416,0.385231,0.194748,0.336016,0.339194,0.201346,0.202416,0.268599,1,0.497208,0.259643,0.398036,0.402252,0.600501,0.088693,0.359263,0.365604,0.485056,0.205599,0.436256,0.407464,0.363721,0.348104,0.360915,0.419211,0.388849,0.347731,0.264351,0.361725,0.342637,0.441643,0.333015,0.323706,0.387533,0.40643,0.207227,0.28305,0.248808,0.346741,0.30309,0.384692,0.296258,0.333635,0.26708,0.325856,0.374945,0.212329,0.556068,0.42232,0.242734,0.0297079,0.180325,0.213152,0.31946,0.366459,0.260562,0.321978,0.291532,0.478392,0.360739,0.33496,0.464425,0.23302
0.742897,0.650423,0.729032,0.598524,0.635987,0.679761,0.560414,0.429566,0.669923,0.556814,0.724236,0.707882,0.642633,0.76724,0.55755,0.647453,0.700532,0.755633,0.632572,0.70638,0.699324,0.508515,0.70034,0.756094,0.591985,0.708202,0.768639,0.622996,0.423031,0.589076,0.497208,1,0.686079,0.763477,0.597388,0.522562,0.352007,0.722304,0.758174,0.709591,0.610415,0.773696,0.789986,0.76644,0.742043,0.759272,0.754904,0.737365,0.558894,0.412469,0.73123,0.58243,0.688276,0.671859,0.731034,0.766605,0.716831,0.630094,0.692773,0.486333,0.645622,0.660709,0.682508,0.702422,0.703993,0.611078,0.688501,0.739101,0.534441,0.65907,0.737244,0.666051,0.407317,0.552883,0.568064,0.670744,0.650934,0.526633,0.558387,0.608825,0.751534,0.718751,0.681343,0.470283,0.493084
0.899649,0.796464,0.857209,0.809669,0.817743,0.787694,0.741024,0.680399,0.751636,0.735301,0.859062,0.859591,0.880117,0.885028,0.704187,0.855183,0.856702,0.841204,0.805585,0.899944,0.87438,0.689702,0.855004,0.906476,0.672581,0.835779,0.866374,0.737729,0.48154,0.660291,0.259643,0.686079,1,0.886505,0.820966,0.58729,0.377566,0.838038,0.847995,0.821987,0.807612,0.875877,0.87346,0.87484,0.865428,0.8936,0.860443,0.855958,0.711026,0.67606,0.80027,0.728972,0.722755,0.83087,0.864194,0.863572,0.768332,0.862769,0.835524,0.627131,0.817645,0.765138,0.821266,0.875535,0.899295,0.724836,0.868921,0.899623,0.530511,0.659571,0.859188,0.839373,0.529289,0.778411,0.703187,0.801566,0.792286,0.66347,0.69821,0.701019,0.715918,0.859964,0.822932,0.510419,0.712488
0.945531,0.8811,0.931458,0.851141,0.870784,0.890951,0.756851,0.64111,0.874962,0.75048,0.905876,0.900433,0.912559,0.9418,0.803727,0.905746,0.923202,0.89767,0.826618,0.927496,0.937218,0.650815,0.885576,0.949137,0.710856,0.910661,0.922255,0.768927,0.537271,0.657988,0.398036,0.763477,0.886505,1,0.846284,0.635476,0.51118,0.842726,0.948872,0.890423,0.853705,0.917066,0.948577,0.92933,0.936397,0.943722,0.905461,0.895587,0.760009,0.706374,0.835142,0.839925,0.838425,0.8963,0.932938,0.945892,0.871637,0.882914,0.91466,0.670017,0.837634,0.814389,0.872377,0.915533,0.939398,0.730887,0.897274,0.938969,0.592808,0.842919,0.874333,0.891209,0.575439,0.720405,0.776719,0.894561,0.894339,0.792784,0.739284,0.784893,0.822918,0.936098,0.884891,0.521518,0.74664
0.813166,0.727823,0.788932,0.752265,0.765287,0.795222,0.714317,0.592923,0.78784,0.585519,0.760968,0.790265,0.791018,0.789696,0.644293,0.766463,0.775584,0.754736,0.763903,0.799048,0.806262,0.580342,0.744308,0.807421,0.604346,0.74798,0.724917,0.618776,0.519243,0.491087,0.402252,0.597388,0.820966,0.846284,1,0.595009,0.491202,0.721205,0.828975,0.80424,0.704643,0.783793,0.792774,0.786423,0.781272,0.799315,0.782134,0.742916,0.688985,0.590292,0.688029,0.734151,0.713302,0.856342,0.815075,0.78807,0.674457,0.755056,0.777259,0.567684,0.724809,0.717437,0.802832,0.816851,0.843707,0.629022,0.745824,0.802375,0.552553,0.660474,0.718422,0.73651,0.460417,0.616378,0.621111,0.798804,0.784181,0.667761,0.609062,0.627671,0.694533,0.808646,0.748051,0.442541,0.71937
0.608213,0.458925,0.565749,0.487407,0.581506,0.570167,0.477665,0.538524,0.633647,0.494966,0.553832,0.554134,0.535796,0.657147,0.578247,0.534114,0.575925,0.548958,0.548966,0.565848,0.581339,0.385156,0.686086,0.648485,0.416649,0.560152,0.65379,0.490951,0.410727,0.57572,0.600501,0.522562,0.58729,0.635476,0.595009,1,0.137521,0.619425,0.598662,0.634846,0.501228,0.687471,0.615843,0.594837,0.592098,0.608795,0.722944,0.646309,0.573613,0.552077,0.618052,0.490411,0.496689,0.573983,0.558743,0.692628,0.511274,0.476146,0.552219,0.391981,0.589315,0.522884,0.562784,0.594136,0.608776,0.506771,0.677359,0.64895,0.31063,0.633358,0.696366,0.545458,0.391959,0.440766,0.491037,0.58717,0.665765,0.506119,0.629086,0.598165,0.592178,0.610417,0.591995,0.532066,0.510523
0.439501,0.382369,0.410038,0.397147,0.375552,0.576361,0.487009,0.314395,0.601485,0.347362,0.422512,0.363953,0.404281,0.375379,0.540582,0.417276,0.380086,0.456231,0.419789,0.420613,0.490845,0.234439,0.450749,0.409595,0.305848,0.353559,0.402771,0.381746,0.281439,0.0330568,0.088693,0.352007,0.377566,0.51118,0.491202,0.137521,1,0.315065,0.452325,0.403347,0.342206,0.388732,0.466191,0.446178,0.394286,0.43538,0.337091,0.348453,0.439286,0.439893,0.48851,0.472927,0.34779,0.387213,0.413326,0.50345,0.57857,0.449076,0.375199,0.242207,0.293267,0.360874,0.402634,0.388428,0.422864,0.389057,0.368142,0.387758,0.421506,0.382052,0.322319,0.49701,0.202917,0.423285,0.381348,0.547735,0.447616,0.399557,0.429618,0.422719,0.395999,0.402794,0.355669,0.100803,0.482374
0.862248,0.824736,0.802338,0.720139,0.699391,0.718123,0.621646,0.508361,0.743205,0.627619,0.759182,0.795514,0.779614,0.841273,0.646877,0.76446,0.803497,0.798749,0.752775,0.838774,0.843363,0.669825,0.778178,0.856297,0.722201,0.777439,0.81625,0.627033,0.460374,0.641223,0.359263,0.722304,0.838038,0.842726,0.721205,0.619425,0.315065,1,0.838313,0.760539,0.867167,0.821833,0.814557,0.832765,0.82041,0.833217,0.836345,0.785971,0.615002,0.539919,0.70161,0.716655,0.716714,0.759561,0.807141,0.809168,0.760211,0.728611,0.803704,0.638854,0.638257,0.783439,0.803526,0.813283,0.810813,0.574327,0.794811,0.853557,0.621633,0.662703,0.792336,0.798261,0.535452,0.608745,0.622337,0.799105,0.78935,0.605338,0.721792,0.604237,0.728089,0.824516,0.786094,0.546549,0.562637
0.94951,0.895104,0.960438,0.906366,0.865059,0.873278,0.726606,0.607985,0.878865,0.76859,0.917461,0.909031,0.926017,0.943928,0.764765,0.930718,0.929698,0.892994,0.902146,0.932494,0.943112,0.5788,0.863441,0.946579,0.697219,0.910183,0.915407,0.796236,0.635097,0.685987,0.365604,0.758174,0.847995,0.948872,0.828975,0.598662,0.452325,0.838313,1,0.922119,0.827181,0.900524,0.959946,0.958378,0.952592,0.949011,0.881091,0.910037,0.705706,0.680759,0.819537,0.880023,0.85539,0.925033,0.947653,0.940053,0.873027,0.909894,0.934286,0.668439,0.818949,0.865807,0.934528,0.948419,0.954211,0.690466,0.854744,0.950459,0.632487,0.830558,0.880431,0.897105,0.645901,0.718069,0.76086,0.929379,0.911218,0.814775,0.730736,0.77165,0.840541,0.956743,0.926071,0.515676,0.769019
0.903531,0.856519,0.909038,0.888283,0.894802,0.871042,0.690045,0.690387,0.776081,0.801889,0.858931,0.886014,0.909159,0.928717,0.651223,0.874815,0.885813,0.853256,0.875951,0.89139,0.874307,0.589919,0.877494,0.929014,0.624855,0.851019,0.914798,0.817804,0.653857,0.648929,0.485056,0.709591,0.821987,0.890423,0.80424,0.634846,0.403347,0.760539,0.922119,1,0.718064,0.845567,0.921636,0.926459,0.924795,0.900761,0.879124,0.891191,0.676896,0.780019,0.803739,0.90447,0.892705,0.886708,0.919887,0.903589,0.87899,0.900379,0.882132,0.632673,0.815082,0.833957,0.894768,0.923708,0.925616,0.678732,0.8433,0.92302,0.566935,0.797332,0.891428,0.867639,0.593214,0.706686,0.71482,0.888446,0.858083,0.816716,0.673705,0.749147,0.836193,0.914446,0.897962,0.556594,0.775235
0.838738,0.83162,0.816617,0.750579,0.718683,0.697742,0.645601,0.433287,0.731672,0.56514,0.764632,0.790876,0.810895,0.83517,0.673766,0.812406,0.792516,0.786807,0.714995,0.852796,0.825003,0.659307,0.783538,0.826094,0.695718,0.795433,0.800266,0.626094,0.419429,0.592633,0.205599,0.610415,0.807612,0.853705,0.704643,0.501228,0.342206,0.867167,0.827181,0.718064,1,0.775716,0.804542,0.819845,0.82911,0.852334,0.785326,0.776301,0.586978,0.56248,0.66938,0.704267,0.67675,0.795549,0.822999,0.785648,0.700692,0.75729,0.805143,0.624452,0.654013,0.765435,0.760437,0.799057,0.792264,0.641213,0.814248,0.831077,0.585519,0.668251,0.725165,0.798405,0.622715,0.589622,0.684719,0.77691,0.785424,0.601964,0.727299,0.617162,0.625897,0.821949,0.806002,0.435693,0.563502
0.907578,0.834838,0.909996,0.788995,0.822679,0.841923,0.664782,0.693018,0.794434,0.758105,0.867484,0.867136,0.86941,0.896561,0.781054,0.872258,0.904267,0.881463,0.803625,0.896833,0.916635,0.675407,0.812803,0.932532,0.686268,0.892291,0.877252,0.734193,0.581978,0.723308,0.436256,0.773696,0.875877,0.917066,0.783793,0.687471,0.388732,0.821833,0.900524,0.845567,0.775716,1,0.924816,0.900502,0.886424,0.917263,0.878127,0.87055,0.735646,0.644111,0.791454,0.778004,0.787396,0.858855,0.871196,0.910322,0.822764,0.822137,0.830712,0.58801,0.822967,0.769803,0.848022,0.878574,0.908774,0.683746,0.850849,0.91571,0.552857,0.821578,0.899032,0.828919,0.56904,0.695298,0.687212,0.821445,0.851653,0.74967,0.76596,0.759189,0.822246,0.898747,0.861191,0.576605,0.765355
0.968339,0.903613,0.969892,0.921479,0.880975,0.891154,0.730964,0.641392,0.863416,0.80554,0.947715,0.937183,0.938088,0.958086,0.800527,0.929376,0.942,0.896828,0.860837,0.945471,0.924798,0.599069,0.885002,0.965584,0.70419,0.904714,0.937126,0.800836,0.585861,0.66917,0.407464,0.789986,0.87346,0.948577,0.792774,0.615843,0.466191,0.814557,0.959946,0.921636,0.804542,0.924816,1,0.973363,0.975693,0.964625,0.91488,0.931064,0.754407,0.696282,0.859591,0.878204,0.869296,0.918624,0.960199,0.959816,0.894662,0.92879,0.936131,0.688749,0.859328,0.81105,0.904172,0.951648,0.949274,0.770047,0.896168,0.96512,0.598241,0.856019,0.920366,0.917219,0.615609,0.76195,0.763829,0.8951,0.910876,0.78789,0.741192,0.813036,0.854402,0.960989,0.944524,0.53898,0.816812
0.956677,0.905011,0.96291,0.911314,0.887654,0.887271,0.728284,0.657757,0.858297,0.767514,0.914447,0.916746,0.938124,0.957831,0.773122,0.923114,0.929674,0.893914,0.886901,0.948279,0.91906,0.62014,0.891051,0.962515,0.699059,0.887222,0.933851,0.823185,0.633122,0.697075,0.363721,0.76644,0.87484,0.92933,0.786423,0.594837,0.446178,0.832765,0.958378,0.926459,0.819845,0.900502,0.973363,1,0.965486,0.958457,0.92029,0.905646,0.734621,0.726424,0.835259,0.880063,0.866166,0.902346,0.958491,0.9574,0.883499,0.929151,0.92455,0.694544,0.832066,0.846061,0.909944,0.950327,0.946182,0.702442,0.883065,0.96009,0.666856,0.816603,0.904891,0.915987,0.69348,0.744384,0.738414,0.921388,0.894117,0.780668,0.740741,0.760369,0.833566,0.95784,0.948233,0.518529,0.775484
0.9589,0.914856,0.966514,0.924667,0.90358,0.863232,0.721917,0.634623,0.820368,0.822507,0.93847,0.934521,0.953429,0.961741,0.757058,0.935672,0.955368,0.875188,0.855142,0.941391,0.90078,0.58329,0.875157,0.961292,0.736926,0.910966,0.950083,0.814011,0.609818,0.720958,0.348104,0.742043,0.865428,0.936397,0.781272,0.592098,0.394286,0.82041,0.952592,0.924795,0.82911,0.886424,0.975693,0.965486,1,0.955606,0.917837,0.940931,0.700703,0.723069,0.830377,0.88025,0.877308,0.924717,0.977493,0.94502,0.88653,0.944803,0.971789,0.692875,0.85001,0.835369,0.887282,0.967399,0.948152,0.758414,0.918822,0.97676,0.593791,0.837225,0.904351,0.921064,0.653593,0.737355,0.771969,0.897122,0.927775,0.787431,0.709511,0.782464,0.845859,0.960991,0.933291,0.494418,0.774261
0.957646,0.891394,0.960929,0.908158,0.897507,0.882757,0.767282,0.683521,0.831299,0.806497,0.898964,0.930871,0.940885,0.953003,0.779197,0.925843,0.925626,0.933879,0.868184,0.950549,0.935283,0.63494,0.884513,0.956869,0.740215,0.906492,0.92799,0.788478,0.597834,0.675658,0.360915,0.759272,0.8936,0.943722,0.799315,0.608795,0.43538,0.833217,0.949011,0.900761,0.852334,0.917263,0.964625,0.958457,0.955606,1,0.912629,0.906203,0.729304,0.692034,0.828957,0.858208,0.843937,0.918342,0.943331,0.929788,0.843617,0.9112,0.905766,0.676546,0.839902,0.806333,0.903519,0.931032,0.942336,0.766875,0.883425,0.951135,0.598229,0.824618,0.892228,0.892906,0.627103,0.739391,0.771711,0.888307,0.901458,0.788299,0.74905,0.773414,0.845873,0.972136,0.925559,0.485817,0.784698
0.926368,0.84597,0.893053,0.814713,0.822571,0.823266,0.684696,0.652821,0.794204,0.720175,0.83683,0.888312,0.863285,0.939792,0.727888,0.838039,0.877482,0.860511,0.807732,0.895147,0.846149,0.668582,0.893976,0.931888,0.725783,0.79744,0.917521,0.763139,0.552711,0.644459,0.419211,0.754904,0.860443,0.905461,0.782134,0.722944,0.337091,0.836345,0.881091,0.879124,0.785326,0.878127,0.91488,0.92029,0.917837,0.912629,1,0.893861,0.702392,0.655626,0.854752,0.800493,0.83687,0.878246,0.903457,0.918033,0.77795,0.830258,0.875799,0.638064,0.83042,0.807429,0.819395,0.895209,0.902365,0.730117,0.898738,0.92294,0.589188,0.77795,0.879376,0.864282,0.663433,0.678254,0.691925,0.814648,0.874446,0.708441,0.730182,0.734591,0.829345,0.910211,0.889351,0.536673,0.699433
0.909405,0.837172,0.91724,0.864564,0.849132,0.783134,0.661107,0.579708,0.77957,0.768407,0.901137,0.852052,0.887896,0.933986,0.753663,0.875413,0.906949,0.854101,0.820838,0.872091,0.839702,0.587652,0.882143,0.92972,0.623158,0.839949,0.914507,0.784492,0.573837,0.693592,0.388849,0.737365,0.855958,0.895587,0.742916,0.646309,0.348453,0.785971,0.910037,0.891191,0.776301,0.87055,0.931064,0.905646,0.940931,0.906203,0.893861,1,0.653379,0.727182,0.822535,0.812254,0.795209,0.887997,0.92246,0.906176,0.818092,0.879065,0.91758,0.591067,0.80837,0.825556,0.861054,0.915952,0.923129,0.75525,0.91273,0.957158,0.504861,0.791493,0.913566,0.880454,0.587652,0.7794,0.664315,0.855374,0.88283,0.751178,0.761851,0.798126,0.785324,0.895705,0.892321,0.598085,0.725785
0.738507,0.591286,0.656952,0.674079,0.708909,0.726924,0.789565,0.671302,0.727201,0.654182,0.743052,0.722319,0.714236,0.698864,0.704703,0.657136,0.68332,0.678436,0.651724,0.654382,0.731627,0.381745,0.724184,0.714227,0.465798,0.656088,0.695071,0.561401,0.514774,0.508092,0.347731,0.558894,0.711026,0.760009,0.688985,0.573613,0.439286,0.615002,0.705706,0.676896,0.586978,0.735646,0.754407,0.734621,0.700703,0.729304,0.702392,0.653379,1,0.683415,0.666838,0.642596,0.511052,0.647298,0.71478,0.782528,0.680564,0.687378,0.68203,0.478241,0.672062,0.597434,0.745826,0.669567,0.717076,0.445358,0.685607,0.734653,0.415398,0.600624,0.703382,0.696362,0.443177,0.490609,0.643478,0.640999,0.671456,0.589798,0.597743,0.630354,0.628088,0.768472,0.680139,0.399956,0.627756
0.656888,0.604628,0.671946,0.693348,0.801724,0.710998,0.650052,0.685667,0.643837,0.687111,0.70637,0.624218,0.756341,0.714111,0.665404,0.695463,0.702608,0.667591,0.676618,0.66599,0.691344,0.382771,0.803391,0.721591,0.476608,0.658128,0.770709,0.717163,0.579348,0.598975,0.264351,0.412469,0.67606,0.706374,0.590292,0.552077,0.439893,0.539919,0.680759,0.780019,0.56248,0.644111,0.696282,0.726424,0.723069,0.692034,0.655626,0.727182,0.683415,1,0.580968,0.675395,0.575651,0.604279,0.708561,0.756941,0.755198,0.765776,0.674463,0.410856,0.586599,0.644886,0.697817,0.70463,0.732579,0.46513,0.763951,0.734497,0.500974,0.605169,0.705499,0.721712,0.523065,0.576542,0.579277,0.753318,0.679192,0.693741,0.614129,0.616574,0.564635,0.702311,0.66583,0.424044,0.621193
0.853069,0.729173,0.796024,0.720888,0.733293,0.751086,0.648951,0.532878,0.731561,0.672784,0.778584,0.764882,0.754268,0.859655,0.684096,0.798475,0.749311,0.759969,0.764775,0.784732,0.772155,0.53267,0.813863,0.838782,0.579452,0.728849,0.845595,0.782097,0.513978,0.511414,0.361725,0.73123,0.80027,0.835142,0.688029,0.618052,0.48851,0.70161,0.819537,0.803739,0.66938,0.791454,0.859591,0.835259,0.830377,0.828957,0.854752,0.822535,0.666838,0.580968,1,0.735932,0.756107,0.786648,0.807565,0.878409,0.785753,0.799353,0.793478,0.614837,0.736983,0.763945,0.756668,0.796749,0.794993,0.759671,0.806628,0.851808,0.483688,0.723733,0.808653,0.820647,0.545876,0.705661,0.751092,0.744185,0.769527,0.631014,0.703382,0.751696,0.727094,0.799828,0.77429,0.473667,0.640037
0.86947,0.876763,0.879176,0.895232,0.826343,0.853547,0.667516,0.573437,0.765266,0.770928,0.804206,0.833473,0.871169,0.868213,0.647365,0.833207,0.853489,0.79996,0.824657,0.85165,0.838902,0.555606,0.763373,0.853754,0.553175,0.79384,0.829185,0.748342,0.596987,0.560331,0.342637,0.58243,0.728972,0.839925,0.734151,0.490411,0.472927,0.716655,0.880023,0.90447,0.704267,0.778004,0.878204,0.880063,0.88025,0.858208,0.800493,0.812254,0.642596,0.675395,0.735932,1,0.896989,0.863651,0.889044,0.843734,0.841855,0.857858,0.875552,0.686826,0.729749,0.783237,0.887748,0.868787,0.870103,0.62736,0.715203,0.872954,0.476953,0.787845,0.80345,0.831914,0.569769,0.632322,0.662728,0.863494,0.833322,0.81064,0.689741,0.780748,0.810702,0.88357,0.879776,0.452705,0.74937
0.847003,0.868125,0.87074,0.837578,0.829334,0.820017,0.528347,0.546831,0.686621,0.719377,0.773701,0.819219,0.843361,0.870215,0.58203,0.818403,0.834952,0.783188,0.750413,0.854612,0.808568,0.593072,0.7363,0.864416,0.683761,0.828506,0.832303,0.717776,0.579671,0.555234,0.441643,0.688276,0.722755,0.838425,0.713302,0.496689,0.34779,0.716714,0.85539,0.892705,0.67675,0.787396,0.869296,0.866166,0.877308,0.843937,0.83687,0.795209,0.511052,0.575651,0.756107,0.896989,1,0.842035,0.877882,0.809424,0.81318,0.825405,0.851208,0.709385,0.767141,0.718734,0.790931,0.859654,0.85525,0.673513,0.750559,0.845452,0.538357,0.816575,0.78395,0.796556,0.549151,0.62876,0.702278,0.802836,0.782613,0.743319,0.597592,0.708008,0.798967,0.854052,0.838382,0.454362,0.689879
