1,0.922563,0.910377,0.862338,0.762715,0.697738,0.0934213,0.241337,0.601137,0.771624,0.787204,0.634126,0.835797,0.876878,0.670919,0.874586,0.806411,0.527472,0.627063,0.915009,0.847165,0.590356,0.736097,0.930407,0.285379,0.573205,0.825282,0.710512,0.238059,0.371783,0.0987379,0.526948,0.709937,0.622401,0.156767,0.0924394,0.630057,0.454107,0.923157,0.890329,0.12788,0.63487,0.938158,0.899563,0.913114,0.878967,0.890046,0.792896,0.423854,0.550069,0.620484,0.696788,0.777935,0.83828,0.87133,0.881535,0.476495,0.783203,0.822801,0.488698,0.525698,0.617931,0.715722,0.806239,0.879189,0.606034,0.781227,0.935629,0.381846,0.703012,0.775873,0.732097,0.31905,0.623504,0.549699,0.784951,0.328879,0.564051,0.401483,0.402069,0.544513,0.852589,0.909379,0.35211,0.641296
0.922563,1,0.905363,0.836817,0.782555,0.661129,0.0405574,0.294938,0.594419,0.823737,0.848322,0.612032,0.901167,0.839176,0.734537,0.848711,0.870866,0.620763,0.698442,0.850509,0.849718,0.533331,0.649433,0.929479,0.259438,0.49416,0.804103,0.652004,0.134034,0.407445,0.0430098,0.574071,0.700996,0.637003,0.160207,0.0732446,0.616865,0.505426,0.90255,0.857001,0.189887,0.616879,0.915725,0.896566,0.917459,0.840315,0.888394,0.787461,0.337325,0.491816,0.584723,0.714584,0.821506,0.811231,0.894299,0.887234,0.467551,0.832521,0.820459,0.61017,0.526396,0.679939,0.766612,0.802674,0.875008,0.628625,0.708465,0.939557,0.467735,0.717777,0.766862,0.684034,0.3134,0.530884,0.523627,0.750768,0.281482,0.516455,0.387553,0.297399,0.457065,0.894747,0.874937,0.312575,0.652665
0.910377,0.905363,1,0.868661,0.759542,0.623345,0.271741,0.338757,0.47204,0.790688,0.853767,0.649202,0.886004,0.839154,0.683091,0.88003,0.86876,0.605728,0.572713,0.877527,0.852353,0.575246,0.622972,0.90181,0.318141,0.576581,0.821703,0.60228,0.184683,0.352828,0.038025,0.472002,0.667274,0.558049,0.10094,0.170783,0.591414,0.362956,0.890825,0.875035,0.0187274,0.475725,0.916653,0.935889,0.973299,0.881218,0.841548,0.750745,0.485068,0.54265,0.564953,0.744801,0.79156,0.848971,0.909282,0.888205,0.50367,0.845164,0.889944,0.433379,0.480933,0.620344,0.716664,0.799399,0.886534,0.527501,0.713137,0.929008,0.454298,0.692945,0.751747,0.679775,0.342209,0.552569,0.50477,0.778035,0.303058,0.611517,0.516708,0.280071,0.456613,0.852,0.834638,0.345695,0.725893
0.862338,0.836817,0.868661,1,0.749616,0.641924,0.158187,0.210414,0.515309,0.669356,0.734689,0.609819,0.812004,0.726603,0.550332,0.821749,0.696761,0.488842,0.599419,0.837138,0.824814,0.530328,0.747931,0.839255,0.272553,0.580079,0.793424,0.602697,0.101714,0.269924,0.0609032,0.433698,0.601329,0.430477,0.151351,0.255229,0.548361,0.355139,0.826784,0.788916,0.0413018,0.414705,0.876417,0.849404,0.85806,0.820241,0.80913,0.8363,0.515312,0.523482,0.500309,0.634513,0.675296,0.74379,0.748846,0.811128,0.373757,0.807282,0.726256,0.488539,0.545371,0.540119,0.643958,0.764086,0.844833,0.570438,0.691527,0.858309,0.443478,0.648944,0.8118,0.610239,0.43318,0.425686,0.485242,0.796079,0.379074,0.617229,0.369813,0.324059,0.480145,0.725534,0.807815,0.417236,0.626533
0.762715,0.782555,0.759542,0.749616,1,0.679407,0.191797,0.171578,0.499853,0.63021,0.611475,0.515046,0.674827,0.771441,0.664856,0.78125,0.654403,0.50541,0.685277,0.713861,0.789484,0.525356,0.575707,0.803407,0.29478,0.419313,0.716267,0.496446,-0.121815,0.355363,-0.0307886,0.469604,0.50877,0.576078,-0.0976488,0.0688813,0.425828,0.519575,0.791749,0.748192,0.189827,0.427689,0.772339,0.751456,0.75462,0.664388,0.781641,0.775914,0.439062,0.319416,0.573069,0.57725,0.616733,0.596411,0.690402,0.798552,0.416577,0.739247,0.67611,0.422941,0.636543,0.591759,0.612377,0.837941,0.811431,0.588534,0.549815,0.85388,0.409364,0.741058,0.76356,0.459255,0.473433,0.395065,0.480894,0.698323,0.402643,0.391001,0.386782,0.139876,0.366584,0.839334,0.78324,0.26513,0.559733
0.697738,0.661129,0.623345,0.641924,0.679407,1,0.120063,0.0505163,0.495872,0.558937,0.533996,0.398156,0.544096,0.637977,0.634903,0.603625,0.566301,0.611559,0.365802,0.651486,0.580489,0.500265,0.563418,0.732527,0.308898,0.312175,0.582592,0.603167,0.209816,0.114633,0.241726,0.527046,0.267745,0.357644,0.184036,-0.0453495,0.131853,0.466127,0.664067,0.619587,0.351337,0.333982,0.725365,0.552881,0.653722,0.63954,0.60656,0.590921,0.414705,0.267121,0.571414,0.388755,0.425248,0.589168,0.650209,0.623622,0.555301,0.537104,0.589834,0.323332,0.306495,0.481608,0.471084,0.511937,0.634529,0.436816,0.720264,0.651667,0.318333,0.507064,0.694978,0.425708,0.594516,0.453876,0.488241,0.50292,0.376029,0.377755,0.281054,0.0698575,0.650326,0.610179,0.711805,0.421598,0.485165
0.0934213,0.0405574,0.271741,0.158187,0.191797,0.120063,1,0.502072,-0.209931,0.0412853,0.240378,0.0824786,0.133983,0.16574,0.0897709,0.137105,0.214298,0.222377,-0.115035,0.165706,0.191477,0.175447,-0.122746,0.0956738,0.242344,0.0198586,0.149625,-0.0468627,0.194517,0.124154,0.267831,0.0312883,0.0311918,0.0628005,-0.108184,0.0740221,-0.16247,-0.0233553,0.14862,0.139408,-0.186223,-0.177244,0.132454,0.198237,0.23383,0.191776,0.0437372,0.110622,0.293064,0.388722,0.261317,0.167902,0.036403,0.15591,0.222221,0.151726,0.279512,0.252641,0.313102,-0.0932336,-0.00706189,0.137914,0.0716361,0.078077,0.168283,-0.042594,0.11089,0.151062,0.0512277,0.203027,0.0822168,0.120156,0.301797,0.0282015,0.0153029,0.155116,0.0654329,0.237653,0.215129,-0.085663,0.121792,0.170055,0.135164,-0.0851601,0.404832
0.241337,0.294938,0.338757,0.210414,0.171578,0.0505163,0.502072,1,-0.00109773,0.176907,0.47951,0.0860036,0.322986,0.332469,0.20723,0.263406,0.397185,0.294605,0.0762804,0.294153,0.350665,0.320322,0.0173634,0.29271,0.313309,0.218526,0.236908,-0.0700652,0.277527,0.275775,0.22161,-0.0295811,0.248991,0.383172,0.0397087,-0.149795,0.163803,0.136047,0.238097,0.297029,0.0456883,0.158979,0.264885,0.331468,0.379766,0.290015,0.172746,0.188845,0.16842,0.393739,0.275575,0.367306,0.331434,0.260696,0.381285,0.305267,0.177046,0.311872,0.497586,0.215453,0.00658259,0.193255,0.233195,0.294028,0.269627,0.280085,0.246148,0.233113,0.0198525,0.289756,0.0935266,0.285309,0.0607736,0.0847849,0.0952939,0.246472,0.0998743,0.278691,0.358765,-0.0145351,-0.0405392,0.355563,0.210004,-0.28152,0.226533
0.601137,0.594419,0.47204,0.515309,0.499853,0.495872,-0.209931,-0.00109773,1,0.419722,0.42101,0.466676,0.547075,0.519752,0.614937,0.531095,0.384763,0.48318,0.460323,0.548907,0.516934,0.366806,0.626541,0.679322,0.00393243,0.513584,0.456392,0.48532,0.225655,0.115631,-0.0588606,0.339902,0.480009,0.356947,0.136613,0.157249,0.359657,0.348079,0.537513,0.506519,0.306206,0.644154,0.641233,0.493524,0.533339,0.481922,0.48424,0.538588,0.0614462,0.0226218,0.374835,0.124513,0.428614,0.485662,0.398837,0.55387,0.185248,0.368566,0.317308,0.363671,0.288027,0.219108,0.584988,0.493233,0.502321,0.536143,0.575894,0.585784,0.211355,0.424298,0.640512,0.521881,0.135721,0.323823,0.388537,0.289406,0.264598,0.23445,0.250588,0.1939,0.470497,0.52177,0.59059,0.494384,0.192889
0.771624,0.823737,0.790688,0.669356,0.63021,0.558937,0.0412853,0.176907,0.419722,1,0.814329,0.595503,0.812319,0.696694,0.543771,0.757686,0.828697,0.561509,0.628679,0.676751,0.717051,0.440428,0.485966,0.769873,0.23093,0.422698,0.684868,0.499692,-0.00476968,0.316442,-0.029946,0.499166,0.605052,0.4579,0.0859332,0.0204657,0.548411,0.413722,0.779888,0.663167,0.0984645,0.507154,0.801652,0.755446,0.806467,0.794827,0.717213,0.60227,0.276589,0.409179,0.301326,0.650844,0.760077,0.654978,0.763411,0.722425,0.353438,0.693854,0.72831,0.449957,0.458425,0.598023,0.562715,0.63075,0.718036,0.507144,0.576544,0.821521,0.368853,0.561394,0.629793,0.483214,0.329824,0.486624,0.357339,0.549145,0.112404,0.475199,0.351996,0.338666,0.345212,0.717542,0.711914,0.324545,0.606198
0.787204,0.848322,0.853767,0.734689,0.611475,0.533996,0.240378,0.47951,0.42101,0.814329,1,0.580009,0.877548,0.737216,0.64622,0.721064,0.83589,0.561298,0.583422,0.717418,0.765365,0.48302,0.480219,0.82341,0.297031,0.482215,0.649673,0.46404,0.187636,0.313817,0.138266,0.358415,0.609661,0.529132,0.293002,0.0496,0.506038,0.366691,0.772594,0.725973,0.165332,0.499929,0.803055,0.801774,0.873587,0.814171,0.708706,0.715351,0.335191,0.472419,0.412647,0.708808,0.739739,0.720958,0.815041,0.75236,0.424661,0.777367,0.853564,0.386691,0.308755,0.577731,0.577779,0.647032,0.742306,0.592659,0.634837,0.793144,0.405518,0.56832,0.579177,0.641809,0.323231,0.388011,0.455492,0.610494,0.174606,0.536541,0.463189,0.298882,0.400364,0.740712,0.690816,0.208277,0.568546
0.634126,0.612032,0.649202,0.609819,0.515046,0.398156,0.0824786,0.0860036,0.466676,0.595503,0.580009,1,0.784751,0.524517,0.41251,0.688521,0.647285,0.406049,0.375713,0.496283,0.695044,0.534951,0.545845,0.557636,0.175036,0.421988,0.648442,0.450012,0.0544784,0.483844,-0.13796,0.285347,0.5264,0.378648,0.0464768,0.0139125,0.48004,0.117783,0.637083,0.555789,0.0851831,0.347549,0.660128,0.611997,0.643749,0.718452,0.527852,0.558057,0.278747,0.3113,0.406044,0.411911,0.61215,0.70058,0.544986,0.589788,0.268036,0.639168,0.525418,0.258874,0.361704,0.39967,0.666353,0.446061,0.651139,0.386022,0.47666,0.635704,0.645678,0.538762,0.651199,0.370763,0.330976,0.386721,0.168144,0.571756,0.23462,0.433324,0.331204,0.0940147,0.327158,0.602562,0.65478,0.455125,0.463657
0.835797,0.901167,0.886004,0.812004,0.674827,0.544096,0.133983,0.322986,0.547075,0.812319,0.877548,0.784751,1,0.739233,0.657568,0.857253,0.889305,0.617398,0.642437,0.765914,0.844528,0.589659,0.597059,0.842251,0.238793,0.503893,0.765771,0.528376,0.145283,0.41237,0.0299509,0.486319,0.733742,0.54256,0.146051,0.163533,0.580286,0.336094,0.867569,0.783732,0.0954094,0.504172,0.86844,0.868035,0.900036,0.847726,0.766598,0.756913,0.291225,0.479679,0.49593,0.666768,0.804591,0.809217,0.835327,0.807568,0.421515,0.847547,0.787044,0.547092,0.429319,0.601299,0.731279,0.706975,0.811245,0.59791,0.665555,0.859727,0.580248,0.649337,0.721254,0.608091,0.329041,0.53394,0.389345,0.681101,0.200235,0.551869,0.465525,0.180558,0.413516,0.805377,0.789617,0.380924,0.629477
0.876878,0.839176,0.839154,0.726603,0.771441,0.637977,0.16574,0.332469,0.519752,0.696694,0.737216,0.524517,0.739233,1,0.642059,0.808783,0.759356,0.547355,0.624074,0.796986,0.767971,0.589411,0.505627,0.845763,0.42131,0.453448,0.637905,0.526566,0.143359,0.450162,0.0433068,0.394736,0.548751,0.604148,0.0542635,-0.159232,0.437157,0.509792,0.863587,0.855392,0.150651,0.589894,0.849221,0.815722,0.863645,0.721565,0.793078,0.770558,0.308385,0.381122,0.568804,0.595933,0.643399,0.739534,0.777067,0.843831,0.314964,0.676012,0.775595,0.419146,0.536379,0.546945,0.609401,0.783013,0.798592,0.614668,0.620803,0.825094,0.244646,0.607632,0.659516,0.603489,0.238376,0.468856,0.563076,0.703682,0.234178,0.446918,0.248083,0.251123,0.479563,0.816891,0.81673,0.152295,0.505916
0.670919,0.734537,0.683091,0.550332,0.664856,0.634903,0.0897709,0.20723,0.614937,0.543771,0.64622,0.41251,0.657568,0.642059,1,0.635624,0.620039,0.617697,0.537779,0.686938,0.665983,0.475794,0.465333,0.774883,0.223689,0.29143,0.494349,0.536928,0.105434,0.138079,0.0845428,0.411334,0.431463,0.535642,0.0528543,0.0343442,0.334994,0.547991,0.660072,0.640259,0.324068,0.654742,0.669024,0.667543,0.701681,0.575135,0.690104,0.654894,0.2538,0.21108,0.681028,0.502535,0.608743,0.576257,0.731282,0.745185,0.441222,0.644274,0.682138,0.489139,0.373179,0.463778,0.552621,0.679952,0.633061,0.549224,0.581113,0.719899,0.370024,0.446446,0.576145,0.54277,0.309893,0.38988,0.585536,0.490799,0.304728,0.354374,0.429503,0.0768975,0.427399,0.755052,0.614029,0.237217,0.486864
0.874586,0.848711,0.88003,0.821749,0.78125,0.603625,0.137105,0.263406,0.531095,0.757686,0.721064,0.688521,0.857253,0.808783,0.635624,1,0.782582,0.591822,0.687311,0.844157,0.918706,0.723734,0.644203,0.82938,0.244963,0.565018,0.776829,0.612037,0.0904041,0.458509,-0.0513472,0.512293,0.68237,0.606118,-0.0397382,0.175877,0.589881,0.44967,0.911136,0.827683,0.0261949,0.536661,0.883155,0.865305,0.887258,0.821481,0.812002,0.769921,0.345503,0.454832,0.572214,0.679561,0.767301,0.765847,0.831725,0.871474,0.420283,0.841832,0.788885,0.502565,0.558439,0.552656,0.663191,0.816486,0.874858,0.634358,0.680726,0.879455,0.513059,0.697676,0.791806,0.558203,0.389902,0.577275,0.48927,0.813654,0.390296,0.582176,0.451819,0.135579,0.399289,0.834355,0.818523,0.360251,0.663544
0.806411,0.870866,0.86876,0.696761,0.654403,0.566301,0.214298,0.397185,0.384763,0.828697,0.83589,0.647285,0.889305,0.759356,0.620039,0.782582,1,0.569159,0.569064,0.773278,0.792486,0.507026,0.415846,0.795261,0.306783,0.414313,0.70162,0.516781,0.161028,0.373578,0.0771875,0.433489,0.634149,0.572484,0.079448,0.00939251,0.498156,0.361351,0.841449,0.799687,0.0342715,0.479213,0.827939,0.830938,0.855932,0.796995,0.74377,0.650915,0.386793,0.466147,0.531682,0.628636,0.756962,0.765747,0.864252,0.734099,0.521807,0.794755,0.815852,0.509326,0.351537,0.668132,0.65631,0.705512,0.786061,0.538487,0.581874,0.828611,0.490694,0.636838,0.557718,0.596715,0.302201,0.545705,0.363118,0.654279,0.240643,0.540899,0.434472,0.181265,0.462411,0.811896,0.784761,0.199055,0.751063
0.527472,0.620763,0.605728,0.488842,0.50541,0.611559,0.222377,0.294605,0.48318,0.561509,0.561298,0.406049,0.617398,0.547355,0.617697,0.591822,0.569159,1,0.256448,0.503391,0.545066,0.44073,0.427502,0.641326,0.272645,0.273726,0.570099,0.36776,0.236179,0.246724,0.086236,0.374032,0.276371,0.203731,-0.0377527,-0.0326834,0.064987,0.414307,0.554261,0.459053,0.251256,0.318315,0.615575,0.575595,0.673389,0.524881,0.446854,0.530721,0.0990333,0.430747,0.452468,0.457605,0.528262,0.513021,0.617785,0.684749,0.439579,0.549035,0.552365,0.525373,0.294884,0.365722,0.503538,0.396274,0.504947,0.309592,0.651024,0.568924,0.371758,0.3799,0.662094,0.273443,0.397653,0.370425,0.305798,0.371298,-0.0231661,0.278428,0.329917,-0.109275,0.401687,0.556429,0.492358,0.330518,0.384483
0.627063,0.698442,0.572713,0.599419,0.685277,0.365802,-0.115035,0.0762804,0.460323,0.628679,0.583422,0.375713,0.642437,0.624074,0.537779,0.687311,0.569064,0.256448,1,0.548078,0.673859,0.487304,0.393807,0.639886,0.126789,0.331505,0.465195,0.348932,-0.304817,0.29854,-0.0862467,0.407843,0.582792,0.561652,0.108573,0.123662,0.516437,0.456327,0.726069,0.595307,0.0206975,0.499332,0.642324,0.606876,0.604943,0.511785,0.644314,0.698106,0.0801213,0.135641,0.210881,0.424614,0.539088,0.405438,0.542097,0.577773,0.0702663,0.607031,0.485946,0.445284,0.468101,0.51605,0.454054,0.763348,0.665846,0.643981,0.288932,0.706335,0.30373,0.563158,0.522092,0.415395,0.199391,0.320811,0.405266,0.584926,0.313993,0.305681,0.19336,0.228921,0.212814,0.692706,0.608818,0.13946,0.448493
0.915009,0.850509,0.877527,0.837138,0.713861,0.651486,0.165706,0.294153,0.548907,0.676751,0.717418,0.496283,0.765914,0.796986,0.686938,0.844157,0.773278,0.503391,0.548078,1,0.842806,0.58597,0.678798,0.87867,0.337104,0.626439,0.739144,0.728447,0.258387,0.279184,0.11755,0.459463,0.704312,0.555397,0.118554,0.237868,0.52956,0.438406,0.881144,0.872088,0.109394,0.633384,0.8903,0.880768,0.868774,0.804413,0.827195,0.707112,0.546673,0.499389,0.675217,0.614109,0.729428,0.78806,0.839016,0.807278,0.483367,0.750616,0.780249,0.472307,0.455144,0.491907,0.700182,0.814294,0.815014,0.609246,0.743167,0.858387,0.339114,0.636269,0.698858,0.743452,0.324122,0.612783,0.48466,0.738385,0.405847,0.647607,0.382822,0.290379,0.503576,0.800463,0.818054,0.304403,0.715438
0.847165,0.849718,0.852353,0.824814,0.789484,0.580489,0.191477,0.350665,0.516934,0.717051,0.765365,0.695044,0.844528,0.767971,0.665983,0.918706,0.792486,0.545066,0.673859,0.842806,1,0.644213,0.639565,0.83407,0.259126,0.602612,0.744129,0.628337,0.100465,0.448873,0.000978399,0.381167,0.650074,0.671982,0.0497093,0.0897587,0.588621,0.42475,0.870929,0.827748,0.102576,0.60183,0.856362,0.853747,0.870337,0.804043,0.790764,0.782887,0.433353,0.472479,0.593941,0.683523,0.796746,0.751188,0.813085,0.835546,0.427349,0.888663,0.807857,0.427682,0.506982,0.497679,0.705611,0.833887,0.886685,0.659012,0.649456,0.862326,0.495304,0.743021,0.751762,0.55679,0.463659,0.452597,0.46334,0.812237,0.449507,0.540311,0.42128,0.0990314,0.372923,0.859336,0.819873,0.324255,0.714447
0.590356,0.533331,0.575246,0.530328,0.525356,0.500265,0.175447,0.320322,0.366806,0.440428,0.48302,0.534951,0.589659,0.589411,0.475794,0.723734,0.507026,0.44073,0.487304,0.58597,0.644213,1,0.466539,0.551016,0.261609,0.339374,0.525185,0.362301,0.0266676,0.509001,0.071758,0.414329,0.521524,0.49844,0.0483181,0.0820857,0.351928,0.339421,0.63463,0.542125,0.150923,0.387208,0.631953,0.534799,0.633815,0.563787,0.43793,0.458342,0.31654,0.193111,0.530466,0.382351,0.468722,0.596788,0.596708,0.564822,0.279493,0.482446,0.537865,0.291739,0.269185,0.288201,0.431827,0.528918,0.539091,0.531959,0.572454,0.538758,0.362586,0.534696,0.58908,0.334458,0.333907,0.482517,0.28805,0.584128,0.384242,0.395108,0.33809,-0.078173,0.270824,0.615054,0.609116,0.175854,0.351385
0.736097,0.649433,0.622972,0.747931,0.575707,0.563418,-0.122746,0.0173634,0.626541,0.485966,0.480219,0.545845,0.597059,0.505627,0.465333,0.644203,0.415846,0.427502,0.393807,0.678798,0.639565,0.466539,1,0.735438,-0.00686816,0.650497,0.6987,0.606849,0.15789,0.240291,0.0851047,0.378448,0.560465,0.379763,0.26816,0.240644,0.473948,0.280668,0.626171,0.584803,0.239434,0.536098,0.700956,0.688472,0.62934,0.687663,0.661644,0.622754,0.437769,0.470999,0.43567,0.516191,0.643508,0.668327,0.563602,0.652662,0.376805,0.519041,0.483126,0.386966,0.4568,0.266052,0.583932,0.555913,0.641807,0.457014,0.728029,0.68115,0.400587,0.468002,0.801164,0.536126,0.410172,0.456085,0.33996,0.558668,0.236642,0.410209,0.30686,0.371565,0.370413,0.582822,0.656185,0.526797,0.360789
0.930407,0.929479,0.90181,0.839255,0.803407,0.732527,0.0956738,0.29271,0.679322,0.769873,0.82341,0.557636,0.842251,0.845763,0.774883,0.82938,0.795261,0.641326,0.639886,0.87867,0.83407,0.551016,0.735438,1,0.295617,0.592426,0.7924,0.644171,0.190396,0.329692,0.1249,0.486711,0.665148,0.584649,0.195107,0.113352,0.53329,0.504577,0.888612,0.835548,0.277751,0.64482,0.932338,0.902674,0.933617,0.846296,0.853211,0.807962,0.389117,0.492455,0.599259,0.687771,0.78449,0.7817,0.853051,0.896497,0.50601,0.757452,0.837501,0.539704,0.47297,0.617173,0.708786,0.819448,0.845951,0.643264,0.789778,0.924032,0.411745,0.691931,0.799602,0.710177,0.358546,0.561336,0.531035,0.680147,0.310267,0.483279,0.463931,0.281896,0.484408,0.843868,0.864985,0.414797,0.593211
0.285379,0.259438,0.318141,0.272553,0.29478,0.308898,0.242344,0.313309,0.00393243,0.23093,0.297031,0.175036,0.238793,0.42131,0.223689,0.244963,0.306783,0.272645,0.126789,0.337104,0.259126,0.261609,-0.00686816,0.295617,1,0.0633567,0.203471,0.0545085,-0.056239,0.308415,-0.0893325,-0.106349,0.0884014,-0.0488458,-0.144008,-0.178269,-0.0322361,0.293212,0.361755,0.318069,0.138986,-0.0716424,0.393883,0.289014,0.37493,0.263834,0.16809,0.256435,0.202603,0.208724,0.300065,0.139265,0.158762,0.284187,0.31068,0.298998,0.0468655,0.187656,0.378799,0.14893,0.130626,0.304758,0.307122,0.245542,0.217094,0.24602,0.244521,0.240711,0.0202365,0.242323,0.22185,0.0383933,0.0485987,0.213296,-0.0848899,0.182969,-0.0911117,0.135151,-0.0483961,0.0179997,0.0337773,0.294232,0.183727,-0.222797,0.16062
0.573205,0.49416,0.576581,0.580079,0.419313,0.312175,0.0198586,0.218526,0.513584,0.422698,0.482215,0.421988,0.503893,0.453448,0.29143,0.565018,0.414313,0.273726,0.331505,0.626439,0.602612,0.339374,0.650497,0.592426,0.0633567,1,0.496259,0.350854,0.0581853,0.103655,-0.00370623,0.133093,0.493379,0.316289,0.244105,0.283832,0.428941,0.170771,0.520985,0.588242,-0.00831702,0.378447,0.629031,0.636229,0.56777,0.553007,0.439579,0.42315,0.406266,0.250436,0.20735,0.356534,0.578611,0.571757,0.411985,0.485953,0.18433,0.420908,0.432467,0.053274,0.169289,0.0639482,0.548029,0.535712,0.539519,0.399092,0.451053,0.528138,0.271466,0.519734,0.52929,0.510117,0.342338,0.380235,0.122215,0.468337,0.336953,0.447958,0.364871,0.154677,0.212824,0.431258,0.488555,0.404192,0.372776
0.825282,0.804103,0.821703,0.793424,0.716267,0.582592,0.149625,0.236908,0.456392,0.684868,0.649673,0.648442,0.765771,0.637905,0.494349,0.776829,0.70162,0.570099,0.465195,0.739144,0.744129,0.525185,0.6987,0.7924,0.203471,0.496259,1,0.607108,0.134046,0.397916,0.000581346,0.565934,0.683166,0.482314,-0.0232484,0.178496,0.568957,0.258818,0.777546,0.745014,0.0767815,0.359328,0.79437,0.784529,0.81162,0.8082,0.754869,0.647496,0.44288,0.650438,0.444338,0.654696,0.707455,0.724069,0.734836,0.809237,0.47332,0.722105,0.699646,0.461635,0.477951,0.593011,0.72948,0.682295,0.782704,0.398843,0.695874,0.835755,0.51795,0.777085,0.830239,0.537486,0.361788,0.56,0.397427,0.73827,0.284875,0.531724,0.498638,0.243145,0.358507,0.749478,0.804671,0.487175,0.592788
0.710512,0.652004,0.60228,0.602697,0.496446,0.603167,-0.0468627,-0.0700652,0.48532,0.499692,0.46404,0.450012,0.528376,0.526566,0.536928,0.612037,0.516781,0.36776,0.348932,0.728447,0.628337,0.362301,0.606849,0.644171,0.0545085,0.350854,0.607108,1,0.323176,0.271537,-0.087226,0.462213,0.546464,0.518255,0.193788,0.148775,0.409562,0.28243,0.668424,0.666611,0.353143,0.593735,0.607023,0.583002,0.586084,0.673494,0.679628,0.559368,0.427591,0.351387,0.617329,0.434042,0.517163,0.585962,0.622765,0.561017,0.563049,0.582879,0.538676,0.380049,0.437438,0.428087,0.543248,0.461508,0.633785,0.481205,0.699181,0.640613,0.318244,0.417938,0.620818,0.519047,0.279825,0.534655,0.568337,0.569514,0.465163,0.491313,0.138778,0.232062,0.546493,0.59175,0.682604,0.492885,0.552182
0.238059,0.134034,0.184683,0.101714,-0.121815,0.209816,0.194517,0.277527,0.225655,-0.00476968,0.187636,0.0544784,0.145283,0.143359,0.105434,0.0904041,0.161028,0.236179,-0.304817,0.258387,0.100465,0.0266676,0.15789,0.190396,-0.056239,0.0581853,0.134046,0.323176,1,-0.0741482,0.278047,0.079975,0.150869,0.129379,0.168202,0.0340732,0.0516146,-0.187587,0.0876557,0.157588,0.00512152,0.196516,0.157937,0.10129,0.211799,0.279213,0.0552245,-0.0135181,-0.0383446,0.296094,0.26278,0.122866,0.0898506,0.280078,0.265742,0.121992,0.383464,0.0913825,0.242454,0.0241638,-0.137517,-0.0241602,0.126679,-0.0816062,0.137195,-0.0695626,0.460658,0.0532272,-0.152554,-0.0788652,0.0393341,0.365758,-0.0520101,0.184443,0.261698,-0.00982593,0.0118813,0.147394,0.216516,0.155949,0.370053,0.0881338,0.175336,0.190104,0.130051
0.371783,0.407445,0.352828,0.269924,0.355363,0.114633,0.124154,0.275775,0.115631,0.316442,0.313817,0.483844,0.41237,0.450162,0.138079,0.458509,0.373578,0.246724,0.29854,0.279184,0.448873,0.509001,0.240291,0.329692,0.308415,0.103655,0.397916,0.271537,-0.0741482,1,-0.17492,0.144583,0.378075,0.408271,-0.140727,-0.238406,0.356428,0.304852,0.490499,0.361922,0.220155,0.263599,0.376521,0.409535,0.406357,0.37551,0.398686,0.333147,0.0972821,0.293792,0.412629,0.385303,0.471247,0.475395,0.417708,0.426403,0.279453,0.297829,0.403502,0.26382,0.408048,0.374712,0.382171,0.250986,0.359322,0.385351,0.342185,0.359362,0.361939,0.431583,0.407581,0.0138404,0.0960681,0.275453,0.105428,0.445038,0.0262088,0.024505,0.017892,-0.020067,-0.0200733,0.487016,0.385162,-0.0121132,0.176595
0.0987379,0.0430098,0.038025,0.0609032,-0.0307886,0.241726,0.267831,0.22161,-0.0588606,-0.029946,0.138266,-0.13796,0.0299509,0.0433068,0.0845428,-0.0513472,0.0771875,0.086236,-0.0862467,0.11755,0.000978399,0.071758,0.0851047,0.1249,-0.0893325,-0.00370623,0.000581346,-0.087226,0.278047,-0.17492,1,0.271102,-0.050886,0.00882208,0.321334,-0.0992365,-0.195706,0.100075,-0.00225067,0.00136433,0.0342293,0.105578,0.0596743,0.0583396,0.0364073,0.0684355,0.0472581,0.0418786,0.163803,0.341333,0.0813037,0.163106,0.0157135,0.0838077,0.110505,0.0747891,0.120273,0.0226016,0.100188,0.0209139,-0.199058,-0.0116209,-0.0965544,0.0672087,-0.0357848,-0.139801,0.143188,0.00381585,0.039756,0.064985,-0.0154574,0.250464,0.292861,0.00494197,0.0258009,0.0501177,0.0179416,0.169285,0.119675,0.00769966,0.274956,-0.0197413,0.130771,0.038393,0.074802
0.526948,0.574071,0.472002,0.433698,0.469604,0.527046,0.0312883,-0.0295811,0.339902,0.499166,0.358415,0.285347,0.486319,0.394736,0.411334,0.512293,0.433489,0.374032,0.407843,0.459463,0.381167,0.414329,0.378448,0.486711,-0.106349,0.133093,0.565934,0.462213,0.079975,0.144583,0.271102,1,0.445278,0.370768,0.0400408,0.153112,0.366132,0.226455,0.476775,0.472303,0.0132504,0.269947,0.495597,0.446783,0.436569,0.506182,0.524987,0.31454,0.174437,0.311569,0.296058,0.377547,0.421757,0.420435,0.522928,0.506572,0.263719,0.434099,0.339372,0.423883,0.393222,0.536643,0.422657,0.390609,0.453294,0.181229,0.441263,0.566704,0.23274,0.545796,0.580141,0.363196,0.229469,0.39677,0.383661,0.402847,0.230083,0.334684,0.199176,0.151545,0.353903,0.49262,0.587537,0.43239,0.367245
0.709937,0.700996,0.667274,0.601329,0.50877,0.267745,0.0311918,0.248991,0.480009,0.605052,0.609661,0.5264,0.733742,0.548751,0.431463,0.68237,0.634149,0.276371,0.582792,0.704312,0.650074,0.521524,0.560465,0.665148,0.0884014,0.493379,0.683166,0.546464,0.150869,0.378075,-0.050886,0.445278,1,0.630734,0.140246,0.383059,0.599721,0.24192,0.73356,0.692922,0.103267,0.559623,0.659119,0.661901,0.669902,0.704324,0.627641,0.499126,0.280426,0.432704,0.33426,0.517882,0.672135,0.617593,0.625151,0.550355,0.276232,0.616199,0.548654,0.380956,0.328966,0.398469,0.641168,0.61558,0.569222,0.532543,0.55891,0.6988,0.359176,0.578221,0.545946,0.623612,0.0764303,0.660112,0.235252,0.494424,0.193585,0.506438,0.335232,0.249033,0.284702,0.663868,0.647281,0.27294,0.506917
0.622401,0.637003,0.558049,0.430477,0.576078,0.357644,0.0628005,0.383172,0.356947,0.4579,0.529132,0.378648,0.54256,0.604148,0.535642,0.606118,0.572484,0.203731,0.561652,0.555397,0.671982,0.49844,0.379763,0.584649,-0.0488458,0.316289,0.482314,0.518255,0.129379,0.408271,0.00882208,0.370768,0.630734,1,0.12285,-0.124584,0.574913,0.336836,0.599635,0.699887,0.19509,0.623888,0.513742,0.541123,0.559182,0.538467,0.639402,0.482716,0.29645,0.239186,0.489281,0.578196,0.593153,0.525213,0.66329,0.555309,0.394154,0.605876,0.643264,0.235645,0.389993,0.393854,0.45801,0.652049,0.631452,0.534702,0.428372,0.620087,0.195406,0.61094,0.433883,0.452477,0.226761,0.391617,0.515864,0.572414,0.482157,0.258572,0.330629,0.108967,0.219849,0.759254,0.651205,0.111186,0.456437
0.156767,0.160207,0.10094,0.151351,-0.0976488,0.184036,-0.108184,0.0397087,0.136613,0.0859332,0.293002,0.0464768,0.146051,0.0542635,0.0528543,-0.0397382,0.079448,-0.0377527,0.108573,0.118554,0.0497093,0.0483181,0.26816,0.195107,-0.144008,0.244105,-0.0232484,0.193788,0.168202,-0.140727,0.321334,0.0400408,0.140246,0.12285,1,-0.0291679,0.0699295,-0.0657884,0.0539808,0.0934668,0.326594,0.24107,0.130698,0.0587375,0.114759,0.216209,0.0789478,0.152677,0.184365,0.099303,-0.0902824,0.121804,0.149625,0.150071,0.0709747,-0.0477977,0.0724593,0.031024,0.0816733,-0.107979,-0.18962,-0.0476717,0.185867,-0.0684681,0.0892848,0.029993,0.152982,0.0618158,0.103301,-0.040931,0.077295,0.303235,0.198732,0.0593783,-0.111386,-0.00571552,0.125645,0.137022,0.0166008,0.127907,0.248871,-0.0263968,0.166131,0.121585,0.0788572
0.0924394,0.0732446,0.170783,0.255229,0.0688813,-0.0453495,0.0740221,-0.149795,0.157249,0.0204657,0.0496,0.0139125,0.163533,-0.159232,0.0343442,0.175877,0.00939251,-0.0326834,0.123662,0.237868,0.0897587,0.0820857,0.240644,0.113352,-0.178269,0.283832,0.178496,0.148775,0.0340732,-0.238406,-0.0992365,0.153112,0.383059,-0.124584,-0.0291679,1,0.124438,-0.0352267,0.153279,0.0511379,-0.174093,-0.0826228,0.141978,0.177773,0.120964,0.136404,0.0717944,0.0320944,0.139683,0.0308739,0.0224529,-0.0413503,0.000177364,0.0889557,0.0722271,0.00635217,0.136356,0.187271,-0.0184449,0.0861515,-0.122955,0.0159488,0.0848987,0.13846,0.0716314,0.151141,0.156056,0.164181,0.147715,0.0988447,0.114843,0.343539,-0.0693127,0.273634,-0.0103898,0.0604672,0.125963,0.33569,0.205629,0.0951003,0.0486203,-0.00336639,0.0181159,0.258153,0.215269
0.630057,0.616865,0.591414,0.548361,0.425828,0.131853,-0.16247,0.163803,0.359657,0.548411,0.506038,0.48004,0.580286,0.437157,0.334994,0.589881,0.498156,0.064987,0.516437,0.52956,0.588621,0.351928,0.473948,0.53329,-0.0322361,0.428941,0.568957,0.409562,0.0516146,0.356428,-0.195706,0.366132,0.599721,0.574913,0.0699295,0.124438,1,0.115864,0.523862,0.578075,-0.152254,0.452888,0.537545,0.569187,0.566543,0.603804,0.649813,0.410934,0.209533,0.252141,0.274551,0.593336,0.709456,0.516423,0.575004,0.565216,0.217579,0.509463,0.543678,0.2729,0.516637,0.486381,0.522052,0.528888,0.630558,0.362105,0.414447,0.663131,0.240742,0.556066,0.445215,0.362027,-0.0077818,0.280914,0.308793,0.573913,0.280903,0.190611,0.444528,0.454082,0.0883826,0.568637,0.569731,0.210701,0.36356
0.454107,0.505426,0.362956,0.355139,0.519575,0.466127,-0.0233553,0.136047,0.348079,0.413722,0.366691,0.117783,0.336094,0.509792,0.547991,0.44967,0.361351,0.414307,0.456327,0.438406,0.42475,0.339421,0.280668,0.504577,0.293212,0.170771,0.258818,0.28243,-0.187587,0.304852,0.100075,0.226455,0.24192,0.336836,-0.0657884,-0.0352267,0.115864,1,0.525751,0.461775,0.440858,0.495126,0.484068,0.402809,0.407471,0.276463,0.553423,0.510803,0.149497,0.144425,0.497443,0.351278,0.389874,0.344501,0.458944,0.517468,0.27627,0.346275,0.420064,0.487163,0.404994,0.334045,0.217967,0.497573,0.280922,0.545623,0.341813,0.465758,0.249223,0.339513,0.385119,0.268468,0.300834,0.262837,0.296505,0.359053,0.0805543,0.189899,0.0813567,0.0132192,0.300482,0.501133,0.356161,-0.0778484,0.198681
0.923157,0.90255,0.890825,0.826784,0.791749,0.664067,0.14862,0.238097,0.537513,0.779888,0.772594,0.637083,0.867569,0.863587,0.660072,0.911136,0.841449,0.554261,0.726069,0.881144,0.870929,0.63463,0.626171,0.888612,0.361755,0.520985,0.777546,0.668424,0.0876557,0.490499,-0.00225067,0.476775,0.73356,0.599635,0.0539808,0.153279,0.523862,0.525751,1,0.887189,0.150106,0.548752,0.92808,0.896457,0.910241,0.811448,0.849928,0.795173,0.373591,0.475596,0.618988,0.635132,0.731598,0.827747,0.861182,0.838458,0.49041,0.807506,0.804626,0.522379,0.493851,0.642978,0.689939,0.812974,0.844669,0.699443,0.716909,0.901798,0.49068,0.69642,0.743262,0.631755,0.340857,0.650317,0.495741,0.782174,0.286449,0.542643,0.338451,0.233603,0.466085,0.866172,0.856216,0.278599,0.680843
0.890329,0.857001,0.875035,0.788916,0.748192,0.619587,0.139408,0.297029,0.506519,0.663167,0.725973,0.555789,0.783732,0.855392,0.640259,0.827683,0.799687,0.459053,0.595307,0.872088,0.827748,0.542125,0.584803,0.835548,0.318069,0.588242,0.745014,0.666611,0.157588,0.361922,0.00136433,0.472303,0.692922,0.699887,0.0934668,0.0511379,0.578075,0.461775,0.887189,1,0.0888698,0.541873,0.853346,0.835657,0.849747,0.777142,0.842789,0.733006,0.488732,0.417682,0.593143,0.616832,0.719657,0.792224,0.835233,0.810434,0.459432,0.756521,0.794179,0.378957,0.523639,0.576591,0.699184,0.794671,0.811309,0.590958,0.638855,0.854191,0.374965,0.725857,0.690739,0.614075,0.311487,0.528151,0.524833,0.738411,0.355634,0.51254,0.352925,0.223054,0.500744,0.835945,0.830627,0.255322,0.64085
0.12788,0.189887,0.0187274,0.0413018,0.189827,0.351337,-0.186223,0.0456883,0.306206,0.0984645,0.165332,0.0851831,0.0954094,0.150651,0.324068,0.0261949,0.0342715,0.251256,0.0206975,0.109394,0.102576,0.150923,0.239434,0.277751,0.138986,-0.00831702,0.0767815,0.353143,0.00512152,0.220155,0.0342293,0.0132504,0.103267,0.19509,0.326594,-0.174093,-0.152254,0.440858,0.150106,0.0888698,1,0.399499,0.126049,0.0582248,0.107178,0.0990779,0.158222,0.213449,0.181738,0.00757474,0.361696,0.0725336,0.0972645,0.132437,0.0948916,0.13209,0.302688,0.0393602,0.130306,0.198641,0.0697284,0.0799046,0.149899,0.0184378,-0.0109438,0.419078,0.339364,0.0773692,0.130131,0.0501442,0.25368,0.0779337,0.223773,0.199626,0.106473,-0.0391753,0.0649178,0.0261617,-0.097466,-0.206161,0.134592,0.152385,0.140762,0.126981,-0.156363
0.63487,0.616879,0.475725,0.414705,0.427689,0.333982,-0.177244,0.158979,0.644154,0.507154,0.499929,0.347549,0.504172,0.589894,0.654742,0.536661,0.479213,0.318315,0.499332,0.633384,0.60183,0.387208,0.536098,0.64482,-0.0716424,0.378447,0.359328,0.593735,0.196516,0.263599,0.105578,0.269947,0.559623,0.623888,0.24107,-0.0826228,0.452888,0.495126,0.548752,0.541873,0.399499,1,0.53094,0.536683,0.513388,0.49155,0.638853,0.536914,0.206843,0.235742,0.481557,0.424497,0.614542,0.470978,0.511261,0.567104,0.233388,0.444221,0.466437,0.393083,0.405505,0.185411,0.452274,0.566306,0.482042,0.574627,0.48664,0.575769,0.155032,0.320285,0.433823,0.560391,0.131039,0.36676,0.455346,0.39593,0.250071,0.334779,0.192695,0.217962,0.38674,0.588395,0.566533,0.199984,0.331213
0.938158,0.915725,0.916653,0.876417,0.772339,0.725365,0.132454,0.264885,0.641233,0.801652,0.803055,0.660128,0.86844,0.849221,0.669024,0.883155,0.827939,0.615575,0.642324,0.8903,0.856362,0.631953,0.700956,0.932338,0.393883,0.629031,0.79437,0.607023,0.157937,0.376521,0.0596743,0.495597,0.659119,0.513742,0.130698,0.141978,0.537545,0.484068,0.92808,0.853346,0.126049,0.53094,1,0.903914,0.94427,0.850994,0.798268,0.748786,0.398705,0.469823,0.572546,0.611215,0.743739,0.870029,0.862449,0.865045,0.42955,0.765849,0.807825,0.49307,0.438836,0.597498,0.735668,0.795616,0.845303,0.627626,0.758195,0.907035,0.422797,0.729378,0.806491,0.675331,0.361686,0.57976,0.437086,0.733424,0.299435,0.538918,0.390504,0.292076,0.479002,0.847083,0.864875,0.383317,0.635986
0.899563,0.896566,0.935889,0.849404,0.751456,0.552881,0.198237,0.331468,0.493524,0.755446,0.801774,0.611997,0.868035,0.815722,0.667543,0.865305,0.830938,0.575595,0.606876,0.880768,0.853747,0.534799,0.688472,0.902674,0.289014,0.636229,0.784529,0.583002,0.10129,0.409535,0.0583396,0.446783,0.661901,0.541123,0.0587375,0.177773,0.569187,0.402809,0.896457,0.835657,0.0582248,0.536683,0.903914,1,0.921103,0.82205,0.845854,0.772546,0.455687,0.58596,0.610636,0.745952,0.82295,0.838824,0.879264,0.880973,0.480017,0.82238,0.840923,0.546489,0.51196,0.6108,0.696523,0.828114,0.86399,0.602173,0.697011,0.906217,0.443215,0.671156,0.752757,0.686941,0.312853,0.595003,0.488258,0.773633,0.256664,0.587055,0.40287,0.311992,0.349218,0.840736,0.798236,0.318562,0.68329
0.913114,0.917459,0.973299,0.85806,0.75462,0.653722,0.23383,0.379766,0.533339,0.806467,0.873587,0.643749,0.900036,0.863645,0.701681,0.887258,0.855932,0.673389,0.604943,0.868774,0.870337,0.633815,0.62934,0.933617,0.37493,0.56777,0.81162,0.586084,0.211799,0.406357,0.0364073,0.436569,0.669902,0.559182,0.114759,0.120964,0.566543,0.407471,0.910241,0.849747,0.107178,0.513388,0.94427,0.921103,1,0.868779,0.802628,0.75879,0.380387,0.525741,0.569536,0.733695,0.78528,0.848113,0.906249,0.906082,0.474622,0.825333,0.903086,0.477336,0.440755,0.608803,0.707891,0.791743,0.869662,0.588602,0.763984,0.912485,0.440829,0.694313,0.76325,0.658075,0.3289,0.549405,0.494807,0.754039,0.264989,0.53319,0.501354,0.231206,0.419347,0.854946,0.838471,0.344406,0.660212
0.878967,0.840315,0.881218,0.820241,0.664388,0.63954,0.191776,0.290015,0.481922,0.794827,0.814171,0.718452,0.847726,0.721565,0.575135,0.821481,0.796995,0.524881,0.511785,0.804413,0.804043,0.563787,0.687663,0.846296,0.263834,0.553007,0.8082,0.673494,0.279213,0.37551,0.0684355,0.506182,0.704324,0.538467,0.216209,0.136404,0.603804,0.276463,0.811448,0.777142,0.0990779,0.49155,0.850994,0.82205,0.868779,1,0.773956,0.715482,0.439938,0.55193,0.511271,0.702473,0.816712,0.756618,0.819993,0.773672,0.518711,0.742798,0.812336,0.407566,0.473454,0.616161,0.70124,0.633221,0.853087,0.447938,0.749336,0.859388,0.490318,0.610902,0.768429,0.643381,0.434273,0.573442,0.397685,0.655669,0.372666,0.623455,0.492483,0.358153,0.479348,0.753119,0.827471,0.471799,0.69992
0.890046,0.888394,0.841548,0.80913,0.781641,0.60656,0.0437372,0.172746,0.48424,0.717213,0.708706,0.527852,0.766598,0.793078,0.690104,0.812002,0.74377,0.446854,0.644314,0.827195,0.790764,0.43793,0.661644,0.853211,0.16809,0.439579,0.754869,0.679628,0.0552245,0.398686,0.0472581,0.524987,0.627641,0.639402,0.0789478,0.0717944,0.649813,0.553423,0.849928,0.842789,0.158222,0.638853,0.798268,0.845854,0.802628,0.773956,1,0.816988,0.451462,0.519004,0.617593,0.74803,0.780827,0.725381,0.825274,0.867508,0.512879,0.775313,0.756486,0.521081,0.699302,0.629151,0.656345,0.787061,0.827058,0.558329,0.616134,0.904766,0.440316,0.635509,0.715911,0.603889,0.35495,0.500435,0.596401,0.77594,0.290809,0.48308,0.394592,0.331203,0.491035,0.824609,0.805288,0.28325,0.603612
0.792896,0.787461,0.750745,0.8363,0.775914,0.590921,0.110622,0.188845,0.538588,0.60227,0.715351,0.558057,0.756913,0.770558,0.654894,0.769921,0.650915,0.530721,0.698106,0.707112,0.782887,0.458342,0.622754,0.807962,0.256435,0.42315,0.647496,0.559368,-0.0135181,0.333147,0.0418786,0.31454,0.499126,0.482716,0.152677,0.0320944,0.410934,0.510803,0.795173,0.733006,0.213449,0.536914,0.748786,0.772546,0.75879,0.715482,0.816988,1,0.340469,0.463729,0.520753,0.628398,0.640799,0.571023,0.657799,0.801747,0.350032,0.776086,0.693221,0.546342,0.608848,0.572063,0.527799,0.742694,0.787412,0.627276,0.580418,0.804514,0.503873,0.536772,0.736505,0.524497,0.432627,0.352079,0.530363,0.733335,0.329008,0.491629,0.304379,0.220661,0.495477,0.695614,0.72616,0.294743,0.503808
0.423854,0.337325,0.485068,0.515312,0.439062,0.414705,0.293064,0.16842,0.0614462,0.276589,0.335191,0.278747,0.291225,0.308385,0.2538,0.345503,0.386793,0.0990333,0.0801213,0.546673,0.433353,0.31654,0.437769,0.389117,0.202603,0.406266,0.44288,0.427591,-0.0383446,0.0972821,0.163803,0.174437,0.280426,0.29645,0.184365,0.139683,0.209533,0.149497,0.373591,0.488732,0.181738,0.206843,0.398705,0.455687,0.380387,0.439938,0.451462,0.340469,1,0.345589,0.406832,0.338486,0.340442,0.454854,0.416554,0.316609,0.442424,0.399419,0.410966,-0.0381626,0.235208,0.210814,0.342575,0.395365,0.409358,0.292881,0.378708,0.426494,0.184421,0.433532,0.449565,0.313837,0.490714,0.325342,0.160954,0.481439,0.434734,0.551408,0.21385,0.121984,0.319139,0.382595,0.396058,0.152731,0.492692
0.550069,0.491816,0.54265,0.523482,0.319416,0.267121,0.388722,0.393739,0.0226218,0.409179,0.472419,0.3113,0.479679,0.381122,0.21108,0.454832,0.466147,0.430747,0.135641,0.499389,0.472479,0.193111,0.470999,0.492455,0.208724,0.250436,0.650438,0.351387,0.296094,0.293792,0.341333,0.311569,0.432704,0.239186,0.099303,0.0308739,0.252141,0.144425,0.475596,0.417682,0.00757474,0.235742,0.469823,0.58596,0.525741,0.55193,0.519004,0.463729,0.345589,1,0.304547,0.697992,0.538903,0.50184,0.551058,0.566093,0.373668,0.555421,0.55413,0.391463,0.315919,0.371508,0.398071,0.364198,0.442091,0.0893943,0.478226,0.495375,0.297498,0.407804,0.485328,0.385647,0.300281,0.427636,0.144429,0.511204,-0.0891715,0.432957,0.289717,0.20815,0.190918,0.425528,0.422131,0.179653,0.448748
0.620484,0.584723,0.564953,0.500309,0.573069,0.571414,0.261317,0.275575,0.374835,0.301326,0.412647,0.406044,0.49593,0.568804,0.681028,0.572214,0.531682,0.452468,0.210881,0.675217,0.593941,0.530466,0.43567,0.599259,0.300065,0.20735,0.444338,0.617329,0.26278,0.412629,0.0813037,0.296058,0.33426,0.489281,-0.0902824,0.0224529,0.274551,0.497443,0.618988,0.593143,0.361696,0.481557,0.572546,0.610636,0.569536,0.511271,0.617593,0.520753,0.406832,0.304547,1,0.431686,0.485,0.626147,0.685421,0.620015,0.67814,0.543633,0.618476,0.469033,0.413161,0.44213,0.454683,0.489142,0.564658,0.513558,0.633037,0.572026,0.344133,0.405798,0.488836,0.427091,0.332452,0.47254,0.45267,0.545389,0.365327,0.332287,0.270304,0.0223831,0.380048,0.660168,0.590676,0.1096,0.472059
0.696788,0.714584,0.744801,0.634513,0.57725,0.388755,0.167902,0.367306,0.124513,0.650844,0.708808,0.411911,0.666768,0.595933,0.502535,0.679561,0.628636,0.457605,0.424614,0.614109,0.683523,0.382351,0.516191,0.687771,0.139265,0.356534,0.654696,0.434042,0.122866,0.385303,0.163106,0.377547,0.517882,0.578196,0.121804,-0.0413503,0.593336,0.351278,0.635132,0.616832,0.0725336,0.424497,0.611215,0.745952,0.733695,0.702473,0.74803,0.628398,0.338486,0.697992,0.431686,1,0.801536,0.611442,0.788441,0.772724,0.442956,0.747102,0.826668,0.437732,0.520307,0.530195,0.431047,0.61703,0.668589,0.301074,0.568498,0.711801,0.42558,0.497136,0.551617,0.436485,0.34592,0.422664,0.416794,0.695078,0.137635,0.370914,0.509637,0.236277,0.158423,0.652705,0.583472,0.149405,0.490317
