1,0.861116,0.933815,0.848028,0.705827,0.74895,0.682217,0.498676,0.466366,0.704584,0.641178,0.723543,0.87252,0.807917,0.462958,0.829504,0.842483,0.58382,0.522353,0.819846,0.862703,0.563468,0.798247,0.906186,0.698548,0.70174,0.788496,0.665603,0.448345,0.293913,0.516033,0.212923,0.722456,0.710411,0.431417,0.245821,0.171225,0.698688,0.879285,0.810917,0.570627,0.55976,0.92816,0.87306,0.927002,0.81177,0.797989,0.574382,0.60018,0.481303,0.572817,0.570602,0.819092,0.801108,0.864774,0.763385,0.717484,0.790355,0.884791,0.353181,0.409706,0.635722,0.764847,0.804251,0.87044,0.64737,0.63637,0.913389,0.377992,0.689525,0.745639,0.578856,0.14284,0.276356,0.407695,0.727235,0.779431,0.502786,0.540639,0.310183,0.628314,0.867967,0.764648,0.55226,0.496454
0.861116,1,0.862398,0.658105,0.586471,0.643175,0.595811,0.450304,0.433345,0.642624,0.605637,0.706158,0.732393,0.75089,0.426367,0.754238,0.734725,0.620432,0.360499,0.720016,0.744413,0.613929,0.645794,0.844052,0.646605,0.586972,0.678585,0.551627,0.388646,0.333616,0.42773,0.0849978,0.693124,0.745751,0.419214,0.207081,0.125314,0.521751,0.786596,0.784591,0.466229,0.467153,0.82347,0.809751,0.863207,0.681374,0.608795,0.445849,0.573216,0.408747,0.454564,0.419738,0.757843,0.709043,0.789188,0.740362,0.560924,0.679981,0.852463,0.381219,0.410606,0.524406,0.705505,0.720911,0.78596,0.540333,0.554378,0.733007,0.241892,0.521154,0.679329,0.576343,0.108997,0.295201,0.327787,0.635198,0.679626,0.297866,0.471698,0.0876465,0.503591,0.758116,0.726371,0.555057,0.513255
0.933815,0.862398,1,0.825028,0.637804,0.737473,0.60327,0.472168,0.377338,0.637048,0.650089,0.72151,0.811791,0.832208,0.477224,0.820519,0.831754,0.572651,0.435555,0.793817,0.802915,0.542306,0.657652,0.894268,0.651203,0.729492,0.745614,0.706504,0.337563,0.265306,0.437115,0.197051,0.670377,0.669966,0.42354,0.252177,0.242807,0.643764,0.845828,0.852069,0.519043,0.597538,0.916734,0.855028,0.971667,0.809642,0.700748,0.440341,0.456038,0.483198,0.509584,0.588528,0.82703,0.769856,0.829556,0.782902,0.605125,0.792702,0.911819,0.296303,0.383251,0.517411,0.717547,0.845635,0.809277,0.544622,0.521194,0.85362,0.449876,0.566212,0.708499,0.531657,0.0931712,0.355,0.288612,0.640851,0.678131,0.402172,0.498003,0.297339,0.580517,0.82214,0.719878,0.518293,0.40665
0.848028,0.658105,0.825028,1,0.59414,0.701996,0.624151,0.476023,0.287072,0.491296,0.549838,0.605,0.735942,0.737762,0.432497,0.64257,0.686993,0.41147,0.315073,0.70288,0.699817,0.35184,0.672486,0.783361,0.633442,0.724856,0.772133,0.691494,0.472053,0.324362,0.566974,0.0711429,0.472611,0.585996,0.319663,0.254363,0.27752,0.668423,0.760543,0.708668,0.534762,0.432566,0.806991,0.714689,0.82665,0.74469,0.661009,0.643059,0.519923,0.468123,0.41957,0.497887,0.710946,0.707961,0.7472,0.674061,0.640597,0.732628,0.740261,0.171152,0.147252,0.49935,0.577706,0.687995,0.6814,0.479205,0.615167,0.757164,0.422725,0.513676,0.702653,0.502415,0.0466739,0.166752,0.285643,0.599445,0.54509,0.546874,0.359195,0.284291,0.503442,0.77843,0.597487,0.415082,0.410282
0.705827,0.586471,0.637804,0.59414,1,0.57302,0.444942,0.334248,0.675324,0.427366,0.368229,0.486506,0.635035,0.692429,0.40759,0.534794,0.655283,0.419608,0.466299,0.643435,0.683196,0.430703,0.707244,0.771609,0.641554,0.580496,0.711591,0.404686,0.423475,0.113693,0.478969,0.297872,0.619091,0.492967,0.216301,0.470169,0.270219,0.498122,0.738381,0.67269,0.407826,0.532781,0.719765,0.706371,0.616893,0.541204,0.637484,0.51007,0.423728,0.514868,0.400869,0.404503,0.56998,0.685456,0.676106,0.60876,0.500931,0.537275,0.61638,0.353512,0.370035,0.575182,0.512828,0.618832,0.700882,0.506971,0.428021,0.775401,0.381375,0.705952,0.520863,0.357429,0.174471,0.179186,0.529897,0.66979,0.544683,0.360612,0.346649,0.333926,0.561043,0.730658,0.573288,0.603348,0.428672
0.74895,0.643175,0.737473,0.701996,0.57302,1,0.550477,0.381971,0.404401,0.379737,0.385199,0.504337,0.70212,0.699583,0.433783,0.5863,0.641483,0.580752,0.284289,0.553286,0.534754,0.444727,0.535678,0.7372,0.499374,0.519051,0.70295,0.589118,0.296391,0.122856,0.220913,0.251324,0.562985,0.515134,0.34128,0.161744,0.210011,0.594377,0.721951,0.733212,0.413612,0.454555,0.75204,0.641901,0.720007,0.681384,0.564454,0.445573,0.461988,0.34006,0.39371,0.331181,0.649793,0.588425,0.667635,0.649925,0.552272,0.574137,0.609878,0.422583,0.428545,0.449425,0.537259,0.594784,0.671577,0.481898,0.427713,0.649694,0.102691,0.465612,0.710789,0.282615,0.0374484,0.425688,0.333813,0.508396,0.459775,0.435107,0.411069,0.188564,0.652492,0.618024,0.636671,0.44465,0.276846
0.682217,0.595811,0.60327,0.624151,0.444942,0.550477,1,0.660953,0.102881,0.372927,0.256154,0.545596,0.615818,0.553312,0.275081,0.542054,0.479173,0.488867,0.115405,0.540892,0.551618,0.349257,0.732906,0.623648,0.62392,0.414601,0.639155,0.463509,0.428824,0.118995,0.336255,-0.00671089,0.497515,0.441396,0.274676,0.140954,0.15813,0.561798,0.609163,0.626932,0.425032,0.293263,0.673996,0.550545,0.619329,0.667427,0.587118,0.55371,0.513034,0.29158,0.46071,0.225465,0.594134,0.634594,0.611959,0.56594,0.462304,0.4089,0.507215,0.405281,0.247258,0.267276,0.517463,0.527181,0.61818,0.353579,0.577783,0.609814,0.129378,0.331614,0.792946,0.476297,0.18489,0.200509,0.24935,0.459062,0.415233,0.46613,0.44287,0.0971548,0.351246,0.643333,0.652987,0.423797,0.41228
0.498676,0.450304,0.472168,0.476023,0.334248,0.381971,0.660953,1,-0.120857,0.298571,0.13988,0.577127,0.584691,0.49569,0.359244,0.552143,0.391344,0.410674,0.0840691,0.543763,0.578169,0.545266,0.530185,0.498357,0.515434,0.262103,0.524516,0.400316,0.469264,0.191167,0.246455,0.135805,0.203215,0.484526,0.373617,0.172725,0.219498,0.490856,0.468858,0.405686,0.37679,0.175894,0.564015,0.427869,0.494868,0.557116,0.569402,0.491528,0.32363,0.0314136,0.25619,0.0798137,0.402596,0.631875,0.543554,0.422465,0.402775,0.475744,0.490683,0.062793,0.0308467,0.254388,0.397036,0.517554,0.495571,0.0911533,0.572925,0.483649,0.11608,0.245566,0.685389,0.495487,0.356004,0.196798,0.086927,0.309762,0.265853,0.186541,0.300693,0.0534059,0.198413,0.560304,0.437183,0.452432,0.357703
0.466366,0.433345,0.377338,0.287072,0.675324,0.404401,0.102881,-0.120857,1,0.347093,0.518051,0.247964,0.396682,0.46507,0.253409,0.332007,0.45295,0.327899,0.555528,0.41183,0.411778,0.22879,0.499207,0.559518,0.371859,0.276958,0.484003,0.15744,0.0666217,-0.105723,0.265998,0.263627,0.528888,0.285492,0.0601016,0.348552,0.16475,0.36398,0.462704,0.510386,0.234815,0.397794,0.360925,0.514384,0.377593,0.19864,0.359503,0.27831,0.363195,0.382142,0.292378,0.441873,0.432305,0.295271,0.403026,0.354354,0.404552,0.331547,0.408905,0.309319,0.345973,0.47653,0.21114,0.311056,0.505838,0.521133,0.264286,0.531604,0.115927,0.550862,0.225544,0.12613,-0.0159476,0.157107,0.557114,0.390417,0.367206,0.289044,0.206207,0.308475,0.501808,0.44775,0.395259,0.289287,0.442653
0.704584,0.642624,0.637048,0.491296,0.427366,0.379737,0.372927,0.298571,0.347093,1,0.617212,0.591714,0.657447,0.534877,0.44817,0.604227,0.67678,0.37159,0.506402,0.597972,0.663101,0.509123,0.436463,0.564982,0.404277,0.496324,0.343665,0.575134,0.184357,0.222641,0.312897,0.286573,0.514534,0.576562,0.595106,-0.0891206,-0.0441691,0.534342,0.562158,0.525723,0.456523,0.391707,0.607102,0.721359,0.610175,0.553139,0.648577,0.224297,0.48407,0.191335,0.346205,0.610444,0.553615,0.563596,0.643506,0.446591,0.498704,0.650635,0.648547,0.209749,0.269944,0.548972,0.560318,0.687647,0.693211,0.639239,0.404574,0.696445,0.22891,0.688978,0.419971,0.632604,-0.0518202,0.161026,0.135391,0.531309,0.571246,0.230443,0.50614,0.333613,0.307511,0.571982,0.593463,0.484686,0.379766
0.641178,0.605637,0.650089,0.549838,0.368229,0.385199,0.256154,0.13988,0.518051,0.617212,1,0.449134,0.489037,0.573919,0.340594,0.461828,0.548871,0.359086,0.504716,0.576433,0.562156,0.325265,0.388178,0.582481,0.30422,0.428975,0.370137,0.469264,-0.0474157,0.237096,0.214171,-0.00138602,0.420614,0.55162,0.281396,0.103096,0.039418,0.538217,0.551224,0.549722,0.295511,0.344725,0.493131,0.650966,0.638727,0.451294,0.484027,0.311982,0.34453,0.239269,0.267788,0.660801,0.606034,0.420196,0.547735,0.336616,0.455782,0.544673,0.731658,0.128709,0.148282,0.468985,0.33414,0.52314,0.557568,0.516338,0.259175,0.581783,0.282832,0.514969,0.307838,0.318131,-0.0859192,0.0332641,0.249874,0.299084,0.459724,0.232175,0.385945,0.330745,0.299946,0.526372,0.52106,0.331931,0.40261
0.723543,0.706158,0.72151,0.605,0.486506,0.504337,0.545596,0.577127,0.247964,0.591714,0.449134,1,0.816717,0.682359,0.539385,0.797987,0.742504,0.500686,0.36041,0.780367,0.818115,0.498481,0.660303,0.729179,0.652946,0.514488,0.565056,0.557252,0.45366,0.405131,0.460708,0.0684012,0.643022,0.685096,0.401193,0.38308,0.197435,0.525555,0.739582,0.684794,0.364176,0.459102,0.800341,0.668667,0.772667,0.666661,0.630035,0.539047,0.541802,0.300314,0.470367,0.469002,0.712665,0.814173,0.757504,0.718883,0.618131,0.696487,0.711455,0.242133,0.125156,0.492326,0.613497,0.822421,0.718364,0.36033,0.510468,0.755775,0.349739,0.551302,0.604958,0.53265,0.236571,0.305077,0.231951,0.566985,0.561788,0.449709,0.315101,0.209446,0.443194,0.71882,0.541752,0.539658,0.463149
0.87252,0.732393,0.811791,0.735942,0.635035,0.70212,0.615818,0.584691,0.396682,0.657447,0.489037,0.816717,1,0.781685,0.474092,0.865216,0.847433,0.622882,0.546502,0.808365,0.86485,0.506762,0.755071,0.836493,0.693783,0.532576,0.688955,0.663351,0.400063,0.266135,0.515316,0.260432,0.65913,0.675773,0.538134,0.29298,0.203242,0.684323,0.858906,0.755017,0.432746,0.481164,0.895529,0.783274,0.822265,0.782141,0.797803,0.54566,0.600993,0.330403,0.469132,0.534349,0.711503,0.840645,0.843833,0.707585,0.746092,0.769791,0.774631,0.305479,0.335704,0.534232,0.670973,0.806894,0.817183,0.578916,0.581235,0.845884,0.326438,0.638556,0.691955,0.493184,0.212903,0.346395,0.349716,0.681844,0.71363,0.557383,0.45603,0.377578,0.572116,0.825483,0.670529,0.564915,0.490227
0.807917,0.75089,0.832208,0.737762,0.692429,0.699583,0.553312,0.49569,0.46507,0.534877,0.573919,0.682359,0.781685,1,0.588187,0.747451,0.786394,0.684938,0.395142,0.802501,0.756507,0.363998,0.663177,0.847831,0.624699,0.611529,0.723314,0.574385,0.278825,0.194826,0.325056,0.182962,0.679689,0.658916,0.34601,0.293069,0.297659,0.595113,0.788337,0.818055,0.398727,0.539558,0.869353,0.857264,0.850867,0.765868,0.712539,0.508882,0.474249,0.463448,0.450528,0.468745,0.833092,0.695133,0.752667,0.836652,0.578763,0.769196,0.807642,0.242306,0.287622,0.499489,0.525962,0.79307,0.76397,0.439229,0.445731,0.767214,0.44572,0.543601,0.642049,0.348912,0.0457857,0.378314,0.368924,0.54616,0.614334,0.443729,0.346486,0.396774,0.493599,0.851176,0.59722,0.558263,0.378268
0.462958,0.426367,0.477224,0.432497,0.40759,0.433783,0.275081,0.359244,0.253409,0.44817,0.340594,0.539385,0.474092,0.588187,1,0.381101,0.500922,0.374955,0.317583,0.406995,0.482851,0.317395,0.312363,0.443988,0.20749,0.570934,0.469751,0.308785,0.267969,0.272828,0.0690069,0.142841,0.401102,0.411605,0.295888,0.250715,0.336301,0.274478,0.40818,0.515594,0.254584,0.317849,0.497194,0.52218,0.463735,0.438642,0.554084,0.370397,0.229963,0.357501,0.0972558,0.185749,0.44182,0.457602,0.489411,0.495762,0.401486,0.490351,0.561792,-0.0581353,0.0257251,0.214401,0.280547,0.66922,0.477897,0.267105,0.100141,0.482222,0.227992,0.576254,0.433704,0.22955,-0.114859,0.221714,0.182041,0.459175,0.334001,0.411851,0.169977,0.169617,0.40018,0.539221,0.285274,0.276748,0.146385
0.829504,0.754238,0.820519,0.64257,0.534794,0.5863,0.542054,0.552143,0.332007,0.604227,0.461828,0.797987,0.865216,0.747451,0.381101,1,0.839943,0.516835,0.573152,0.842942,0.868671,0.534615,0.699834,0.810314,0.651582,0.465096,0.605539,0.64419,0.304136,0.165339,0.447931,0.241411,0.674492,0.690362,0.399674,0.2688,0.1487,0.626746,0.768233,0.658357,0.419023,0.44804,0.85713,0.790464,0.847435,0.750904,0.713753,0.425108,0.497878,0.357436,0.575616,0.50804,0.749808,0.708925,0.790021,0.718323,0.621435,0.82093,0.804903,0.311577,0.440155,0.528625,0.706206,0.770113,0.77294,0.473024,0.587378,0.814557,0.423515,0.509584,0.572837,0.424241,0.212878,0.443261,0.330755,0.560679,0.765424,0.428472,0.348941,0.237362,0.570248,0.775351,0.56922,0.459837,0.481592
0.842483,0.734725,0.831754,0.686993,0.655283,0.641483,0.479173,0.391344,0.45295,0.67678,0.548871,0.742504,0.847433,0.786394,0.500922,0.839943,1,0.558068,0.614174,0.809871,0.822943,0.443338,0.659097,0.821632,0.645059,0.603397,0.622107,0.681913,0.253789,0.242168,0.445876,0.142586,0.761634,0.658929,0.405209,0.231948,0.127315,0.533999,0.785095,0.709174,0.35473,0.5317,0.839119,0.823918,0.83528,0.682703,0.693026,0.390102,0.523176,0.483247,0.518388,0.60559,0.738921,0.734392,0.845753,0.709803,0.62192,0.812694,0.822124,0.231057,0.405368,0.559926,0.701495,0.848312,0.787394,0.609306,0.414639,0.822971,0.403322,0.592325,0.509161,0.370866,-0.0229035,0.395647,0.376205,0.687617,0.776729,0.443855,0.343661,0.336299,0.614478,0.805657,0.558576,0.464722,0.4935
0.58382,0.620432,0.572651,0.41147,0.419608,0.580752,0.488867,0.410674,0.327899,0.37159,0.359086,0.500686,0.622882,0.684938,0.374955,0.516835,0.558068,1,0.171388,0.532855,0.4652,0.430088,0.436012,0.644377,0.59123,0.246489,0.501963,0.280765,0.281728,0.132856,0.218179,0.097825,0.593213,0.556044,0.356833,0.145252,0.265933,0.265148,0.533776,0.635386,0.0830639,0.36704,0.600626,0.52955,0.617579,0.536529,0.450885,0.355689,0.335435,0.0264009,0.355748,0.164105,0.654222,0.572762,0.67312,0.593572,0.452025,0.445127,0.607377,0.323976,0.365878,0.175247,0.471361,0.526321,0.668961,0.442622,0.292634,0.48248,-0.155239,0.288615,0.52457,0.181956,0.130423,0.270495,0.185187,0.522291,0.415053,0.195335,0.450745,0.111063,0.382438,0.561545,0.568135,0.47969,0.43394
0.522353,0.360499,0.435555,0.315073,0.466299,0.284289,0.115405,0.0840691,0.555528,0.506402,0.504716,0.36041,0.546502,0.395142,0.317583,0.573152,0.614174,0.171388,1,0.560865,0.593364,0.261904,0.410179,0.449437,0.343511,0.319857,0.249224,0.382624,-0.0340587,-0.0099543,0.258124,0.288697,0.516946,0.362444,0.224476,0.103524,-0.0633875,0.427563,0.470363,0.338679,0.110819,0.432192,0.426282,0.582316,0.387284,0.283228,0.530887,0.164334,0.23724,0.303596,0.30732,0.576476,0.394614,0.296978,0.49742,0.214817,0.388634,0.568987,0.522536,0.143248,0.388443,0.428123,0.340331,0.45857,0.581679,0.54595,0.206141,0.590935,0.283796,0.58759,0.0696937,0.0832768,0.090287,0.192508,0.457892,0.402454,0.629426,0.338292,0.294267,0.423345,0.506652,0.45139,0.397868,0.235098,0.363839
0.819846,0.720016,0.793817,0.70288,0.643435,0.553286,0.540892,0.543763,0.41183,0.597972,0.576433,0.780367,0.808365,0.802501,0.406995,0.842942,0.809871,0.532855,0.560865,1,0.882359,0.458041,0.693995,0.847631,0.718042,0.533807,0.599457,0.679573,0.306167,0.199853,0.437951,0.204967,0.693006,0.71169,0.37036,0.342142,0.338125,0.64399,0.779476,0.709079,0.397932,0.496886,0.829968,0.757073,0.837939,0.668556,0.700181,0.517373,0.401654,0.389791,0.463692,0.576085,0.79753,0.739976,0.790294,0.73465,0.614499,0.819495,0.792473,0.252755,0.307394,0.628803,0.690389,0.818406,0.789568,0.440148,0.575551,0.837943,0.457915,0.60753,0.521046,0.40521,0.294164,0.253525,0.442164,0.646319,0.678674,0.412869,0.34652,0.397691,0.456615,0.872104,0.558324,0.481241,0.594009
0.862703,0.744413,0.802915,0.699817,0.683196,0.534754,0.551618,0.578169,0.411778,0.663101,0.562156,0.818115,0.86485,0.756507,0.482851,0.868671,0.822943,0.4652,0.593364,0.882359,1,0.57261,0.770313,0.822638,0.651114,0.588285,0.664561,0.612919,0.381581,0.244678,0.522483,0.287435,0.704732,0.769076,0.378329,0.359922,0.26753,0.634988,0.833324,0.701963,0.425794,0.458357,0.865186,0.786771,0.839948,0.6722,0.777169,0.584742,0.534873,0.381467,0.499986,0.587761,0.75344,0.81517,0.793441,0.722723,0.627926,0.816285,0.820594,0.22328,0.294935,0.666332,0.737603,0.797011,0.8026,0.482799,0.60136,0.87919,0.443722,0.689678,0.595941,0.542498,0.311458,0.224012,0.392146,0.648374,0.703279,0.468198,0.38263,0.367139,0.524839,0.861871,0.62813,0.550456,0.59839
0.563468,0.613929,0.542306,0.35184,0.430703,0.444727,0.349257,0.545266,0.22879,0.509123,0.325265,0.498481,0.506762,0.363998,0.317395,0.534615,0.443338,0.430088,0.261904,0.458041,0.57261,1,0.317904,0.518078,0.402599,0.376746,0.460154,0.439637,0.463811,-0.00284577,0.237412,0.270012,0.396716,0.567941,0.47713,0.0935368,0.157825,0.390648,0.509773,0.469681,0.376322,0.29634,0.504247,0.468742,0.515504,0.475075,0.437997,0.192938,0.262155,0.0326202,0.242179,0.18922,0.450487,0.572713,0.632165,0.323372,0.415711,0.487644,0.614706,0.244045,0.43275,0.331279,0.561825,0.525604,0.616266,0.474715,0.388296,0.513587,-0.0458783,0.464123,0.569717,0.479877,0.380193,0.0641879,-0.0359452,0.464826,0.33511,0.0972338,0.372991,0.085544,0.374589,0.457697,0.619216,0.436304,0.449016
0.798247,0.645794,0.657652,0.672486,0.707244,0.535678,0.732906,0.530185,0.499207,0.436463,0.388178,0.660303,0.755071,0.663177,0.312363,0.699834,0.659097,0.436012,0.410179,0.693995,0.770313,0.317904,1,0.771947,0.723987,0.498111,0.765923,0.387024,0.532655,0.218714,0.567698,0.103889,0.628926,0.455624,0.184868,0.438451,0.199876,0.65775,0.756018,0.667302,0.523829,0.418973,0.758283,0.697607,0.707796,0.647184,0.697945,0.743398,0.643627,0.541251,0.572084,0.410293,0.651784,0.724347,0.656724,0.70027,0.706813,0.550747,0.624988,0.304381,0.243131,0.593392,0.59026,0.586937,0.692025,0.457542,0.711561,0.810909,0.399138,0.577324,0.711351,0.519918,0.163284,0.180146,0.558714,0.569362,0.623164,0.545412,0.384,0.243039,0.541424,0.762475,0.602436,0.483129,0.53439
0.906186,0.844052,0.894268,0.783361,0.771609,0.7372,0.623648,0.498357,0.559518,0.564982,0.582481,0.729179,0.836493,0.847831,0.443988,0.810314,0.821632,0.644377,0.449437,0.847631,0.822638,0.518078,0.771947,1,0.766656,0.581098,0.829646,0.631702,0.367627,0.196019,0.577656,0.235724,0.705686,0.698759,0.358328,0.434388,0.330983,0.647792,0.879862,0.850372,0.524913,0.475833,0.906463,0.804401,0.925417,0.749918,0.749641,0.580272,0.555761,0.423089,0.534241,0.542931,0.826931,0.811391,0.839477,0.806402,0.656272,0.748204,0.836744,0.397106,0.428922,0.612781,0.684648,0.784,0.803546,0.510346,0.659196,0.888745,0.346624,0.556767,0.691876,0.510286,0.197385,0.372529,0.518331,0.705464,0.694818,0.425769,0.463034,0.273813,0.573919,0.864194,0.689652,0.5751,0.57598
0.698548,0.646605,0.651203,0.633442,0.641554,0.499374,0.62392,0.515434,0.371859,0.404277,0.30422,0.652946,0.693783,0.624699,0.20749,0.651582,0.645059,0.59123,0.343511,0.718042,0.651114,0.402599,0.723987,0.766656,1,0.42239,0.595926,0.462484,0.487622,0.143307,0.653136,0.00794136,0.631213,0.512442,0.410755,0.436679,0.220192,0.450665,0.704989,0.642457,0.281561,0.366991,0.702775,0.596658,0.701611,0.660183,0.502834,0.54366,0.569874,0.307059,0.466081,0.407985,0.643276,0.757617,0.758793,0.687152,0.573197,0.552641,0.60553,0.400797,0.272379,0.387686,0.50936,0.600022,0.684741,0.439515,0.621474,0.685599,0.156606,0.412152,0.553324,0.379762,0.271543,0.125142,0.396203,0.592652,0.542648,0.319495,0.394187,0.22595,0.338278,0.700168,0.618273,0.607528,0.617931
0.70174,0.586972,0.729492,0.724856,0.580496,0.519051,0.414601,0.262103,0.276958,0.496324,0.428975,0.514488,0.532576,0.611529,0.570934,0.465096,0.603397,0.246489,0.319857,0.533807,0.588285,0.376746,0.498111,0.581098,0.42239,1,0.607174,0.47551,0.440257,0.290178,0.391759,0.181258,0.554181,0.411021,0.236315,0.135757,0.239969,0.461493,0.601825,0.681877,0.488704,0.614309,0.677672,0.624292,0.673557,0.598849,0.436044,0.369024,0.230802,0.629257,0.371294,0.346635,0.536013,0.569353,0.570642,0.597858,0.460987,0.61239,0.689295,0.13542,0.20732,0.498913,0.514646,0.696161,0.644485,0.501592,0.287299,0.670437,0.478546,0.622948,0.551233,0.461065,-0.00963266,0.00899681,0.167759,0.61716,0.490626,0.385014,0.354786,0.321483,0.512062,0.663715,0.465776,0.379714,0.246014
0.788496,0.678585,0.745614,0.772133,0.711591,0.70295,0.639155,0.524516,0.484003,0.343665,0.370137,0.565056,0.688955,0.723314,0.469751,0.605539,0.622107,0.501963,0.249224,0.599457,0.664561,0.460154,0.765923,0.829646,0.595926,0.607174,1,0.501863,0.542863,0.165888,0.498124,0.252497,0.472674,0.516832,0.216141,0.417448,0.352358,0.617374,0.748739,0.761852,0.581416,0.46199,0.773376,0.646504,0.75849,0.594234,0.666875,0.638785,0.511546,0.486568,0.477928,0.318689,0.689268,0.745266,0.698687,0.69272,0.55688,0.613139,0.656458,0.240161,0.281184,0.480537,0.566996,0.628807,0.687829,0.367278,0.69118,0.767302,0.285286,0.448452,0.828577,0.527484,0.178977,0.333639,0.371204,0.625596,0.483169,0.483019,0.371244,0.173249,0.593423,0.775147,0.545167,0.396302,0.425147
0.665603,0.551627,0.706504,0.691494,0.404686,0.589118,0.463509,0.400316,0.15744,0.575134,0.469264,0.557252,0.663351,0.574385,0.308785,0.64419,0.681913,0.280765,0.382624,0.679573,0.612919,0.439637,0.387024,0.631702,0.462484,0.47551,0.501863,1,0.134021,0.0132803,0.30764,0.0999446,0.341925,0.53861,0.497337,0.11831,0.11273,0.636877,0.616104,0.535236,0.412801,0.322595,0.664448,0.638748,0.695922,0.611148,0.561182,0.251596,0.333896,0.277775,0.267629,0.642567,0.667858,0.609992,0.702729,0.437178,0.377984,0.685588,0.617856,0.246405,0.311467,0.330138,0.586467,0.696352,0.570145,0.360253,0.486747,0.662222,0.399767,0.424496,0.502299,0.383365,0.0526934,0.250609,0.0198828,0.44394,0.426839,0.35417,0.346763,0.396194,0.295178,0.653013,0.426477,0.329234,0.249709
0.448345,0.388646,0.337563,0.472053,0.423475,0.296391,0.428824,0.469264,0.0666217,0.184357,-0.0474157,0.45366,0.400063,0.278825,0.267969,0.304136,0.253789,0.281728,-0.0340587,0.306167,0.381581,0.463811,0.532655,0.367627,0.487622,0.440257,0.542863,0.134021,1,0.323449,0.428191,-0.00365847,0.286133,0.243615,0.245538,0.308467,0.324282,0.233138,0.391686,0.334474,0.459783,0.373345,0.435267,0.288239,0.349829,0.403954,0.367454,0.597052,0.358074,0.358676,0.24853,-0.0649223,0.277804,0.511846,0.422094,0.421062,0.564141,0.273568,0.342234,-0.0156073,-0.043636,0.255059,0.496572,0.416259,0.416084,0.272709,0.483409,0.387989,0.132224,0.428214,0.589618,0.479993,0.209856,-0.0835496,0.149205,0.499016,0.262192,0.377305,0.193112,0.00118339,0.292711,0.420864,0.408951,0.272345,0.307082
0.293913,0.333616,0.265306,0.324362,0.113693,0.122856,0.118995,0.191167,-0.105723,0.222641,0.237096,0.405131,0.266135,0.194826,0.272828,0.165339,0.242168,0.132856,-0.0099543,0.199853,0.244678,-0.00284577,0.218714,0.196019,0.143307,0.290178,0.165888,0.0132803,0.323449,1,0.23433,-0.257225,0.109679,0.356118,0.0823891,0.0153309,-0.156161,0.0150708,0.265633,0.16021,0.0763594,0.189042,0.305368,0.233212,0.272926,0.234562,0.261457,0.342364,0.242832,0.170567,0.106256,-0.031742,0.103031,0.272937,0.251779,0.201429,0.303876,0.187145,0.314375,-0.111103,-0.291591,0.244762,0.221296,0.266418,0.192118,0.121277,0.0816112,0.168383,0.210669,0.205572,0.156271,0.272649,-0.13669,0.0478978,0.197405,0.322244,0.366215,0.146952,0.0432183,-0.239805,0.106862,0.224114,0.130488,0.165431,0.0332859
0.516033,0.42773,0.437115,0.566974,0.478969,0.220913,0.336255,0.246455,0.265998,0.312897,0.214171,0.460708,0.515316,0.325056,0.0690069,0.447931,0.445876,0.218179,0.258124,0.437951,0.522483,0.237412,0.567698,0.577656,0.653136,0.391759,0.498124,0.30764,0.428191,0.23433,1,0.000120231,0.370799,0.347303,0.205419,0.398219,0.141599,0.264113,0.590192,0.41872,0.270214,0.0589204,0.527035,0.326387,0.507129,0.440548,0.376214,0.4727,0.482766,0.219226,0.235954,0.417951,0.34967,0.564989,0.493636,0.444968,0.458508,0.455715,0.440224,0.295653,0.190741,0.36016,0.345867,0.341058,0.379489,0.269997,0.578799,0.512763,0.283786,0.237855,0.337889,0.464881,0.260328,-0.130305,0.259644,0.579509,0.471905,0.365792,0.194184,0.175423,0.310052,0.503113,0.369502,0.406048,0.477346
0.212923,0.0849978,0.197051,0.0711429,0.297872,0.251324,-0.00671089,0.135805,0.263627,0.286573,-0.00138602,0.0684012,0.260432,0.182962,0.142841,0.241411,0.142586,0.097825,0.288697,0.204967,0.287435,0.270012,0.103889,0.235724,0.00794136,0.181258,0.252497,0.0999446,-0.00365847,-0.257225,0.000120231,1,0.16404,0.162888,0.0912409,-0.0621324,0.214234,0.333562,0.176069,0.188021,0.284235,0.339385,0.231692,0.157985,0.148111,-0.0118751,0.248204,-0.00839871,0.016016,-0.0527735,0.343211,0.144294,0.0988897,0.159869,0.0681669,0.158705,0.0172909,0.282034,0.0835973,0.132939,0.220356,0.403795,0.220429,0.179067,0.287483,0.129956,0.296215,0.350839,-0.056326,0.31389,0.149681,0.297824,0.279032,0.347033,0.209191,0.203913,0.0599825,-0.0157932,0.358218,0.203588,0.325201,0.185957,0.125347,0.158193,0.134159
0.722456,0.693124,0.670377,0.472611,0.619091,0.562985,0.497515,0.203215,0.528888,0.514534,0.420614,0.643022,0.65913,0.679689,0.401102,0.674492,0.761634,0.593213,0.516946,0.693006,0.704732,0.396716,0.628926,0.705686,0.631213,0.554181,0.472674,0.341925,0.286133,0.109679,0.370799,0.16404,1,0.544596,0.194368,0.280948,0.190515,0.31144,0.694343,0.718006,0.130978,0.471413,0.734583,0.676143,0.696169,0.572666,0.46305,0.35423,0.483116,0.474574,0.541984,0.392086,0.68962,0.557776,0.684835,0.766286,0.503771,0.601286,0.667042,0.435925,0.507579,0.478441,0.568877,0.675666,0.735559,0.589808,0.260131,0.688567,0.182676,0.594161,0.41615,0.220102,0.0952575,0.254595,0.443308,0.621449,0.653672,0.440798,0.331326,0.246862,0.613941,0.70295,0.620409,0.522377,0.519688
0.710411,0.745751,0.669966,0.585996,0.492967,0.515134,0.441396,0.484526,0.285492,0.576562,0.55162,0.685096,0.675773,0.658916,0.411605,0.690362,0.658929,0.556044,0.362444,0.71169,0.769076,0.567941,0.455624,0.698759,0.512442,0.411021,0.516832,0.53861,0.243615,0.356118,0.347303,0.162888,0.544596,1,0.317983,0.0880161,0.1244,0.378769,0.646734,0.522215,0.246855,0.349131,0.740395,0.635786,0.708674,0.521621,0.603479,0.399577,0.442637,0.04897,0.385561,0.384584,0.638092,0.652701,0.734172,0.535295,0.382969,0.683671,0.721732,0.298839,0.208305,0.496267,0.660992,0.601945,0.687567,0.358401,0.455737,0.60844,0.144569,0.475139,0.451538,0.40224,0.271296,0.253616,0.259383,0.518714,0.600752,0.24747,0.275544,0.0479876,0.415678,0.688532,0.529734,0.451962,0.519689
0.431417,0.419214,0.42354,0.319663,0.216301,0.34128,0.274676,0.373617,0.0601016,0.595106,0.281396,0.401193,0.538134,0.34601,0.295888,0.399674,0.405209,0.356833,0.224476,0.37036,0.378329,0.47713,0.184868,0.358328,0.410755,0.236315,0.216141,0.497337,0.245538,0.0823891,0.205419,0.0912409,0.194368,0.317983,1,0.0506946,0.0785813,0.396997,0.41487,0.347677,0.252108,0.0934853,0.402497,0.353132,0.396938,0.55294,0.477789,0.189982,0.367973,0.105315,0.0764866,0.333627,0.318838,0.45735,0.466297,0.317067,0.410449,0.378895,0.423413,0.0336764,0.250922,0.211205,0.340789,0.472989,0.351305,0.394908,0.203652,0.406278,0.0903418,0.4071,0.424056,0.436311,0.0561713,0.095482,-0.052561,0.416754,0.338554,0.259149,0.388111,0.228458,-0.0552995,0.381824,0.415659,0.429507,0.259961
0.245821,0.207081,0.252177,0.254363,0.470169,0.161744,0.140954,0.172725,0.348552,-0.0891206,0.103096,0.38308,0.29298,0.293069,0.250715,0.2688,0.231948,0.145252,0.103524,0.342142,0.359922,0.0935368,0.438451,0.434388,0.436679,0.135757,0.417448,0.11831,0.308467,0.0153309,0.398219,-0.0621324,0.280948,0.0880161,0.0506946,1,0.444801,0.173627,0.39954,0.333107,0.129371,-0.0192403,0.321389,0.192136,0.324258,0.242299,0.319566,0.578116,0.338279,0.404255,0.0745167,0.202349,0.321895,0.469393,0.246947,0.462327,0.346133,0.173986,0.234077,0.0775337,0.0551928,0.146743,0.155208,0.321442,0.147698,-0.0473965,0.298977,0.377416,0.276188,0.266561,0.206866,0.0432852,0.163582,0.0223947,0.379103,0.2873,0.174646,0.341018,-0.0287463,0.177034,0.193568,0.422093,0.10688,0.33721,0.22245
0.171225,0.125314,0.242807,0.27752,0.270219,0.210011,0.15813,0.219498,0.16475,-0.0441691,0.039418,0.197435,0.203242,0.297659,0.336301,0.1487,0.127315,0.265933,-0.0633875,0.338125,0.26753,0.157825,0.199876,0.330983,0.220192,0.239969,0.352358,0.11273,0.324282,-0.156161,0.141599,0.214234,0.190515,0.1244,0.0785813,0.444801,1,0.144475,0.221007,0.365239,0.177843,0.118813,0.236305,0.0301064,0.308161,0.150439,0.175453,0.382547,-0.114177,0.259482,-0.0891281,0.0368522,0.21041,0.237697,0.140094,0.383754,0.299491,0.181047,0.222832,-0.192543,-0.0158873,0.0627239,0.299219,0.329445,0.141014,-0.0110107,0.16301,0.199396,0.160636,0.242603,0.271303,0.0987316,0.181807,-0.0615125,0.201253,0.290267,-0.0833483,0.344017,-0.116388,0.183267,0.161203,0.388916,0.152308,-0.0711776,0.398724
0.698688,0.521751,0.643764,0.668423,0.498122,0.594377,0.561798,0.490856,0.36398,0.534342,0.538217,0.525555,0.684323,0.595113,0.274478,0.626746,0.533999,0.265148,0.427563,0.64399,0.634988,0.390648,0.65775,0.647792,0.450665,0.461493,0.617374,0.636877,0.233138,0.0150708,0.264113,0.333562,0.31144,0.378769,0.396997,0.173627,0.144475,1,0.667633,0.637541,0.682919,0.418849,0.611936,0.639049,0.632587,0.607815,0.643389,0.51962,0.435208,0.363747,0.467691,0.530145,0.592857,0.621132,0.555271,0.434068,0.598707,0.59455,0.569257,0.185362,0.222413,0.603763,0.476252,0.565068,0.642665,0.435556,0.640619,0.76785,0.386091,0.53879,0.680914,0.538156,0.133473,0.200138,0.272986,0.37077,0.41851,0.416133,0.513821,0.407304,0.378458,0.607632,0.559798,0.389671,0.369176
0.879285,0.786596,0.845828,0.760543,0.738381,0.721951,0.609163,0.468858,0.462704,0.562158,0.551224,0.739582,0.858906,0.788337,0.40818,0.768233,0.785095,0.533776,0.470363,0.779476,0.833324,0.509773,0.756018,0.879862,0.704989,0.601825,0.748739,0.616104,0.391686,0.265633,0.590192,0.176069,0.694343,0.646734,0.41487,0.39954,0.221007,0.667633,1,0.84814,0.420446,0.449384,0.901339,0.775783,0.860748,0.7819,0.723698,0.598397,0.612685,0.444982,0.394721,0.554431,0.741144,0.816531,0.78755,0.754452,0.69839,0.747878,0.793699,0.407288,0.407993,0.571724,0.658535,0.760635,0.778931,0.543671,0.556798,0.816103,0.407198,0.592419,0.691494,0.480653,0.21054,0.194867,0.388453,0.678441,0.708147,0.58071,0.41484,0.404793,0.543979,0.836679,0.764427,0.608419,0.521561
0.810917,0.784591,0.852069,0.708668,0.67269,0.733212,0.626932,0.405686,0.510386,0.525723,0.549722,0.684794,0.755017,0.818055,0.515594,0.658357,0.709174,0.635386,0.338679,0.709079,0.701963,0.469681,0.667302,0.850372,0.642457,0.681877,0.761852,0.535236,0.334474,0.16021,0.41872,0.188021,0.718006,0.522215,0.347677,0.333107,0.365239,0.637541,0.84814,1,0.458727,0.526971,0.820358,0.752552,0.855338,0.736141,0.585242,0.478692,0.40921,0.474149,0.396877,0.448952,0.799045,0.751343,0.742918,0.782489,0.606894,0.643179,0.77813,0.373143,0.380284,0.43375,0.551797,0.774699,0.79241,0.544952,0.42753,0.778385,0.31317,0.536094,0.749931,0.454985,0.133353,0.26466,0.292087,0.637145,0.506763,0.473808,0.499992,0.359777,0.531884,0.773539,0.745432,0.514582,0.481633
0.570627,0.466229,0.519043,0.534762,0.407826,0.413612,0.425032,0.37679,0.234815,0.456523,0.295511,0.364176,0.432746,0.398727,0.254584,0.419023,0.35473,0.0830639,0.110819,0.397932,0.425794,0.376322,0.523829,0.524913,0.281561,0.488704,0.581416,0.412801,0.459783,0.0763594,0.270214,0.284235,0.130978,0.246855,0.252108,0.129371,0.177843,0.682919,0.420446,0.458727,1,0.399378,0.473745,0.50329,0.501199,0.479358,0.552378,0.428897,0.299161,0.378977,0.382983,0.284375,0.418682,0.49461,0.332355,0.364325,0.574876,0.371911,0.436143,0.101383,0.0377277,0.565613,0.505593,0.454727,0.437689,0.28891,0.637438,0.600124,0.369689,0.447044,0.609218,0.636554,0.098513,0.162511,0.285616,0.373456,0.350723,0.231927,0.428799,0.234217,0.282989,0.426581,0.371321,0.172792,0.181887
0.55976,0.467153,0.597538,0.432566,0.532781,0.454555,0.293263,0.175894,0.397794,0.391707,0.344725,0.459102,0.481164,0.539558,0.317849,0.44804,0.5317,0.36704,0.432192,0.496886,0.458357,0.29634,0.418973,0.475833,0.366991,0.614309,0.46199,0.322595,0.373345,0.189042,0.0589204,0.339385,0.471413,0.349131,0.0934853,-0.0192403,0.118813,0.418849,0.449384,0.526971,0.399378,1,0.543902,0.594938,0.506157,0.351765,0.392418,0.21077,0.133307,0.394673,0.45398,0.389203,0.472185,0.432821,0.464486,0.403173,0.352431,0.482046,0.502228,0.155628,0.0796089,0.421939,0.523209,0.596855,0.683646,0.461321,0.268952,0.567231,0.311592,0.539977,0.377094,0.311183,0.050688,0.249744,0.25386,0.398213,0.391761,0.174879,0.382629,0.368835,0.521791,0.45839,0.477225,0.253864,0.160081
0.92816,0.82347,0.916734,0.806991,0.719765,0.75204,0.673996,0.564015,0.360925,0.607102,0.493131,0.800341,0.895529,0.869353,0.497194,0.85713,0.839119,0.600626,0.426282,0.829968,0.865186,0.504247,0.758283,0.906463,0.702775,0.677672,0.773376,0.664448,0.435267,0.305368,0.527035,0.231692,0.734583,0.740395,0.402497,0.321389,0.236305,0.611936,0.901339,0.820358,0.473745,0.543902,1,0.836909,0.925075,0.846863,0.776063,0.556049,0.567971,0.461616,0.535244,0.514603,0.806404,0.829841,0.839671,0.848114,0.630107,0.795263,0.835332,0.411144,0.376859,0.559182,0.722973,0.84252,0.814345,0.469481,0.581592,0.867837,0.442629,0.607021,0.731324,0.527339,0.196785,0.376058,0.374373,0.68812,0.733248,0.515502,0.442919,0.306484,0.602866,0.894479,0.688482,0.607666,0.412523
0.87306,0.809751,0.855028,0.714689,0.706371,0.641901,0.550545,0.427869,0.514384,0.721359,0.650966,0.668667,0.783274,0.857264,0.52218,0.790464,0.823918,0.52955,0.582316,0.757073,0.786771,0.468742,0.697607,0.804401,0.596658,0.624292,0.646504,0.638748,0.288239,0.233212,0.326387,0.157985,0.676143,0.635786,0.353132,0.192136,0.0301064,0.639049,0.775783,0.752552,0.50329,0.594938,0.836909,1,0.82584,0.756274,0.765914,0.440323,0.533699,0.498132,0.491912,0.579376,0.814452,0.682031,0.802777,0.685552,0.607389,0.758933,0.841596,0.318449,0.362598,0.535169,0.608817,0.798564,0.850226,0.598369,0.481729,0.832172,0.436237,0.676802,0.609976,0.432529,-0.0671339,0.359397,0.372985,0.542956,0.700486,0.390183,0.463577,0.371968,0.540371,0.787115,0.706827,0.557401,0.350446
0.927002,0.863207,0.971667,0.82665,0.616893,0.720007,0.619329,0.494868,0.377593,0.610175,0.638727,0.772667,0.822265,0.850867,0.463735,0.847435,0.83528,0.617579,0.387284,0.837939,0.839948,0.515504,0.707796,0.925417,0.701611,0.673557,0.75849,0.695922,0.349829,0.272926,0.507129,0.148111,0.696169,0.708674,0.396938,0.324258,0.308161,0.632587,0.860748,0.855338,0.501199,0.506157,0.925075,0.82584,1,0.817999,0.690916,0.531858,0.50422,0.454129,0.53094,0.58361,0.872523,0.795856,0.833754,0.833775,0.636376,0.784802,0.904318,0.323986,0.357625,0.535649,0.733569,0.832374,0.7855,0.490062,0.584512,0.854042,0.430688,0.532219,0.707664,0.527876,0.120582,0.330314,0.320433,0.634227,0.669505,0.432544,0.453379,0.273353,0.534751,0.85266,0.681731,0.511576,0.493795
0.81177,0.681374,0.809642,0.74469,0.541204,0.681384,0.667427,0.557116,0.19864,0.553139,0.451294,0.666661,0.782141,0.765868,0.438642,0.750904,0.682703,0.536529,0.283228,0.668556,0.6722,0.475075,0.647184,0.749918,0.660183,0.598849,0.594234,0.611148,0.403954,0.234562,0.440548,-0.0118751,0.572666,0.521621,0.55294,0.242299,0.150439,0.607815,0.7819,0.736141,0.479358,0.351765,0.846863,0.756274,0.817999,1,0.693081,0.481003,0.505923,0.407311,0.377374,0.41959,0.703309,0.709261,0.745669,0.718802,0.699795,0.651065,0.766622,0.381749,0.351658,0.371575,0.521681,0.738432,0.673724,0.479953,0.440902,0.716504,0.422088,0.510734,0.725053,0.404188,0.0756487,0.192472,0.200457,0.521201,0.64598,0.508953,0.391488,0.315448,0.375842,0.736061,0.686507,0.565142,0.292007
0.797989,0.608795,0.700748,0.661009,0.637484,0.564454,0.587118,0.569402,0.359503,0.648577,0.484027,0.630035,0.797803,0.712539,0.554084,0.713753,0.693026,0.450885,0.530887,0.700181,0.777169,0.437997,0.697945,0.749641,0.502834,0.436044,0.666875,0.561182,0.367454,0.261457,0.376214,0.248204,0.46305,0.603479,0.477789,0.319566,0.175453,0.643389,0.723698,0.585242,0.552378,0.392418,0.776063,0.765914,0.690916,0.693081,1,0.629685,0.55219,0.343688,0.339455,0.504323,0.647879,0.686027,0.659268,0.594869,0.659926,0.688122,0.680854,0.145573,0.237811,0.542786,0.629086,0.708604,0.68527,0.443024,0.568547,0.801055,0.417691,0.648178,0.61511,0.495729,0.109357,0.336166,0.494084,0.600158,0.696544,0.537283,0.390869,0.34485,0.453467,0.746634,0.621478,0.461959,0.336537
0.574382,0.445849,0.440341,0.643059,0.51007,0.445573,0.55371,0.491528,0.27831,0.224297,0.311982,0.539047,0.54566,0.508882,0.370397,0.425108,0.390102,0.355689,0.164334,0.517373,0.584742,0.192938,0.743398,0.580272,0.54366,0.369024,0.638785,0.251596,0.597052,0.342364,0.4727,-0.00839871,0.35423,0.399577,0.189982,0.578116,0.382547,0.51962,0.598397,0.478692,0.428897,0.21077,0.556049,0.440323,0.531858,0.481003,0.629685,1,0.609077,0.412629,0.310849,0.249011,0.49832,0.591154,0.41221,0.563095,0.628631,0.37935,0.433806,0.072035,-0.0680107,0.469886,0.486383,0.431013,0.443076,0.233124,0.631038,0.571675,0.235005,0.473461,0.565459,0.434041,0.0465905,0.00399936,0.518228,0.420311,0.36176,0.561202,0.244488,0.131376,0.304728,0.60851,0.445113,0.382241,0.472196
0.60018,0.573216,0.456038,0.519923,0.423728,0.461988,0.513034,0.32363,0.363195,0.48407,0.34453,0.541802,0.600993,0.474249,0.229963,0.497878,0.523176,0.335435,0.23724,0.401654,0.534873,0.262155,0.643627,0.555761,0.569874,0.230802,0.511546,0.333896,0.358074,0.242832,0.482766,0.016016,0.483116,0.442637,0.367973,0.338279,-0.114177,0.435208,0.612685,0.40921,0.299161,0.133307,0.567971,0.533699,0.50422,0.505923,0.55219,0.609077,1,0.271353,0.381792,0.440363,0.446291,0.578629,0.512784,0.560958,0.514427,0.431521,0.380986,0.341284,0.0769456,0.430869,0.361883,0.420347,0.450079,0.368602,0.610733,0.528974,0.0316515,0.392927,0.513277,0.470311,-0.0971912,0.216226,0.361904,0.318216,0.468499,0.442247,0.22381,0.0928004,0.304095,0.531787,0.513471,0.53175,0.386367
0.481303,0.408747,0.483198,0.468123,0.514868,0.34006,0.29158,0.0314136,0.382142,0.191335,0.239269,0.300314,0.330403,0.463448,0.357501,0.357436,0.483247,0.0264009,0.303596,0.389791,0.381467,0.0326202,0.541251,0.423089,0.307059,0.629257,0.486568,0.277775,0.358676,0.170567,0.219226,-0.0527735,0.474574,0.04897,0.105315,0.404255,0.259482,0.363747,0.444982,0.474149,0.378977,0.394673,0.461616,0.498132,0.454129,0.407311,0.343688,0.412629,0.271353,1,0.335242,0.242477,0.401004,0.28496,0.300946,0.535603,0.439845,0.373348,0.4386,-0.0562072,0.244504,0.362525,0.351754,0.469013,0.337746,0.303788,0.171956,0.49271,0.638056,0.49006,0.357788,0.205602,-0.276467,0.0998965,0.419548,0.464259,0.440121,0.5576,0.0579289,0.197561,0.440919,0.540886,0.239929,0.129479,0.141695
0.572817,0.454564,0.509584,0.41957,0.400869,0.39371,0.46071,0.25619,0.292378,0.346205,0.267788,0.470367,0.469132,0.450528,0.0972558,0.575616,0.518388,0.355748,0.30732,0.463692,0.499986,0.242179,0.572084,0.534241,0.466081,0.371294,0.477928,0.267629,0.24853,0.106256,0.235954,0.343211,0.541984,0.385561,0.0764866,0.0745167,-0.0891281,0.467691,0.394721,0.396877,0.382983,0.45398,0.535244,0.491912,0.53094,0.377374,0.339455,0.310849,0.381792,0.335242,1,0.208383,0.561895,0.433808,0.482522,0.470612,0.307793,0.371965,0.440663,0.255248,0.324143,0.545335,0.443274,0.374487,0.535121,0.380471,0.456093,0.657946,0.128074,0.353903,0.40427,0.410622,0.11713,0.488936,0.363243,0.375428,0.472558,0.175352,0.555048,-0.0210003,0.440787,0.42605,0.289696,0.387447,0.301327
0.570602,0.419738,0.588528,0.497887,0.404503,0.331181,0.225465,0.0798137,0.441873,0.610444,0.660801,0.469002,0.534349,0.468745,0.185749,0.50804,0.60559,0.164105,0.576476,0.576085,0.587761,0.18922,0.410293,0.542931,0.407985,0.346635,0.318689,0.642567,-0.0649223,-0.031742,0.417951,0.144294,0.392086,0.384584,0.333627,0.202349,0.0368522,0.530145,0.554431,0.448952,0.284375,0.389203,0.514603,0.579376,0.58361,0.41959,0.504323,0.249011,0.440363,0.242477,0.208383,1,0.529006,0.47583,0.483652,0.369348,0.32407,0.607816,0.501581,0.232627,0.127908,0.407543,0.380574,0.544267,0.47021,0.307266,0.41415,0.626183,0.427342,0.467265,0.215805,0.372992,-0.0278538,0.0520276,0.178283,0.281819,0.38535,0.30029,0.270326,0.546198,0.294458,0.516718,0.446202,0.332922,0.284401
0.819092,0.757843,0.82703,0.710946,0.56998,0.649793,0.594134,0.402596,0.432305,0.553615,0.606034,0.712665,0.711503,0.833092,0.44182,0.749808,0.738921,0.654222,0.394614,0.79753,0.75344,0.450487,0.651784,0.826931,0.643276,0.536013,0.689268,0.667858,0.277804,0.103031,0.34967,0.0988897,0.68962,0.638092,0.318838,0.321895,0.21041,0.592857,0.741144,0.799045,0.418682,0.472185,0.806404,0.814452,0.872523,0.703309,0.647879,0.49832,0.446291,0.401004,0.561895,0.529006,1,0.702021,0.781052,0.77681,0.517835,0.723717,0.794854,0.363247,0.406841,0.470726,0.615503,0.730455,0.787894,0.447497,0.526741,0.806986,0.339533,0.476208,0.632806,0.382323,0.138282,0.343719,0.265083,0.565637,0.567782,0.386636,0.513399,0.343801,0.439055,0.765341,0.606939,0.512812,0.421101
