1,0.856172,0.915969,0.734134,0.664261,0.795937,-0.0279445,0.420076,0.389192,0.77807,0.72212,0.776251,0.870419,0.784337,0.423992,0.846609,0.857478,0.667795,0.716866,0.825048,0.815248,0.377218,0.504334,0.903385,0.706309,0.546912,0.820313,0.655975,0.170271,0.412639,-0.0792948,0.418266,0.742411,0.706966,0.258265,0.276948,0.058087,0.572446,0.796859,0.773424,0.399608,0.547802,0.894453,0.806769,0.929598,0.775468,0.736803,0.705221,0.428527,0.318683,0.704076,0.724393,0.749796,0.81041,0.826328,0.788523,0.687011,0.838206,0.677807,0.42554,0.208628,0.740378,0.650198,0.796858,0.859317,0.606487,0.781481,0.902996,0.613714,0.225329,0.702092,0.423619,0.25849,-0.144316,0.374254,0.651107,0.60299,0.601809,-0.059742,0.299498,0.58826,0.864768,0.719479,0.242317,0.608759
0.856172,1,0.888542,0.755628,0.701745,0.686197,0.00866457,0.3058,0.371376,0.80413,0.837964,0.695026,0.821676,0.741271,0.280607,0.84972,0.815762,0.549465,0.755826,0.816834,0.842762,0.409183,0.560703,0.848554,0.623712,0.582151,0.775671,0.589356,0.268859,0.370643,0.0141294,0.442435,0.683635,0.712815,0.412851,0.203811,0.184561,0.488424,0.786852,0.822656,0.452481,0.42326,0.868111,0.877486,0.856221,0.745494,0.77145,0.742233,0.40505,0.231473,0.508029,0.701713,0.686461,0.782392,0.819872,0.812358,0.542729,0.833354,0.697895,0.413103,0.414971,0.678215,0.686497,0.775533,0.880036,0.482433,0.80434,0.896222,0.656259,0.377055,0.572876,0.426534,0.299528,-0.105568,0.379702,0.611536,0.609974,0.45511,-0.0692747,0.313159,0.553858,0.819088,0.568908,0.249619,0.655086
0.915969,0.888542,1,0.803161,0.741517,0.789368,0.0482599,0.321367,0.369573,0.829229,0.757604,0.764818,0.862023,0.774037,0.420861,0.858871,0.863607,0.555982,0.716278,0.821805,0.846661,0.376182,0.464905,0.937119,0.674816,0.575173,0.833654,0.633662,0.278305,0.387517,-0.0526983,0.441063,0.691777,0.740255,0.228468,0.193642,0.143295,0.543513,0.767684,0.826192,0.482744,0.431686,0.920769,0.845492,0.914046,0.747323,0.737878,0.721392,0.421057,0.385781,0.583121,0.730016,0.702858,0.767964,0.804309,0.807861,0.652236,0.850966,0.713994,0.467013,0.230361,0.690089,0.638154,0.810607,0.836621,0.578562,0.75495,0.926898,0.63088,0.268364,0.701165,0.523376,0.258915,-0.139705,0.361686,0.697708,0.554232,0.511592,-0.105871,0.329486,0.618606,0.87952,0.686109,0.289578,0.609835
0.734134,0.755628,0.803161,1,0.626186,0.594123,0.0138461,0.0982427,0.475593,0.660365,0.74142,0.558225,0.648059,0.670914,0.224512,0.670124,0.71739,0.515299,0.669967,0.577911,0.675895,0.316124,0.513509,0.783853,0.452117,0.482845,0.642407,0.565819,0.0992183,0.215239,0.202846,0.627078,0.64581,0.741102,0.239667,-0.0168783,0.0454155,0.3686,0.719309,0.735072,0.365874,0.369313,0.706135,0.669441,0.67032,0.614012,0.619293,0.759679,0.204772,0.308656,0.497001,0.367646,0.611561,0.566346,0.705729,0.608797,0.442456,0.648848,0.508788,0.396996,0.224637,0.607543,0.48408,0.646825,0.711957,0.523213,0.635041,0.816277,0.485697,0.316364,0.422681,0.489901,0.284824,0.034436,0.235321,0.516665,0.370279,0.393419,-0.108588,0.112958,0.498008,0.720668,0.548911,0.184842,0.62874
0.664261,0.701745,0.741517,0.626186,1,0.687721,0.15714,0.0377516,0.341236,0.550733,0.587245,0.552735,0.638336,0.625522,0.182136,0.70474,0.654214,0.341239,0.477086,0.702901,0.671088,0.252426,0.300713,0.737767,0.496545,0.489046,0.673896,0.480264,0.206369,0.400927,-0.0741785,0.247621,0.629445,0.583056,0.229342,0.25467,0.0549496,0.565265,0.62535,0.650137,0.292683,0.379723,0.70224,0.607312,0.738099,0.644687,0.595701,0.584801,0.26913,0.293862,0.442399,0.579295,0.642615,0.535056,0.715399,0.567929,0.402922,0.773134,0.683081,0.508146,0.180563,0.653009,0.687886,0.727889,0.705324,0.423044,0.565613,0.770044,0.371237,0.265142,0.370573,0.404911,0.109186,-0.156016,0.0853641,0.459053,0.517285,0.350388,0.0621028,0.304708,0.57614,0.689393,0.547086,0.333106,0.674546
0.795937,0.686197,0.789368,0.594123,0.687721,1,0.0349493,0.197482,0.120539,0.713321,0.509258,0.8147,0.783255,0.611036,0.332302,0.671547,0.720757,0.609122,0.637564,0.671909,0.701263,0.258779,0.341871,0.792664,0.693547,0.601303,0.702697,0.533494,0.130148,0.455028,-0.132331,0.290107,0.685218,0.633485,0.123509,0.35284,-0.00271484,0.621598,0.652123,0.691786,0.309439,0.435002,0.7753,0.725858,0.803909,0.664992,0.639754,0.573738,0.384697,0.418817,0.580652,0.651638,0.615278,0.67774,0.754962,0.682454,0.689445,0.754006,0.687883,0.473566,0.111011,0.588411,0.594646,0.641751,0.719075,0.586158,0.675063,0.752259,0.492494,0.0910347,0.696138,0.557788,0.239438,-0.265525,0.172571,0.63615,0.569014,0.481572,-0.0221065,0.424701,0.508836,0.694177,0.577352,0.357888,0.460758
-0.0279445,0.00866457,0.0482599,0.0138461,0.15714,0.0349493,1,0.065916,0.0864928,-0.10379,0.0348097,0.123188,0.0541994,0.136191,0.139805,0.0522231,0.167893,-0.076889,-0.156695,-0.0529916,-0.0710484,-0.0143368,-0.11678,0.0467906,0.0642885,-0.00428148,0.0606581,0.264153,-0.0344799,0.00288466,-0.163517,0.165639,-0.0697799,0.164704,-0.369621,0.0155333,-0.100376,0.279105,-0.0352617,-0.0551847,0.179436,0.110064,0.0280886,0.148323,0.0166281,-0.000263336,-0.112714,-0.167646,0.280554,0.276445,-0.0897912,0.0667815,-0.00490346,-0.0779955,0.167425,0.133422,0.0440802,0.158621,0.126087,-0.0300965,-0.144166,-0.196689,0.0808212,0.346299,0.00749119,0.0963523,-0.0072736,0.0454038,0.00928777,-0.0433076,-0.075899,0.140032,0.0850731,-0.0588203,0.185194,-0.0673956,0.134269,-0.107686,-0.0181326,-0.0472838,0.0190948,0.0273058,0.352159,0.242437,0.287922
0.420076,0.3058,0.321367,0.0982427,0.0377516,0.197482,0.065916,1,0.0453538,0.155886,0.297177,0.290168,0.238484,0.435511,0.213595,0.365495,0.331632,0.0885376,0.142742,0.24845,0.235946,0.0279496,0.28664,0.335094,0.277006,0.244271,0.282466,0.297504,0.00226824,0.327177,-0.351883,0.21481,0.220975,0.301099,0.0988357,0.0481653,-0.0209794,0.234018,0.198797,0.128309,0.0488597,0.250814,0.332889,0.35262,0.30225,0.183493,0.24743,0.0545023,0.448662,0.287669,0.339702,0.314138,0.27843,0.328101,0.341395,0.303693,0.324183,0.198493,0.162669,0.145619,0.107214,0.114513,0.015405,0.262103,0.231357,0.221021,0.290597,0.315205,0.372504,0.0407961,0.326561,-0.00307494,0.246005,0.0627395,0.577209,0.0495244,0.325368,0.372831,-0.196812,-0.108927,0.066737,0.283388,0.336419,-0.214795,0.119957
0.389192,0.371376,0.369573,0.475593,0.341236,0.120539,0.0864928,0.0453538,1,0.360984,0.444675,0.236584,0.32529,0.387579,0.311706,0.318189,0.356909,0.020521,0.303501,0.368041,0.355865,-0.0449301,0.28543,0.36638,0.224007,0.0647353,0.326876,0.0656147,-0.155749,0.00022405,0.157894,0.117108,0.263763,0.328452,-0.00903276,0.102737,0.293013,0.175306,0.522588,0.350797,0.106977,0.204196,0.300463,0.185485,0.315776,0.268779,0.199159,0.493815,0.184805,0.00662761,0.279801,0.318274,0.462817,0.399967,0.363633,0.252416,0.0186107,0.379326,0.121393,-0.0240061,0.155033,0.468536,0.259358,0.331294,0.422678,0.217063,0.355597,0.412532,0.270577,0.207375,0.144602,0.0963808,0.286793,0.24518,0.245376,0.157789,0.362669,0.107135,-0.198768,-0.0328375,0.248446,0.479863,0.314461,0.246131,0.521366
0.77807,0.80413,0.829229,0.660365,0.550733,0.713321,-0.10379,0.155886,0.360984,1,0.724047,0.759676,0.846319,0.620169,0.339155,0.730652,0.785994,0.56731,0.768984,0.750288,0.813993,0.257088,0.396259,0.805222,0.647932,0.485787,0.726266,0.464264,0.329954,0.372515,0.0574747,0.288269,0.600754,0.515895,0.175831,0.384437,0.238572,0.463374,0.774878,0.802107,0.252959,0.410755,0.846504,0.732343,0.849701,0.655294,0.607827,0.624176,0.303384,0.22709,0.493552,0.672392,0.68387,0.755621,0.741241,0.656001,0.626784,0.757754,0.626421,0.349289,0.283482,0.652039,0.602856,0.586688,0.806236,0.538795,0.661967,0.771898,0.52527,0.288189,0.641847,0.4935,0.309558,-0.0570643,0.318852,0.650584,0.585843,0.408364,-0.157333,0.40234,0.48506,0.827976,0.46967,0.425346,0.459923
0.72212,0.837964,0.757604,0.74142,0.587245,0.509258,0.0348097,0.297177,0.444675,0.724047,1,0.553741,0.725548,0.738384,0.248128,0.701632,0.765149,0.414243,0.690939,0.790141,0.799898,0.321733,0.61187,0.769059,0.498711,0.345692,0.71784,0.54329,0.0815851,0.0767443,0.0796857,0.470171,0.680058,0.614977,0.287536,0.120391,0.238271,0.384419,0.730904,0.76692,0.283262,0.468875,0.75034,0.716296,0.734646,0.656813,0.657381,0.672758,0.336488,0.353182,0.372355,0.528007,0.651347,0.709503,0.744797,0.648527,0.410175,0.738916,0.679088,0.211734,0.296639,0.594744,0.631506,0.682094,0.825367,0.443411,0.662392,0.772841,0.557659,0.536454,0.477905,0.276943,0.300907,0.144102,0.398073,0.43825,0.542656,0.414755,-0.186314,0.229928,0.517627,0.782223,0.483023,0.162061,0.58847
0.776251,0.695026,0.764818,0.558225,0.552735,0.8147,0.123188,0.290168,0.236584,0.759676,0.553741,1,0.833716,0.608407,0.433486,0.650191,0.729818,0.545914,0.697813,0.686099,0.722881,0.260957,0.383371,0.788873,0.738865,0.562696,0.744446,0.620888,0.191297,0.436149,-0.0264851,0.304273,0.648186,0.609425,0.105465,0.43409,-0.0586383,0.68716,0.693825,0.703354,0.388094,0.431694,0.766905,0.752025,0.812254,0.732821,0.65893,0.517019,0.447191,0.380046,0.600887,0.685218,0.595892,0.666381,0.71717,0.783349,0.705874,0.772615,0.69226,0.395029,0.195536,0.574486,0.651466,0.743949,0.765507,0.645412,0.694581,0.711428,0.443156,0.170515,0.653263,0.546356,0.311404,-0.217758,0.385764,0.662652,0.633045,0.349294,-0.19924,0.38368,0.4592,0.734785,0.594857,0.359297,0.46847
0.870419,0.821676,0.862023,0.648059,0.638336,0.783255,0.0541994,0.238484,0.32529,0.846319,0.725548,0.833716,1,0.742076,0.39771,0.817453,0.859138,0.652092,0.69651,0.844124,0.833638,0.442951,0.525716,0.881994,0.717838,0.483448,0.808037,0.582644,0.278483,0.288532,-0.0500691,0.357907,0.649003,0.560183,0.113882,0.306427,0.185887,0.625371,0.811729,0.841431,0.320586,0.561761,0.889224,0.811637,0.929505,0.819598,0.742898,0.685427,0.370355,0.262731,0.540138,0.75802,0.716918,0.844087,0.826025,0.801565,0.65168,0.908807,0.751837,0.276346,0.161838,0.670326,0.742043,0.765317,0.888327,0.552212,0.73738,0.850662,0.599605,0.320107,0.674143,0.42054,0.247271,-0.179125,0.400955,0.660993,0.582961,0.52518,-0.0176273,0.395845,0.62993,0.891476,0.715489,0.321617,0.626638
0.784337,0.741271,0.774037,0.670914,0.625522,0.611036,0.136191,0.435511,0.387579,0.620169,0.738384,0.608407,0.742076,1,0.523724,0.793501,0.722177,0.383052,0.506746,0.706061,0.686168,0.28643,0.539056,0.840099,0.692913,0.352294,0.760848,0.591588,0.217849,0.280294,-0.0692992,0.469003,0.613225,0.643483,0.14057,0.185664,0.199665,0.461525,0.605808,0.74953,0.179816,0.577917,0.749791,0.653507,0.779877,0.612691,0.63372,0.580838,0.4014,0.272519,0.511238,0.566484,0.600261,0.655921,0.782366,0.613828,0.589453,0.749648,0.588799,0.306742,0.0826848,0.566715,0.518215,0.698979,0.720844,0.440898,0.702266,0.795216,0.577901,0.107623,0.563552,0.125852,0.253686,-0.069957,0.537571,0.577458,0.441749,0.581358,-0.160633,0.111801,0.550145,0.750507,0.620169,0.243692,0.65663
0.423992,0.280607,0.420861,0.224512,0.182136,0.332302,0.139805,0.213595,0.311706,0.339155,0.248128,0.433486,0.39771,0.523724,1,0.28204,0.328836,0.0468427,0.309552,0.340181,0.442918,0.103632,0.355386,0.44631,0.43769,0.0874708,0.563076,0.360263,0.0880213,0.15276,-0.0061031,0.0822409,0.209621,0.326818,0.0507747,0.325993,0.183798,0.174134,0.39126,0.459344,0.0446801,0.414265,0.410898,0.331835,0.441136,0.234279,0.257285,0.442425,0.376086,0.151462,0.284984,0.390647,0.205157,0.228949,0.269018,0.413543,0.255453,0.373551,0.232972,0.247521,0.131022,0.130311,0.194323,0.406806,0.307619,0.341356,0.395678,0.370368,0.285644,-0.139571,0.595157,0.0876345,0.152279,-0.07841,0.255987,0.40246,0.407306,0.327186,-0.371892,0.13754,0.42674,0.427965,0.389665,0.259742,0.182256
0.846609,0.84972,0.858871,0.670124,0.70474,0.671547,0.0522231,0.365495,0.318189,0.730652,0.701632,0.650191,0.817453,0.793501,0.28204,1,0.80794,0.543009,0.577456,0.817315,0.786062,0.432556,0.496744,0.82906,0.573245,0.478605,0.767442,0.586189,0.308415,0.463179,-0.111106,0.412506,0.687932,0.605923,0.256377,0.197522,0.130359,0.527513,0.725427,0.702939,0.284919,0.548394,0.845503,0.735806,0.868789,0.697793,0.707402,0.58563,0.390759,0.167489,0.528492,0.676595,0.728949,0.71128,0.845568,0.699123,0.669266,0.846066,0.699397,0.441626,0.263277,0.590624,0.642168,0.754379,0.789697,0.476783,0.742285,0.872436,0.589984,0.19897,0.539648,0.349017,0.266344,-0.156449,0.411364,0.648578,0.553678,0.536759,-0.0579455,0.166293,0.606097,0.812601,0.638111,0.328486,0.671293
0.857478,0.815762,0.863607,0.71739,0.654214,0.720757,0.167893,0.331632,0.356909,0.785994,0.765149,0.729818,0.859138,0.722177,0.328836,0.80794,1,0.563117,0.68423,0.75412,0.783302,0.328575,0.394871,0.870572,0.59744,0.435247,0.761532,0.656536,0.170189,0.308355,-0.0104703,0.501614,0.685982,0.586316,0.159254,0.196937,0.133585,0.570746,0.784722,0.730657,0.399982,0.516384,0.833558,0.805847,0.870314,0.66075,0.647789,0.615836,0.44107,0.379629,0.520543,0.674515,0.805743,0.794267,0.84385,0.770815,0.623464,0.835935,0.762344,0.361054,0.180638,0.647131,0.688322,0.741924,0.849805,0.647182,0.65622,0.856936,0.580683,0.415347,0.612331,0.449995,0.446866,-0.0810234,0.411557,0.583205,0.601287,0.518364,-0.0392992,0.264104,0.442423,0.868965,0.711128,0.314785,0.63888
0.667795,0.549465,0.555982,0.515299,0.341239,0.609122,-0.076889,0.0885376,0.020521,0.56731,0.414243,0.545914,0.652092,0.383052,0.0468427,0.543009,0.563117,1,0.567241,0.470497,0.49017,0.355351,0.308502,0.568345,0.490745,0.551048,0.524596,0.454042,0.207337,0.293402,-0.0199635,0.414578,0.559443,0.421644,0.202313,0.14745,-0.127419,0.251346,0.570756,0.450108,0.357386,0.393542,0.577357,0.605942,0.641681,0.582689,0.416635,0.413904,0.284423,0.171365,0.526607,0.440515,0.437848,0.557098,0.593829,0.529593,0.512721,0.580244,0.530836,0.281366,0.0551385,0.520431,0.51037,0.466979,0.607424,0.368259,0.450744,0.602794,0.289356,0.240688,0.389379,0.488763,-0.0678152,-0.346913,0.0832654,0.501836,0.369768,0.485637,0.282987,0.429001,0.28585,0.53583,0.448696,0.193592,0.434472
0.716866,0.755826,0.716278,0.669967,0.477086,0.637564,-0.156695,0.142742,0.303501,0.768984,0.690939,0.697813,0.69651,0.506746,0.309552,0.577456,0.68423,0.567241,1,0.626979,0.821069,0.301984,0.52726,0.736046,0.535309,0.527824,0.728677,0.512297,0.145399,0.282105,0.304596,0.495629,0.710869,0.612337,0.430537,0.329445,0.210441,0.329094,0.753439,0.745704,0.358036,0.376665,0.703086,0.737845,0.734323,0.651838,0.630005,0.662932,0.381283,0.327346,0.566571,0.521278,0.594283,0.578005,0.615982,0.616248,0.531396,0.636619,0.644867,0.461738,0.36826,0.564778,0.694775,0.60155,0.795706,0.689123,0.748835,0.752028,0.443404,0.455014,0.644068,0.507385,0.361271,0.102065,0.27949,0.573512,0.560458,0.446045,-0.218956,0.414107,0.437644,0.713033,0.472064,0.245098,0.350765
0.825048,0.816834,0.821805,0.577911,0.702901,0.671909,-0.0529916,0.24845,0.368041,0.750288,0.790141,0.686099,0.844124,0.706061,0.340181,0.817315,0.75412,0.470497,0.626979,1,0.828799,0.348503,0.434772,0.810471,0.584236,0.326624,0.77432,0.561042,0.235832,0.253638,-0.0302796,0.244296,0.702319,0.575199,0.304927,0.277276,0.212924,0.529499,0.753624,0.760717,0.339073,0.501458,0.81137,0.727193,0.86205,0.789042,0.697589,0.640106,0.390135,0.205377,0.511431,0.776975,0.726543,0.809344,0.792212,0.727261,0.531424,0.844586,0.783375,0.292405,0.245157,0.649367,0.71534,0.74502,0.852112,0.425294,0.699275,0.803856,0.495398,0.274751,0.557006,0.349722,0.185072,-0.0616056,0.315776,0.586161,0.570302,0.394323,-0.143603,0.312461,0.632551,0.818886,0.56723,0.31344,0.589204
0.815248,0.842762,0.846661,0.675895,0.671088,0.701263,-0.0710484,0.235946,0.355865,0.813993,0.799898,0.722881,0.833638,0.686168,0.442918,0.786062,0.783302,0.49017,0.821069,0.828799,1,0.339707,0.650425,0.8264,0.569793,0.505368,0.850421,0.543971,0.189771,0.416536,0.0894386,0.394576,0.721631,0.628579,0.345364,0.299988,0.219678,0.432039,0.890341,0.831428,0.28774,0.537626,0.884904,0.798706,0.876625,0.732538,0.690556,0.741026,0.45734,0.348664,0.546316,0.635887,0.691306,0.69595,0.709578,0.747122,0.547151,0.799703,0.721573,0.419066,0.361015,0.597765,0.718741,0.749889,0.905842,0.631166,0.755155,0.869685,0.58169,0.355264,0.664485,0.433957,0.355981,-0.00399937,0.300056,0.64155,0.684123,0.473197,-0.211149,0.334202,0.684653,0.877154,0.631334,0.263125,0.447457
0.377218,0.409183,0.376182,0.316124,0.252426,0.258779,-0.0143368,0.0279496,-0.0449301,0.257088,0.321733,0.260957,0.442951,0.28643,0.103632,0.432556,0.328575,0.355351,0.301984,0.348503,0.339707,1,0.473148,0.394407,0.206031,0.298344,0.346853,0.253967,0.208201,-0.0561186,0.0237757,0.119553,0.293545,0.153331,0.263023,0.149905,-0.0503762,0.24802,0.250864,0.408693,0.259,0.320917,0.437507,0.366981,0.407605,0.540646,0.539936,0.463316,-0.148303,-0.149508,0.155238,0.301938,0.149035,0.304101,0.357335,0.398567,0.341535,0.405471,0.396857,0.0872158,0.085554,0.297539,0.366422,0.465429,0.35033,0.19305,0.465204,0.457283,0.413737,0.399106,0.354428,0.124931,0.0195991,-0.261555,0.209532,0.201322,0.111092,0.237615,0.366089,0.139784,0.364641,0.343784,0.483067,0.0486478,0.331112
0.504334,0.560703,0.464905,0.513509,0.300713,0.341871,-0.11678,0.28664,0.28543,0.396259,0.61187,0.383371,0.525716,0.539056,0.355386,0.496744,0.394871,0.308502,0.52726,0.434772,0.650425,0.473148,1,0.498384,0.343377,0.375721,0.524571,0.386955,-0.171365,0.193193,-0.00863012,0.255744,0.471454,0.43847,0.194004,0.0726084,0.130769,0.187758,0.567962,0.5555,-0.056858,0.604341,0.572852,0.487157,0.503114,0.489393,0.621337,0.696211,0.168291,0.0860392,0.254776,0.202191,0.337715,0.3579,0.405495,0.450678,0.23048,0.444656,0.38964,0.178501,0.326568,0.340991,0.348151,0.433731,0.55807,0.310552,0.624637,0.570961,0.641824,0.314942,0.411531,0.026492,0.306662,0.0878496,0.298865,0.323131,0.471656,0.497874,-0.0568016,0.096624,0.58008,0.555081,0.487384,-0.182467,0.426964
0.903385,0.848554,0.937119,0.783853,0.737767,0.792664,0.0467906,0.335094,0.36638,0.805222,0.769059,0.788873,0.881994,0.840099,0.44631,0.82906,0.870572,0.568345,0.736046,0.810471,0.8264,0.394407,0.498384,1,0.753926,0.526458,0.845918,0.696753,0.274875,0.342019,-0.0351852,0.495089,0.718733,0.70578,0.216443,0.32509,0.162032,0.558308,0.775787,0.870238,0.374727,0.548885,0.893835,0.83742,0.919443,0.79373,0.751432,0.725164,0.380877,0.345517,0.647755,0.723077,0.739677,0.746672,0.84765,0.787914,0.659194,0.867923,0.742541,0.440485,0.213429,0.727854,0.707619,0.813509,0.869552,0.629481,0.802741,0.932673,0.648449,0.288296,0.712977,0.452096,0.243757,-0.106464,0.421391,0.679721,0.544446,0.571953,-0.103368,0.29663,0.595883,0.892525,0.725218,0.307576,0.618182
0.706309,0.623712,0.674816,0.452117,0.496545,0.693547,0.0642885,0.277006,0.224007,0.647932,0.498711,0.738865,0.717838,0.692913,0.43769,0.573245,0.59744,0.490745,0.535309,0.584236,0.569793,0.206031,0.343377,0.753926,1,0.425342,0.71598,0.554338,0.205598,0.252626,-0.168344,0.323712,0.575189,0.514399,-0.0228605,0.457615,0.194136,0.540085,0.495631,0.68624,0.255694,0.497117,0.658668,0.578945,0.726979,0.594117,0.558089,0.482159,0.235847,0.19036,0.539113,0.59351,0.447935,0.614991,0.605349,0.578081,0.637368,0.660998,0.481919,0.264915,0.0764195,0.550573,0.520581,0.574319,0.637724,0.516913,0.688772,0.655466,0.577975,0.0240915,0.671328,0.230595,0.0910912,-0.283067,0.424138,0.622319,0.362895,0.411567,-0.0979084,0.321291,0.421157,0.671465,0.467143,0.218838,0.477186
0.546912,0.582151,0.575173,0.482845,0.489046,0.601303,-0.00428148,0.244271,0.0647353,0.485787,0.345692,0.562696,0.483448,0.352294,0.0874708,0.478605,0.435247,0.551048,0.527824,0.326624,0.505368,0.298344,0.375721,0.526458,0.425342,1,0.504919,0.333517,0.285809,0.59826,-0.127599,0.209711,0.385752,0.404931,0.276614,0.244681,-0.269212,0.375067,0.467695,0.391733,0.294829,0.173014,0.588689,0.666543,0.553339,0.50336,0.499643,0.421266,0.349714,0.30293,0.529327,0.421423,0.314022,0.385118,0.407164,0.582905,0.364082,0.503677,0.439227,0.599126,0.276266,0.488017,0.386393,0.486442,0.525267,0.389419,0.4202,0.583284,0.304275,0.282572,0.445168,0.535332,0.024677,-0.240178,0.0502751,0.326647,0.49668,0.38213,0.0510044,0.507642,0.297369,0.481025,0.421163,0.0386625,0.327091
0.820313,0.775671,0.833654,0.642407,0.673896,0.702697,0.0606581,0.282466,0.326876,0.726266,0.71784,0.744446,0.808037,0.760848,0.563076,0.767442,0.761532,0.524596,0.728677,0.77432,0.850421,0.346853,0.524571,0.845918,0.71598,0.504919,1,0.676369,0.220491,0.333371,0.137333,0.463166,0.77178,0.612022,0.287307,0.348196,0.200647,0.486285,0.758087,0.796813,0.269281,0.549588,0.811537,0.740958,0.87165,0.721001,0.658117,0.657594,0.509493,0.34177,0.513169,0.601855,0.660398,0.643101,0.743341,0.73564,0.58347,0.813978,0.771202,0.479327,0.338048,0.509842,0.75527,0.76568,0.828873,0.664671,0.707206,0.844992,0.479955,0.265932,0.728071,0.397905,0.175858,-0.155781,0.351274,0.627615,0.609059,0.495613,-0.228078,0.307536,0.668483,0.887616,0.659551,0.271568,0.527523
0.655975,0.589356,0.633662,0.565819,0.480264,0.533494,0.264153,0.297504,0.0656147,0.464264,0.54329,0.620888,0.582644,0.591588,0.360263,0.586189,0.656536,0.454042,0.512297,0.561042,0.543971,0.253967,0.386955,0.696753,0.554338,0.333517,0.676369,1,0.0304239,0.305001,0.0116016,0.516159,0.604683,0.60183,0.13846,0.251806,-0.072075,0.448051,0.478691,0.542115,0.2291,0.590891,0.586428,0.657452,0.671138,0.531019,0.543929,0.41519,0.378661,0.257579,0.486763,0.375927,0.58075,0.348522,0.616194,0.635592,0.473849,0.611503,0.691755,0.446964,0.284074,0.390637,0.584554,0.673986,0.593215,0.534977,0.593698,0.621789,0.416513,0.025724,0.451662,0.341189,0.122898,-0.145788,0.252371,0.525613,0.430729,0.504878,-0.171419,0.192392,0.522174,0.64587,0.638082,0.115497,0.45677
0.170271,0.268859,0.278305,0.0992183,0.206369,0.130148,-0.0344799,0.00226824,-0.155749,0.329954,0.0815851,0.191297,0.278483,0.217849,0.0880213,0.308415,0.170189,0.207337,0.145399,0.235832,0.189771,0.208201,-0.171365,0.274875,0.205598,0.285809,0.220491,0.0304239,1,0.254106,0.000698036,0.0696941,-0.0509668,0.0664281,0.316595,0.12405,-0.00574375,0.0695153,0.100111,0.284814,0.140262,-0.222819,0.243478,0.307022,0.250957,0.288866,0.0934305,0.0491752,0.138398,-0.0642494,0.230294,0.354243,0.0224555,0.183762,0.232411,0.167138,0.275609,0.26494,0.132715,0.240558,-0.0510966,0.108802,0.147128,0.228364,0.17711,-0.000516134,0.131835,0.285696,-0.0704144,0.022375,0.0886712,0.162532,-0.280438,-0.308921,0.217788,0.14215,-0.0138234,0.094886,-0.00296364,0.276317,0.059342,0.161608,0.124052,0.309804,0.0653054
0.412639,0.370643,0.387517,0.215239,0.400927,0.455028,0.00288466,0.327177,0.00022405,0.372515,0.0767443,0.436149,0.288532,0.280294,0.15276,0.463179,0.308355,0.293402,0.282105,0.253638,0.416536,-0.0561186,0.193193,0.342019,0.252626,0.59826,0.333371,0.305001,0.254106,1,-0.195358,0.024334,0.268179,0.31648,0.253642,0.317136,-0.2865,0.321588,0.407633,0.226781,0.0143303,0.252212,0.423938,0.433764,0.435784,0.237297,0.155057,0.174052,0.439888,0.0307386,0.536036,0.280575,0.346275,0.188091,0.322439,0.332743,0.379383,0.282249,0.256156,0.568844,0.168483,0.320751,0.175705,0.280474,0.33474,0.274326,0.263926,0.396641,0.197523,-0.252564,0.203785,0.400635,0.202117,-0.309352,0.0642046,0.338547,0.536326,0.256706,-0.023036,0.227618,0.285554,0.356277,0.363454,0.0889912,0.226492
-0.0792948,0.0141294,-0.0526983,0.202846,-0.0741785,-0.132331,-0.163517,-0.351883,0.157894,0.0574747,0.0796857,-0.0264851,-0.0500691,-0.0692992,-0.0061031,-0.111106,-0.0104703,-0.0199635,0.304596,-0.0302796,0.0894386,0.0237757,-0.00863012,-0.0351852,-0.168344,-0.127599,0.137333,0.0116016,0.000698036,-0.195358,1,0.27206,0.220017,0.103645,0.27347,-0.0404373,0.177967,-0.173138,0.0929296,0.152116,0.0150773,-0.114618,-0.0558386,0.00772186,-0.0968765,0.131288,-0.0485627,0.106572,0.0533282,0.0436511,-0.0755967,-0.263168,0.0129502,-0.0836284,-0.0251224,-0.0431194,-0.025225,-0.0836815,0.101253,-0.104116,0.119096,-0.0888778,0.162522,-0.0298519,0.134748,0.197647,-0.00863283,0.0300876,-0.178844,0.141857,-0.0553579,0.0834195,0.192197,0.0966337,-0.0366342,0.0353802,-0.0888768,-0.197274,-0.147145,-0.0692214,-0.0197461,0.0726703,0.0115107,0.123372,-0.0633961
0.418266,0.442435,0.441063,0.627078,0.247621,0.290107,0.165639,0.21481,0.117108,0.288269,0.470171,0.304273,0.357907,0.469003,0.0822409,0.412506,0.501614,0.414578,0.495629,0.244296,0.394576,0.119553,0.255744,0.495089,0.323712,0.209711,0.463166,0.516159,0.0696941,0.024334,0.27206,1,0.424586,0.523947,0.222116,-0.192159,0.0690566,0.08066,0.423011,0.399282,0.322612,0.285629,0.31523,0.491105,0.371643,0.287808,0.330835,0.301487,0.269724,0.270701,0.27576,0.133213,0.477197,0.296347,0.503753,0.399039,0.275457,0.371856,0.368334,0.28561,0.229473,0.163387,0.405833,0.471053,0.446764,0.52313,0.464327,0.503543,0.265186,0.249813,0.247661,0.298279,0.238707,0.0456233,0.388725,0.355336,0.117544,0.391725,-0.153738,-0.0976668,0.210089,0.442498,0.375099,0.0343532,0.312125
0.742411,0.683635,0.691777,0.64581,0.629445,0.685218,-0.0697799,0.220975,0.263763,0.600754,0.680058,0.648186,0.649003,0.613225,0.209621,0.687932,0.685982,0.559443,0.710869,0.702319,0.721631,0.293545,0.471454,0.718733,0.575189,0.385752,0.77178,0.604683,-0.0509668,0.268179,0.220017,0.424586,1,0.587711,0.277613,0.294145,0.0966457,0.464459,0.639056,0.671242,0.287765,0.544912,0.695223,0.561655,0.728143,0.652289,0.601529,0.585505,0.395011,0.351419,0.587195,0.41604,0.601058,0.583466,0.704854,0.558137,0.659436,0.641269,0.733289,0.444667,0.229524,0.515754,0.70138,0.619844,0.75529,0.673282,0.684341,0.735683,0.417572,0.281775,0.578205,0.375276,0.287911,-0.0813657,0.169955,0.504004,0.502244,0.3849,-0.0604509,0.258013,0.467132,0.71299,0.505351,0.251697,0.490883
0.706966,0.712815,0.740255,0.741102,0.583056,0.633485,0.164704,0.301099,0.328452,0.515895,0.614977,0.609425,0.560183,0.643483,0.326818,0.605923,0.586316,0.421644,0.612337,0.575199,0.628579,0.153331,0.43847,0.70578,0.514399,0.404931,0.612022,0.60183,0.0664281,0.31648,0.103645,0.523947,0.587711,1,0.286001,0.0565215,0.0979134,0.354978,0.604959,0.653837,0.398239,0.285283,0.660435,0.712967,0.596203,0.603851,0.512998,0.597851,0.424798,0.434929,0.425698,0.480553,0.491825,0.495187,0.689425,0.580523,0.445081,0.604147,0.502033,0.312922,0.267619,0.472889,0.450934,0.69343,0.635991,0.407317,0.646467,0.744559,0.468113,0.0599999,0.387453,0.433242,0.228081,-0.0948435,0.436488,0.602698,0.494651,0.398708,-0.245493,0.108906,0.451267,0.602383,0.569039,0.182349,0.50488
0.258265,0.412851,0.228468,0.239667,0.229342,0.123509,-0.369621,0.0988357,-0.00903276,0.175831,0.287536,0.105465,0.113882,0.14057,0.0507747,0.256377,0.159254,0.202313,0.430537,0.304927,0.345364,0.263023,0.194004,0.216443,-0.0228605,0.276614,0.287307,0.13846,0.316595,0.253642,0.27347,0.222116,0.277613,0.286001,1,0.112768,0.0230996,-0.118799,0.312859,0.265482,0.230493,-0.0491552,0.164429,0.334972,0.208424,0.217056,0.187669,0.388663,0.226919,-0.152287,0.247949,0.232698,0.241127,0.142689,0.268508,0.231532,-0.0195314,0.179478,0.323636,0.370212,0.441233,0.207913,0.302215,0.220579,0.27545,0.0799447,0.263633,0.326235,-0.0235514,0.315301,0.089812,0.18274,-0.05139,-0.0687771,0.116713,0.0972282,0.300109,0.221295,-0.12751,0.154305,0.103802,0.191582,0.0292579,-0.121571,0.0890278
0.276948,0.203811,0.193642,-0.0168783,0.25467,0.35284,0.0155333,0.0481653,0.102737,0.384437,0.120391,0.43409,0.306427,0.185664,0.325993,0.197522,0.196937,0.14745,0.329445,0.277276,0.299988,0.149905,0.0726084,0.32509,0.457615,0.244681,0.348196,0.251806,0.12405,0.317136,-0.0404373,-0.192159,0.294145,0.0565215,0.112768,1,0.18683,0.372351,0.298233,0.328832,-0.142311,0.456222,0.348882,0.228039,0.393179,0.297864,0.137637,0.233201,0.0061579,-0.0928019,0.398993,0.349257,0.228131,0.138776,0.221174,0.218697,0.318466,0.30224,0.274742,0.231427,0.189295,0.321599,0.38887,0.263748,0.313769,0.312123,0.309397,0.230312,0.201756,0.0105695,0.519208,0.234515,0.00204631,-0.164256,0.0248707,0.213246,0.441729,0.176343,-0.080615,0.3648,0.24754,0.344856,0.228133,0.289277,0.0503037
0.058087,0.184561,0.143295,0.0454155,0.0549496,-0.00271484,-0.100376,-0.0209794,0.293013,0.238572,0.238271,-0.0586383,0.185887,0.199665,0.183798,0.130359,0.133585,-0.127419,0.210441,0.212924,0.219678,-0.0503762,0.130769,0.162032,0.194136,-0.269212,0.200647,-0.072075,-0.00574375,-0.2865,0.177967,0.0690566,0.0966457,0.0979134,0.0230996,0.18683,1,-0.132526,0.168837,0.290263,-0.146237,0.160041,0.179898,0.0482364,0.122527,0.0541923,0.0582896,0.242952,-0.0881914,-0.0697515,-0.18562,0.163432,0.135522,0.202883,0.115484,-0.0395654,-0.0669001,0.14447,0.0769583,-0.280343,0.171157,0.0287062,0.151489,-0.0551096,0.197417,0.00213312,0.170153,0.175953,0.37077,0.155692,0.299088,-0.150852,0.165193,0.25271,0.23136,0.198855,-0.00877819,0.125634,-0.175605,-0.0656939,0.176913,0.261327,0.0171474,0.0676281,0.0567482
0.572446,0.488424,0.543513,0.3686,0.565265,0.621598,0.279105,0.234018,0.175306,0.463374,0.384419,0.68716,0.625371,0.461525,0.174134,0.527513,0.570746,0.251346,0.329094,0.529499,0.432039,0.24802,0.187758,0.558308,0.540085,0.375067,0.486285,0.448051,0.0695153,0.321588,-0.173138,0.08066,0.464459,0.354978,-0.118799,0.372351,-0.132526,1,0.435449,0.539931,0.262867,0.382327,0.56928,0.486195,0.610454,0.545864,0.518596,0.352814,0.135689,0.288556,0.435386,0.438613,0.438658,0.531057,0.508057,0.53897,0.6135,0.58747,0.489274,0.317579,-0.0374868,0.438981,0.497703,0.601608,0.506988,0.519899,0.474071,0.487308,0.340733,0.148901,0.482849,0.378114,0.22604,-0.21708,0.272642,0.297368,0.479665,0.215046,0.0275737,0.335473,0.391358,0.544788,0.522948,0.197513,0.510392
0.796859,0.786852,0.767684,0.719309,0.62535,0.652123,-0.0352617,0.198797,0.522588,0.774878,0.730904,0.693825,0.811729,0.605808,0.39126,0.725427,0.784722,0.570756,0.753439,0.753624,0.890341,0.250864,0.567962,0.775787,0.495631,0.467695,0.758087,0.478691,0.100111,0.407633,0.0929296,0.423011,0.639056,0.604959,0.312859,0.298233,0.168837,0.435449,1,0.758185,0.272503,0.558073,0.80111,0.757596,0.827492,0.680676,0.589102,0.772997,0.413962,0.235327,0.562261,0.627103,0.78116,0.731589,0.743983,0.740649,0.414552,0.77701,0.612715,0.354549,0.368637,0.652173,0.678734,0.679869,0.87953,0.573934,0.654864,0.82874,0.496233,0.36239,0.541224,0.539975,0.362696,-0.0221488,0.267717,0.554541,0.733219,0.414431,-0.11866,0.241636,0.58839,0.863866,0.613451,0.284253,0.554626
0.773424,0.822656,0.826192,0.735072,0.650137,0.691786,-0.0551847,0.128309,0.350797,0.802107,0.76692,0.703354,0.841431,0.74953,0.459344,0.702939,0.730657,0.450108,0.745704,0.760717,0.831428,0.408693,0.5555,0.870238,0.68624,0.391733,0.796813,0.542115,0.284814,0.226781,0.152116,0.399282,0.671242,0.653837,0.265482,0.328832,0.290263,0.539931,0.758185,1,0.296232,0.45955,0.833952,0.731076,0.821466,0.754157,0.67332,0.809465,0.239519,0.212189,0.512345,0.612222,0.580576,0.693061,0.731445,0.686827,0.574371,0.778665,0.62073,0.349929,0.232022,0.62088,0.702475,0.710319,0.807841,0.578587,0.775971,0.832515,0.610677,0.292738,0.674064,0.415645,0.204935,-0.120129,0.357407,0.601847,0.474776,0.401976,-0.136629,0.348167,0.670106,0.836985,0.605437,0.283193,0.517315
0.399608,0.452481,0.482744,0.365874,0.292683,0.309439,0.179436,0.0488597,0.106977,0.252959,0.283262,0.388094,0.320586,0.179816,0.0446801,0.284919,0.399982,0.357386,0.358036,0.339073,0.28774,0.259,-0.056858,0.374727,0.255694,0.294829,0.269281,0.2291,0.140262,0.0143303,0.0150773,0.322612,0.287765,0.398239,0.230493,-0.142311,-0.146237,0.262867,0.272503,0.296232,1,-0.152764,0.341737,0.461551,0.355112,0.313683,0.29733,0.258064,0.298992,0.292934,0.332056,0.487032,0.181322,0.37345,0.29997,0.586139,0.310756,0.32755,0.331334,0.238483,0.0426906,0.327665,0.351603,0.52287,0.328565,0.340123,0.35268,0.403558,0.153201,0.295462,0.24888,0.532226,0.0835791,-0.121376,0.19716,0.315717,0.146649,-0.029502,0.0631254,0.212005,0.0183901,0.260533,0.224399,0.178266,0.254904
0.547802,0.42326,0.431686,0.369313,0.379723,0.435002,0.110064,0.250814,0.204196,0.410755,0.468875,0.431694,0.561761,0.577917,0.414265,0.548394,0.516384,0.393542,0.376665,0.501458,0.537626,0.320917,0.604341,0.548885,0.497117,0.173014,0.549588,0.590891,-0.222819,0.252212,-0.114618,0.285629,0.544912,0.285283,-0.0491552,0.456222,0.160041,0.382327,0.558073,0.45955,-0.152764,1,0.556655,0.423669,0.623036,0.434778,0.477277,0.476322,0.0949457,0.00440839,0.368467,0.273184,0.530991,0.3968,0.489973,0.427364,0.376719,0.513694,0.487299,0.214862,0.164072,0.382251,0.444921,0.445099,0.559272,0.391822,0.513271,0.499075,0.542526,0.0779937,0.519715,0.0751902,0.279847,-0.0861136,0.165605,0.435169,0.465963,0.529359,0.0935175,0.0967564,0.536901,0.605969,0.547809,0.11506,0.496682
0.894453,0.868111,0.920769,0.706135,0.70224,0.7753,0.0280886,0.332889,0.300463,0.846504,0.75034,0.766905,0.889224,0.749791,0.410898,0.845503,0.833558,0.577357,0.703086,0.81137,0.884904,0.437507,0.572852,0.893835,0.658668,0.588689,0.811537,0.586428,0.243478,0.423938,-0.0558386,0.31523,0.695223,0.660435,0.164429,0.348882,0.179898,0.56928,0.80111,0.833952,0.341737,0.556655,1,0.844831,0.926084,0.804986,0.743282,0.71924,0.3714,0.384848,0.567152,0.705246,0.641576,0.75129,0.770896,0.801276,0.680752,0.837992,0.695613,0.388162,0.258021,0.661535,0.648155,0.792322,0.877928,0.590409,0.741057,0.908639,0.701482,0.297663,0.737463,0.482851,0.305129,-0.11938,0.331006,0.650146,0.626945,0.503846,-0.0515816,0.344944,0.648341,0.885688,0.716256,0.305416,0.540702
0.806769,0.877486,0.845492,0.669441,0.607312,0.725858,0.148323,0.35262,0.185485,0.732343,0.716296,0.752025,0.811637,0.653507,0.331835,0.735806,0.805847,0.605942,0.737845,0.727193,0.798706,0.366981,0.487157,0.83742,0.578945,0.666543,0.740958,0.657452,0.307022,0.433764,0.00772186,0.491105,0.561655,0.712967,0.334972,0.228039,0.0482364,0.486195,0.757596,0.731076,0.461551,0.423669,0.844831,1,0.821589,0.76422,0.703589,0.617878,0.522393,0.39503,0.516088,0.706432,0.644704,0.691798,0.756875,0.883018,0.507586,0.809862,0.737766,0.408329,0.332234,0.604573,0.664443,0.791677,0.849146,0.502623,0.694627,0.838633,0.604839,0.339869,0.59937,0.554977,0.252507,-0.153692,0.35681,0.636483,0.635562,0.501713,-0.0790846,0.398515,0.507197,0.7799,0.683182,0.237606,0.538998
0.929598,0.856221,0.914046,0.67032,0.738099,0.803909,0.0166281,0.30225,0.315776,0.849701,0.734646,0.812254,0.929505,0.779877,0.441136,0.868789,0.870314,0.641681,0.734323,0.86205,0.876625,0.407605,0.503114,0.919443,0.726979,0.553339,0.87165,0.671138,0.250957,0.435784,-0.0968765,0.371643,0.728143,0.596203,0.208424,0.393179,0.122527,0.610454,0.827492,0.821466,0.355112,0.623036,0.926084,0.821589,1,0.769419,0.758689,0.680191,0.414686,0.278883,0.65385,0.76992,0.779067,0.789921,0.824267,0.826338,0.68425,0.894372,0.784617,0.488739,0.242644,0.741565,0.770772,0.805913,0.886157,0.631691,0.776273,0.891171,0.589786,0.268121,0.733256,0.481664,0.237078,-0.177665,0.336227,0.692267,0.656767,0.594618,-0.0196735,0.398727,0.668968,0.919948,0.700252,0.339515,0.610861
0.775468,0.745494,0.747323,0.614012,0.644687,0.664992,-0.000263336,0.183493,0.268779,0.655294,0.656813,0.732821,0.819598,0.612691,0.234279,0.697793,0.66075,0.582689,0.651838,0.789042,0.732538,0.540646,0.489393,0.79373,0.594117,0.50336,0.721001,0.531019,0.288866,0.237297,0.131288,0.287808,0.652289,0.603851,0.217056,0.297864,0.0541923,0.545864,0.680676,0.754157,0.313683,0.434778,0.804986,0.76422,0.769419,1,0.736108,0.621956,0.266964,0.270114,0.502839,0.633345,0.533649,0.693808,0.722378,0.697732,0.57049,0.821161,0.680188,0.1724,0.111774,0.640261,0.694409,0.779345,0.847025,0.430954,0.670897,0.803327,0.547998,0.331149,0.504582,0.373351,0.105671,-0.197518,0.269197,0.548802,0.404623,0.287286,0.01673,0.294271,0.575676,0.734815,0.700245,0.289644,0.544113
0.736803,0.77145,0.737878,0.619293,0.595701,0.639754,-0.112714,0.24743,0.199159,0.607827,0.657381,0.65893,0.742898,0.63372,0.257285,0.707402,0.647789,0.416635,0.630005,0.697589,0.690556,0.539936,0.621337,0.751432,0.558089,0.499643,0.658117,0.543929,0.0934305,0.155057,-0.0485627,0.330835,0.601529,0.512998,0.187669,0.137637,0.0582896,0.518596,0.589102,0.67332,0.29733,0.477277,0.743282,0.703589,0.758689,0.736108,1,0.637062,0.137406,0.217257,0.387234,0.561389,0.599001,0.663074,0.642922,0.749072,0.482563,0.723892,0.63073,0.342659,0.35271,0.632496,0.598971,0.686158,0.747919,0.44991,0.769198,0.71021,0.631933,0.343963,0.590041,0.212464,0.274892,-0.0185005,0.258342,0.577835,0.405779,0.467687,0.0142292,0.146299,0.527377,0.656484,0.474955,0.128692,0.508474
0.705221,0.742233,0.721392,0.759679,0.584801,0.573738,-0.167646,0.0545023,0.493815,0.624176,0.672758,0.517019,0.685427,0.580838,0.442425,0.58563,0.615836,0.413904,0.662932,0.640106,0.741026,0.463316,0.696211,0.725164,0.482159,0.421266,0.657594,0.41519,0.0491752,0.174052,0.106572,0.301487,0.585505,0.597851,0.388663,0.233201,0.242952,0.352814,0.772997,0.809465,0.258064,0.476322,0.71924,0.617878,0.680191,0.621956,0.637062,1,0.126788,0.0516481,0.438164,0.482389,0.54908,0.603074,0.599611,0.613169,0.286541,0.638082,0.483582,0.348481,0.34488,0.597877,0.538386,0.583338,0.695504,0.418514,0.689322,0.771344,0.590697,0.382467,0.565346,0.363233,0.21924,-0.0870182,0.20522,0.41057,0.509912,0.439897,-0.0398172,0.248926,0.584257,0.749086,0.536405,0.0487704,0.557471
0.428527,0.40505,0.421057,0.204772,0.26913,0.384697,0.280554,0.448662,0.184805,0.303384,0.336488,0.447191,0.370355,0.4014,0.376086,0.390759,0.44107,0.284423,0.381283,0.390135,0.45734,-0.148303,0.168291,0.380877,0.235847,0.349714,0.509493,0.378661,0.138398,0.439888,0.0533282,0.269724,0.395011,0.424798,0.226919,0.0061579,-0.0881914,0.135689,0.413962,0.239519,0.298992,0.0949457,0.3714,0.522393,0.414686,0.266964,0.137406,0.126788,1,0.461336,0.451952,0.434462,0.354174,0.324263,0.429481,0.493133,0.338749,0.389401,0.478407,0.332378,0.131573,0.118108,0.364354,0.434841,0.431312,0.37949,0.294668,0.407447,0.0664752,-0.0221171,0.245606,0.323908,0.183622,-0.0393568,0.295574,0.249666,0.561114,0.252432,-0.314148,0.222381,0.203041,0.40219,0.411917,0.19416,0.208318
0.318683,0.231473,0.385781,0.308656,0.293862,0.418817,0.276445,0.287669,0.00662761,0.22709,0.353182,0.380046,0.262731,0.272519,0.151462,0.167489,0.379629,0.171365,0.327346,0.205377,0.348664,-0.149508,0.0860392,0.345517,0.19036,0.30293,0.34177,0.257579,-0.0642494,0.0307386,0.0436511,0.270701,0.351419,0.434929,-0.152287,-0.0928019,-0.0697515,0.288556,0.235327,0.212189,0.292934,0.00440839,0.384848,0.39503,0.278883,0.270114,0.217257,0.0516481,0.461336,1,0.198335,0.158997,0.122348,0.204335,0.222421,0.323214,0.371358,0.275582,0.337376,0.174514,-0.0613378,0.0587921,0.21244,0.382158,0.33062,0.448292,0.133275,0.327866,0.0800016,0.236232,0.338402,0.30149,0.219589,0.242791,0.13456,0.194087,0.293716,0.177626,-0.25048,0.203516,0.11061,0.25501,0.290842,0.194459,0.028771
0.704076,0.508029,0.583121,0.497001,0.442399,0.580652,-0.0897912,0.339702,0.279801,0.493552,0.372355,0.600887,0.540138,0.511238,0.284984,0.528492,0.520543,0.526607,0.566571,0.511431,0.546316,0.155238,0.254776,0.647755,0.539113,0.529327,0.513169,0.486763,0.230294,0.536036,-0.0755967,0.27576,0.587195,0.425698,0.247949,0.398993,-0.18562,0.435386,0.562261,0.512345,0.332056,0.368467,0.567152,0.516088,0.65385,0.502839,0.387234,0.438164,0.451952,0.198335,1,0.520234,0.466274,0.447132,0.488012,0.541963,0.618044,0.483782,0.379251,0.535956,-0.0112741,0.60492,0.452772,0.533824,0.559934,0.607094,0.598597,0.613853,0.272221,-0.01386,0.496542,0.470947,0.082203,-0.10501,0.161957,0.360761,0.418955,0.404088,-0.0603418,0.34967,0.386816,0.545723,0.508675,0.195644,0.308107
0.724393,0.701713,0.730016,0.367646,0.579295,0.651638,0.0667815,0.314138,0.318274,0.672392,0.528007,0.685218,0.75802,0.566484,0.390647,0.676595,0.674515,0.440515,0.521278,0.776975,0.635887,0.301938,0.202191,0.723077,0.59351,0.421423,0.601855,0.375927,0.354243,0.280575,-0.263168,0.133213,0.41604,0.480553,0.232698,0.349257,0.163432,0.438613,0.627103,0.612222,0.487032,0.273184,0.705246,0.706432,0.76992,0.633345,0.561389,0.482389,0.434462,0.158997,0.520234,1,0.622951,0.722227,0.729022,0.7434,0.446511,0.80285,0.612839,0.320781,0.200909,0.642975,0.637537,0.678988,0.660688,0.345155,0.631361,0.692778,0.441724,0.237375,0.547889,0.470215,0.069987,-0.137911,0.363731,0.552501,0.529266,0.354791,-0.114915,0.36583,0.423072,0.658927,0.485394,0.444185,0.458162
