1,0.732321,0.940185,0.806703,0.788487,0.762775,0.531776,0.670402,0.796981,0.679376,0.648769,0.786019,0.78108,0.755421,0.702089,0.725513,0.868855,0.783642,0.825042,0.885934,0.875071,0.806349,0.832927,0.890548,0.49131,0.765924,0.795554,0.78209,0.57421,0.705396,0.480334,0.742095,0.864315,0.933163,0.765641,0.502547,0.320384,0.741679,0.924202,0.840717,0.509022,0.755563,0.912892,0.92208,0.932772,0.785324,0.89096,0.698431,0.734222,0.394358,0.804251,0.63665,0.692744,0.726351,0.702023,0.906841,0.768875,0.819099,0.824198,0.549959,0.650361,0.794601,0.766939,0.889102,0.881637,0.67489,0.776245,0.880557,0.52508,0.779667,0.883289,0.779414,0.705871,0.462753,0.689626,0.787548,0.821814,0.746233,0.457046,0.443846,0.774705,0.875422,0.86253,0.532991,0.683968
0.732321,1,0.639305,0.534844,0.644875,0.714586,0.513841,0.532738,0.572931,0.684897,0.596839,0.652102,0.760436,0.94888,0.590014,0.846107,0.770684,0.647015,0.699028,0.741022,0.752402,0.719675,0.644282,0.738739,0.566571,0.533061,0.495102,0.62198,0.365751,0.640825,0.427765,0.740787,0.681043,0.72272,0.498245,0.376357,0.193563,0.606743,0.732486,0.610498,0.530873,0.521011,0.604012,0.765194,0.608406,0.565469,0.704097,0.621643,0.632141,0.341386,0.679418,0.644,0.625812,0.628119,0.744305,0.807784,0.727879,0.84117,0.691022,0.444864,0.652078,0.673405,0.626847,0.742537,0.776456,0.620189,0.6013,0.783969,0.377374,0.537999,0.596605,0.658041,0.355476,0.380217,0.420665,0.67453,0.58531,0.662984,0.433917,0.23255,0.585388,0.758455,0.706819,0.297594,0.440339
0.940185,0.639305,1,0.830018,0.809865,0.722478,0.491402,0.602914,0.796905,0.688184,0.733974,0.817473,0.790196,0.661094,0.668907,0.651376,0.876885,0.8005,0.802454,0.831809,0.81857,0.790914,0.808892,0.878013,0.461154,0.753515,0.758087,0.730228,0.565119,0.65064,0.466888,0.687845,0.818381,0.877771,0.71771,0.64158,0.351673,0.695239,0.856216,0.764688,0.487791,0.751922,0.928547,0.876735,0.964424,0.835126,0.859173,0.687201,0.656495,0.417665,0.722049,0.698317,0.758099,0.710812,0.714245,0.836249,0.726867,0.737371,0.850699,0.555142,0.658326,0.751582,0.751279,0.84253,0.852919,0.660501,0.795366,0.861041,0.561654,0.757278,0.860587,0.775074,0.67919,0.343013,0.66824,0.745371,0.75545,0.709056,0.417205,0.415755,0.789055,0.840735,0.825333,0.570946,0.640621
0.806703,0.534844,0.830018,1,0.770175,0.645707,0.440189,0.569182,0.669198,0.590388,0.726191,0.751245,0.701688,0.600927,0.525473,0.596362,0.718079,0.709004,0.614418,0.6624,0.614296,0.658828,0.722631,0.790321,0.28878,0.565124,0.562457,0.585629,0.625604,0.517913,0.387525,0.614284,0.633715,0.709796,0.603994,0.520145,0.204116,0.539654,0.723386,0.581811,0.370724,0.565573,0.852999,0.765963,0.89523,0.800317,0.822408,0.59862,0.405568,0.471394,0.604328,0.622044,0.777352,0.564491,0.551198,0.72178,0.708901,0.657699,0.735932,0.587548,0.684758,0.56425,0.647753,0.700221,0.700801,0.564664,0.612512,0.780127,0.541952,0.662846,0.657078,0.611416,0.707831,0.499075,0.496736,0.595557,0.59195,0.582321,0.489111,0.202037,0.729052,0.616482,0.680826,0.537857,0.552394
0.788487,0.644875,0.809865,0.770175,1,0.699159,0.637083,0.598105,0.763159,0.584773,0.689755,0.725962,0.719257,0.686702,0.599705,0.741103,0.680901,0.704187,0.699978,0.724918,0.710136,0.665895,0.794282,0.790158,0.325058,0.608576,0.695091,0.547741,0.5506,0.495055,0.345047,0.659533,0.683096,0.771953,0.613989,0.415165,0.195303,0.531862,0.763462,0.664644,0.237784,0.600402,0.775278,0.776704,0.790459,0.69913,0.767716,0.581579,0.551076,0.375955,0.646802,0.580243,0.670966,0.631069,0.585754,0.728269,0.664217,0.68567,0.639794,0.460505,0.68444,0.692615,0.649644,0.698734,0.760398,0.627488,0.638827,0.785467,0.311631,0.623167,0.710724,0.59523,0.572451,0.325425,0.506181,0.725135,0.706635,0.602996,0.436998,0.141696,0.730728,0.683206,0.709827,0.547037,0.475632
0.762775,0.714586,0.722478,0.645707,0.699159,1,0.499785,0.411043,0.724907,0.650328,0.625113,0.628475,0.604158,0.727532,0.808438,0.608826,0.662329,0.640687,0.728984,0.723252,0.677294,0.753903,0.665568,0.832612,0.560338,0.531481,0.591636,0.566985,0.519974,0.625077,0.440803,0.705531,0.603641,0.79843,0.635701,0.349888,0.304276,0.576864,0.711992,0.615272,0.406097,0.49615,0.777982,0.705597,0.71018,0.70298,0.712099,0.676692,0.6028,0.206737,0.681466,0.633667,0.641159,0.579454,0.619976,0.69595,0.820949,0.629611,0.640588,0.494218,0.545819,0.680936,0.663612,0.710791,0.731856,0.614098,0.673804,0.762085,0.422915,0.572817,0.680132,0.667213,0.485076,0.425011,0.59191,0.6793,0.625053,0.608011,0.213331,0.25951,0.662513,0.724993,0.728931,0.383879,0.386477
0.531776,0.513841,0.491402,0.440189,0.637083,0.499785,1,0.295114,0.666102,0.441009,0.412078,0.476268,0.549434,0.537716,0.551208,0.599944,0.457487,0.564551,0.554484,0.58256,0.622586,0.4809,0.617041,0.546273,0.242828,0.392947,0.609006,0.462455,0.448287,0.463346,0.16625,0.438551,0.50481,0.577063,0.415949,0.234795,0.251387,0.412964,0.532146,0.570012,0.23881,0.480542,0.544516,0.587583,0.468399,0.32508,0.4825,0.343438,0.576557,0.266752,0.52146,0.35469,0.369689,0.463435,0.441336,0.634148,0.535752,0.560221,0.342599,0.18807,0.346448,0.662877,0.670005,0.423608,0.589662,0.531671,0.516767,0.615164,0.11054,0.602935,0.531689,0.416605,0.470067,0.0109719,0.300889,0.57092,0.574055,0.374545,0.354858,0.0523107,0.484698,0.49747,0.562366,0.373638,0.343147
0.670402,0.532738,0.602914,0.569182,0.598105,0.411043,0.295114,1,0.480677,0.426461,0.416168,0.563547,0.608205,0.600283,0.282635,0.731123,0.544036,0.571569,0.581444,0.636996,0.647976,0.534654,0.568745,0.571116,0.287236,0.463227,0.646742,0.528603,0.336629,0.449313,0.267779,0.48231,0.495361,0.569792,0.418138,0.357408,0.152311,0.348663,0.607393,0.49788,0.19655,0.467585,0.54182,0.645115,0.580637,0.414034,0.631829,0.584325,0.478408,0.273658,0.533024,0.398744,0.435527,0.557921,0.378143,0.595363,0.429012,0.660802,0.511421,0.445033,0.623275,0.423956,0.464366,0.701256,0.692444,0.445696,0.491867,0.573345,0.20472,0.483334,0.612291,0.405124,0.41743,0.348589,0.294705,0.439752,0.501034,0.490001,0.299432,0.267068,0.492216,0.565287,0.597793,0.390939,0.481143
0.796981,0.572931,0.796905,0.669198,0.763159,0.724907,0.666102,0.480677,1,0.602151,0.575739,0.627598,0.712825,0.567762,0.699557,0.580532,0.668059,0.722791,0.777719,0.77501,0.77294,0.700287,0.728925,0.800192,0.334893,0.66223,0.746161,0.661487,0.55084,0.642259,0.502199,0.597338,0.696547,0.818662,0.697384,0.397616,0.34471,0.669665,0.790173,0.80978,0.324592,0.717846,0.775105,0.776676,0.77555,0.55711,0.713827,0.536735,0.595486,0.419203,0.629155,0.565149,0.647021,0.652073,0.642909,0.77395,0.645779,0.616841,0.661522,0.520998,0.483856,0.728034,0.794544,0.712278,0.790775,0.558255,0.642475,0.786487,0.332858,0.830202,0.779262,0.615881,0.609864,0.272512,0.774879,0.747033,0.72489,0.574768,0.245762,0.339151,0.786486,0.777645,0.793622,0.598916,0.548045
0.679376,0.684897,0.688184,0.590388,0.584773,0.650328,0.441009,0.426461,0.602151,1,0.834325,0.73208,0.807976,0.644192,0.665906,0.608049,0.836349,0.694565,0.750209,0.741726,0.743451,0.652358,0.724836,0.846071,0.636336,0.610051,0.527398,0.627697,0.362932,0.448425,0.287825,0.575432,0.570206,0.674437,0.452462,0.535611,0.289173,0.651359,0.698249,0.628535,0.406334,0.501178,0.652395,0.707693,0.694374,0.665156,0.695441,0.684562,0.712403,0.562079,0.681716,0.811193,0.787147,0.723039,0.814073,0.714372,0.672762,0.73137,0.798228,0.536531,0.705092,0.637582,0.673035,0.731898,0.759032,0.659711,0.758303,0.84987,0.665111,0.596197,0.692679,0.703701,0.407203,0.302902,0.475031,0.711065,0.705151,0.781501,0.198409,0.271979,0.473607,0.745131,0.776205,0.422371,0.628869
0.648769,0.596839,0.733974,0.726191,0.689755,0.625113,0.412078,0.416168,0.575739,0.834325,1,0.820676,0.787954,0.616714,0.5584,0.576583,0.777766,0.738908,0.604303,0.656181,0.643374,0.656022,0.66734,0.82028,0.493556,0.637972,0.440375,0.442455,0.499836,0.35809,0.25902,0.607101,0.521855,0.610473,0.487221,0.569021,0.292966,0.518475,0.648379,0.491961,0.345748,0.41896,0.720898,0.668859,0.754951,0.757301,0.706049,0.690076,0.549923,0.478202,0.619859,0.784312,0.869919,0.670919,0.734501,0.668955,0.721537,0.601816,0.738778,0.611407,0.749487,0.597174,0.571588,0.647892,0.703993,0.684834,0.721915,0.817086,0.745483,0.547316,0.601137,0.632218,0.480191,0.27246,0.408114,0.714298,0.640491,0.717736,0.219661,0.266119,0.479875,0.660898,0.698676,0.499681,0.484364
0.786019,0.652102,0.817473,0.751245,0.725962,0.628475,0.476268,0.563547,0.627598,0.73208,0.820676,1,0.840563,0.672917,0.559614,0.628409,0.856629,0.749155,0.641135,0.784682,0.77325,0.7085,0.724032,0.826219,0.503006,0.697251,0.619326,0.476067,0.523756,0.490328,0.333376,0.679969,0.688905,0.742414,0.538145,0.587186,0.386848,0.625647,0.73433,0.608403,0.410333,0.535864,0.781001,0.812224,0.851529,0.793042,0.811461,0.713225,0.649391,0.299761,0.653223,0.726873,0.846033,0.805798,0.809666,0.752929,0.783057,0.732424,0.845499,0.525657,0.685499,0.676339,0.660086,0.741041,0.810769,0.805352,0.792569,0.812017,0.627573,0.6082,0.683065,0.730009,0.473431,0.309807,0.493695,0.703414,0.695961,0.65809,0.346152,0.322288,0.61463,0.783258,0.740654,0.468647,0.610826
0.78108,0.760436,0.790196,0.701688,0.719257,0.604158,0.549434,0.608205,0.712825,0.807976,0.787954,0.840563,1,0.776052,0.571546,0.730441,0.884978,0.703505,0.730023,0.823103,0.853306,0.693996,0.795312,0.800832,0.559032,0.729908,0.647168,0.593566,0.470469,0.57981,0.395809,0.647907,0.701557,0.742802,0.616652,0.532559,0.422913,0.731246,0.801776,0.752813,0.364514,0.640662,0.686918,0.819783,0.783967,0.632327,0.812789,0.70976,0.678656,0.532592,0.633669,0.860033,0.845178,0.871545,0.882772,0.812199,0.663835,0.786517,0.840064,0.531016,0.681389,0.68329,0.739858,0.824656,0.869847,0.681231,0.743034,0.837539,0.52666,0.63173,0.734109,0.676801,0.511384,0.314323,0.509011,0.769923,0.750991,0.671315,0.387811,0.244061,0.661025,0.836503,0.814388,0.668906,0.684242
0.755421,0.94888,0.661094,0.600927,0.686702,0.727532,0.537716,0.600283,0.567762,0.644192,0.616714,0.672917,0.776052,1,0.585481,0.88854,0.779769,0.635277,0.731342,0.774295,0.785564,0.72437,0.718429,0.756221,0.561803,0.567716,0.5643,0.575599,0.403482,0.610628,0.418935,0.791457,0.706756,0.734033,0.596122,0.397018,0.242689,0.605366,0.791084,0.641077,0.488308,0.549715,0.639668,0.786533,0.651776,0.59395,0.71474,0.622296,0.629036,0.352339,0.721215,0.651991,0.650275,0.622091,0.689467,0.819835,0.745174,0.852689,0.679958,0.479513,0.639397,0.684636,0.673615,0.79908,0.804104,0.682423,0.634429,0.773386,0.363692,0.535418,0.614192,0.640463,0.463478,0.429418,0.37968,0.700959,0.597761,0.626093,0.444944,0.215991,0.619858,0.766175,0.743468,0.358378,0.502579
0.702089,0.590014,0.668907,0.525473,0.599705,0.808438,0.551208,0.282635,0.699557,0.665906,0.5584,0.559614,0.571546,0.585481,1,0.520485,0.636824,0.674755,0.737631,0.705009,0.686549,0.608203,0.708041,0.782007,0.618224,0.552207,0.635233,0.564453,0.379667,0.572233,0.481962,0.612638,0.570297,0.721882,0.640336,0.382416,0.341415,0.650882,0.692243,0.702846,0.373719,0.496479,0.705229,0.633584,0.656108,0.56496,0.646805,0.545771,0.687268,0.277091,0.715668,0.559812,0.525226,0.519166,0.61762,0.658385,0.734381,0.588451,0.599642,0.377353,0.416063,0.713003,0.771135,0.626993,0.683958,0.530365,0.692734,0.755221,0.405867,0.556198,0.683772,0.642844,0.446738,0.395729,0.545732,0.622568,0.64256,0.633745,0.198501,0.256211,0.632161,0.722257,0.680144,0.349642,0.452892
0.725513,0.846107,0.651376,0.596362,0.741103,0.608826,0.599944,0.731123,0.580532,0.608049,0.576583,0.628409,0.730441,0.88854,0.520485,1,0.711525,0.672254,0.718318,0.781267,0.777407,0.663715,0.694649,0.710599,0.405732,0.456971,0.672875,0.596033,0.412069,0.54831,0.34474,0.708261,0.636195,0.67086,0.478356,0.41405,0.178047,0.479837,0.742758,0.612287,0.420928,0.513383,0.61106,0.779894,0.62342,0.513625,0.659945,0.517581,0.613335,0.340245,0.709133,0.563781,0.56506,0.574652,0.560612,0.748555,0.639664,0.88327,0.591163,0.435021,0.659288,0.651217,0.660403,0.764748,0.80511,0.665666,0.614216,0.733804,0.266178,0.528654,0.656351,0.558555,0.492356,0.374031,0.282289,0.606795,0.573948,0.594878,0.467483,0.177452,0.566664,0.68482,0.722924,0.314073,0.526531
0.868855,0.770684,0.876885,0.718079,0.680901,0.662329,0.457487,0.544036,0.668059,0.836349,0.777766,0.856629,0.884978,0.779769,0.636824,0.711525,1,0.754836,0.783002,0.851159,0.852769,0.791354,0.795223,0.870742,0.580883,0.75534,0.659559,0.681467,0.460258,0.590774,0.44757,0.735225,0.788807,0.806387,0.655415,0.63073,0.386228,0.755123,0.837928,0.73628,0.60267,0.696944,0.797767,0.870035,0.87624,0.781328,0.805146,0.663955,0.737318,0.453766,0.739513,0.825482,0.825423,0.78141,0.837833,0.855257,0.750456,0.849594,0.90966,0.537137,0.690118,0.731458,0.730001,0.852813,0.853773,0.755513,0.815714,0.869196,0.640909,0.688401,0.78875,0.809384,0.58357,0.359317,0.556291,0.750545,0.746761,0.730221,0.374865,0.405483,0.648781,0.863567,0.835026,0.470019,0.720915
0.783642,0.647015,0.8005,0.709004,0.704187,0.640687,0.564551,0.571569,0.722791,0.694565,0.738908,0.749155,0.703505,0.635277,0.674755,0.672254,0.754836,1,0.668883,0.79289,0.771105,0.746388,0.709798,0.83643,0.441846,0.619794,0.668977,0.690499,0.491072,0.548397,0.382124,0.720918,0.67874,0.741064,0.54868,0.52308,0.287966,0.583454,0.712718,0.617279,0.455071,0.59821,0.788181,0.80562,0.793448,0.679364,0.773013,0.638134,0.63447,0.391352,0.669044,0.571399,0.666759,0.617341,0.6077,0.796938,0.682911,0.697191,0.725109,0.568748,0.639798,0.680435,0.639465,0.65824,0.767228,0.613094,0.77615,0.876529,0.538646,0.771479,0.762058,0.70423,0.510955,0.2922,0.565017,0.678536,0.66974,0.741091,0.367276,0.524963,0.684095,0.725492,0.709587,0.366234,0.48771
0.825042,0.699028,0.802454,0.614418,0.699978,0.728984,0.554484,0.581444,0.777719,0.750209,0.604303,0.641135,0.730023,0.731342,0.737631,0.718318,0.783002,0.668883,1,0.805917,0.869483,0.709631,0.827608,0.859119,0.601855,0.640628,0.8012,0.735098,0.331645,0.650514,0.512827,0.656003,0.765431,0.812035,0.67106,0.591753,0.244651,0.679104,0.853201,0.791834,0.473574,0.687795,0.777118,0.798669,0.75745,0.631615,0.680918,0.616338,0.755998,0.411035,0.795758,0.65397,0.626359,0.653986,0.695319,0.782882,0.704385,0.787612,0.736418,0.438502,0.527094,0.804805,0.857277,0.894366,0.885196,0.705375,0.732023,0.820387,0.448319,0.715481,0.798627,0.728472,0.567887,0.280098,0.60268,0.710255,0.653785,0.685526,0.253996,0.275242,0.673535,0.8466,0.861716,0.471287,0.682486
0.885934,0.741022,0.831809,0.6624,0.724918,0.723252,0.58256,0.636996,0.77501,0.741726,0.656181,0.784682,0.823103,0.774295,0.705009,0.781267,0.851159,0.79289,0.805917,1,0.937414,0.817544,0.790815,0.867254,0.565126,0.712505,0.818623,0.697197,0.576146,0.645814,0.408115,0.77682,0.821733,0.890043,0.657891,0.397969,0.424072,0.735472,0.912572,0.85936,0.425733,0.747066,0.771609,0.883628,0.838755,0.691396,0.809096,0.689536,0.800314,0.4094,0.782493,0.683986,0.724387,0.801727,0.759288,0.866294,0.719875,0.86773,0.820296,0.625286,0.620642,0.757863,0.781743,0.864752,0.910403,0.722011,0.845603,0.86046,0.461141,0.720503,0.87146,0.732134,0.583551,0.3991,0.632779,0.808821,0.818701,0.746342,0.361394,0.378562,0.705389,0.918289,0.882343,0.436712,0.724109
0.875071,0.752402,0.81857,0.614296,0.710136,0.677294,0.622586,0.647976,0.77294,0.743451,0.643374,0.77325,0.853306,0.785564,0.686549,0.777407,0.852769,0.771105,0.869483,0.937414,1,0.803286,0.848849,0.856022,0.642647,0.746272,0.838435,0.725492,0.430471,0.659714,0.419401,0.748127,0.850774,0.861587,0.702076,0.501085,0.407878,0.791045,0.912811,0.865545,0.483522,0.777564,0.755483,0.892657,0.805909,0.643278,0.792908,0.692904,0.844849,0.368653,0.785466,0.673245,0.682983,0.8097,0.765082,0.867692,0.719171,0.840558,0.792553,0.534636,0.57728,0.815447,0.815911,0.901828,0.933365,0.744814,0.826571,0.866759,0.458831,0.728769,0.86437,0.744229,0.571852,0.323171,0.611004,0.822859,0.799052,0.745862,0.313363,0.396587,0.694635,0.910462,0.891588,0.532335,0.741836
0.806349,0.719675,0.790914,0.658828,0.665895,0.753903,0.4809,0.534654,0.700287,0.652358,0.656022,0.7085,0.693996,0.72437,0.608203,0.663715,0.791354,0.746388,0.709631,0.817544,0.803286,1,0.652995,0.816165,0.532287,0.661639,0.667046,0.604051,0.573912,0.701423,0.423867,0.764015,0.742999,0.782438,0.585157,0.483684,0.351946,0.555071,0.765765,0.666362,0.581359,0.729284,0.781682,0.739303,0.76861,0.71733,0.695064,0.69082,0.700077,0.209821,0.706815,0.660168,0.67559,0.625002,0.670225,0.77822,0.741868,0.696762,0.747278,0.604971,0.606181,0.594358,0.649312,0.747882,0.843554,0.685065,0.791296,0.806607,0.55661,0.674028,0.739739,0.738161,0.489951,0.250595,0.559845,0.75964,0.617845,0.711108,0.349355,0.352071,0.634618,0.800066,0.760687,0.294453,0.539227
0.832927,0.644282,0.808892,0.722631,0.794282,0.665568,0.617041,0.568745,0.728925,0.724836,0.66734,0.724032,0.795312,0.718429,0.708041,0.694649,0.795223,0.709798,0.827608,0.790815,0.848849,0.652995,1,0.858464,0.556452,0.751406,0.803717,0.644935,0.373619,0.577091,0.394673,0.698528,0.783545,0.80224,0.785893,0.515769,0.407132,0.717805,0.85069,0.792345,0.395305,0.662277,0.779416,0.810229,0.810288,0.650356,0.769726,0.664408,0.730209,0.419463,0.734899,0.684811,0.675567,0.72771,0.671781,0.80987,0.715727,0.774798,0.767666,0.384415,0.664924,0.751162,0.788055,0.824851,0.834114,0.68297,0.785453,0.851417,0.427406,0.654992,0.810696,0.750007,0.584411,0.383733,0.506814,0.738372,0.749649,0.67097,0.358392,0.271174,0.71711,0.777037,0.787846,0.584295,0.725193
0.890548,0.738739,0.878013,0.790321,0.790158,0.832612,0.546273,0.571116,0.800192,0.846071,0.82028,0.826219,0.800832,0.756221,0.782007,0.710599,0.870742,0.83643,0.859119,0.867254,0.856022,0.816165,0.858464,1,0.621072,0.740476,0.740235,0.714841,0.51878,0.609669,0.475808,0.781267,0.781719,0.861413,0.714735,0.533757,0.323737,0.703942,0.870333,0.746345,0.45614,0.670685,0.883532,0.871187,0.889671,0.821502,0.832065,0.789656,0.761267,0.439114,0.78853,0.74133,0.811963,0.758474,0.777926,0.861983,0.850498,0.812411,0.857519,0.606057,0.746916,0.764714,0.784453,0.866405,0.890987,0.751184,0.850278,0.960275,0.636133,0.763175,0.850724,0.830564,0.596422,0.408037,0.665435,0.793814,0.778728,0.818646,0.313272,0.352581,0.711212,0.861018,0.87374,0.487773,0.681148
0.49131,0.566571,0.461154,0.28878,0.325058,0.560338,0.242828,0.287236,0.334893,0.636336,0.493556,0.503006,0.559032,0.561803,0.618224,0.405732,0.580883,0.441846,0.601855,0.565126,0.642647,0.532287,0.556452,0.621072,1,0.468555,0.407529,0.418601,0.0198572,0.411258,0.277584,0.417636,0.520075,0.502071,0.456051,0.313297,0.316972,0.536782,0.566373,0.468765,0.38563,0.440722,0.376338,0.427293,0.447978,0.488192,0.511246,0.69312,0.649406,0.201765,0.485835,0.590589,0.45282,0.55102,0.645456,0.480581,0.487912,0.520157,0.545182,0.279465,0.388188,0.499854,0.554965,0.635939,0.608629,0.473115,0.643761,0.624347,0.521357,0.277855,0.565288,0.543332,0.0880252,0.317123,0.326575,0.483686,0.509735,0.649068,0.202024,0.170406,0.276909,0.678255,0.512731,0.262137,0.505921
0.765924,0.533061,0.753515,0.565124,0.608576,0.531481,0.392947,0.463227,0.66223,0.610051,0.637972,0.697251,0.729908,0.567716,0.552207,0.456971,0.75534,0.619794,0.640628,0.712505,0.746272,0.661639,0.751406,0.740476,0.468555,1,0.616707,0.496914,0.304229,0.486991,0.343246,0.595291,0.688914,0.745159,0.722264,0.421163,0.439625,0.648453,0.77225,0.737247,0.326297,0.65941,0.700186,0.668291,0.72603,0.563384,0.696413,0.701672,0.608518,0.327171,0.631786,0.613139,0.658349,0.68725,0.672877,0.762688,0.663912,0.547772,0.717861,0.466469,0.493878,0.626915,0.619566,0.697502,0.726553,0.600393,0.632529,0.722557,0.552055,0.705251,0.689991,0.572807,0.445836,0.258672,0.71846,0.822597,0.753493,0.699311,0.166215,0.386338,0.562595,0.760398,0.671123,0.520526,0.595247
0.795554,0.495102,0.758087,0.562457,0.695091,0.591636,0.609006,0.646742,0.746161,0.527398,0.440375,0.619326,0.647168,0.5643,0.635233,0.672875,0.659559,0.668977,0.8012,0.818623,0.838435,0.667046,0.803717,0.740235,0.407529,0.616707,1,0.651617,0.421166,0.596292,0.400659,0.599416,0.722052,0.762501,0.681123,0.443477,0.341381,0.582296,0.746237,0.784151,0.349117,0.667153,0.741956,0.765968,0.716839,0.50838,0.599491,0.546537,0.790236,0.246221,0.720048,0.49834,0.446914,0.668708,0.523436,0.731021,0.574913,0.707247,0.614015,0.268691,0.458727,0.715919,0.712436,0.771461,0.828579,0.667755,0.781912,0.700071,0.283441,0.667139,0.835322,0.685473,0.573984,0.162744,0.500183,0.605416,0.670166,0.529525,0.273139,0.314933,0.654455,0.730324,0.741423,0.434274,0.683486
0.78209,0.62198,0.730228,0.585629,0.547741,0.566985,0.462455,0.528603,0.661487,0.627697,0.442455,0.476067,0.593566,0.575599,0.564453,0.596033,0.681467,0.690499,0.735098,0.697197,0.725492,0.604051,0.644935,0.714841,0.418601,0.496914,0.651617,1,0.360248,0.628331,0.342117,0.554455,0.752692,0.79119,0.583591,0.346954,0.126256,0.66084,0.698139,0.629969,0.434382,0.675757,0.686656,0.795523,0.715321,0.531579,0.678826,0.540755,0.623468,0.421556,0.613418,0.444073,0.475987,0.560554,0.491063,0.779797,0.48308,0.723295,0.65639,0.383817,0.545988,0.670822,0.586258,0.740386,0.685651,0.365417,0.574097,0.770597,0.34358,0.735201,0.734037,0.633881,0.602954,0.305443,0.574055,0.616061,0.648285,0.623002,0.365111,0.37185,0.585526,0.65322,0.740337,0.392618,0.524205
0.57421,0.365751,0.565119,0.625604,0.5506,0.519974,0.448287,0.336629,0.55084,0.362932,0.499836,0.523756,0.470469,0.403482,0.379667,0.412069,0.460258,0.491072,0.331645,0.576146,0.430471,0.573912,0.373619,0.51878,0.0198572,0.304229,0.421166,0.360248,1,0.483936,0.238712,0.516395,0.481475,0.54617,0.419517,0.162776,0.219119,0.30545,0.515494,0.512961,0.117453,0.409927,0.640302,0.546769,0.610594,0.558467,0.533872,0.334934,0.372541,0.197102,0.525125,0.436819,0.52834,0.438344,0.420003,0.502257,0.454454,0.445784,0.461323,0.533209,0.481712,0.388658,0.42499,0.379129,0.490101,0.339002,0.510876,0.519761,0.266354,0.513111,0.448827,0.394165,0.661128,0.236162,0.269644,0.488611,0.507118,0.348357,0.370491,0.157157,0.499574,0.466505,0.590851,0.326237,0.311347
0.705396,0.640825,0.65064,0.517913,0.495055,0.625077,0.463346,0.449313,0.642259,0.448425,0.35809,0.490328,0.57981,0.610628,0.572233,0.54831,0.590774,0.548397,0.650514,0.645814,0.659714,0.701423,0.577091,0.609669,0.411258,0.486991,0.596292,0.628331,0.483936,1,0.569179,0.610466,0.728761,0.684421,0.547903,0.333711,0.291413,0.492686,0.665373,0.645802,0.42418,0.642464,0.631094,0.618478,0.599547,0.450913,0.570547,0.495889,0.493064,0.0827606,0.578567,0.566961,0.483074,0.539707,0.60957,0.612183,0.565631,0.600916,0.626159,0.326468,0.342782,0.540341,0.669315,0.616843,0.723015,0.386168,0.540086,0.657565,0.33046,0.60314,0.585961,0.621318,0.434602,0.178645,0.438019,0.549849,0.401805,0.478901,0.49934,0.309222,0.631039,0.672928,0.657334,0.26782,0.403048
0.480334,0.427765,0.466888,0.387525,0.345047,0.440803,0.16625,0.267779,0.502199,0.287825,0.25902,0.333376,0.395809,0.418935,0.481962,0.34474,0.44757,0.382124,0.512827,0.408115,0.419401,0.423867,0.394673,0.475808,0.277584,0.343246,0.400659,0.342117,0.238712,0.569179,1,0.446612,0.463087,0.392973,0.447493,0.391805,0.167172,0.378617,0.491428,0.450196,0.419761,0.409647,0.489603,0.417874,0.469615,0.398806,0.38991,0.245167,0.257878,0.141566,0.439257,0.415899,0.415732,0.326375,0.445054,0.389288,0.466553,0.425581,0.514089,0.345336,0.308998,0.498912,0.50212,0.448602,0.453232,0.289118,0.323239,0.450449,0.344073,0.497487,0.47426,0.454544,0.314304,0.240247,0.362063,0.268716,0.177018,0.329538,0.188393,0.261628,0.603724,0.515275,0.399668,0.187275,0.372704
0.742095,0.740787,0.687845,0.614284,0.659533,0.705531,0.438551,0.48231,0.597338,0.575432,0.607101,0.679969,0.647907,0.791457,0.612638,0.708261,0.735225,0.720918,0.656003,0.77682,0.748127,0.764015,0.698528,0.781267,0.417636,0.595291,0.599416,0.554455,0.516395,0.610466,0.446612,1,0.781435,0.741231,0.592771,0.365915,0.397534,0.53956,0.761016,0.595378,0.422999,0.595479,0.677084,0.774966,0.712973,0.665754,0.621343,0.564549,0.5755,0.129982,0.674425,0.616674,0.693915,0.586852,0.617895,0.709729,0.7302,0.744903,0.760509,0.521173,0.599163,0.575754,0.555731,0.691855,0.727571,0.63204,0.66546,0.737186,0.33112,0.568701,0.592854,0.736188,0.52122,0.282116,0.464656,0.726857,0.50684,0.657222,0.343699,0.237243,0.643174,0.714229,0.688998,0.252307,0.43465
0.864315,0.681043,0.818381,0.633715,0.683096,0.603641,0.50481,0.495361,0.696547,0.570206,0.521855,0.688905,0.701557,0.706756,0.570297,0.636195,0.788807,0.67874,0.765431,0.821733,0.850774,0.742999,0.783545,0.781719,0.520075,0.688914,0.722052,0.752692,0.481475,0.728761,0.463087,0.781435,1,0.844676,0.712656,0.416458,0.394057,0.695176,0.870258,0.773179,0.470075,0.771247,0.750236,0.838833,0.818558,0.665323,0.726655,0.589151,0.665662,0.241995,0.692428,0.575951,0.605326,0.683065,0.673165,0.79119,0.615842,0.775556,0.788973,0.437368,0.520029,0.732284,0.695694,0.814685,0.818661,0.609356,0.71061,0.801782,0.410684,0.706798,0.756242,0.787338,0.632702,0.294188,0.602517,0.752423,0.675333,0.670659,0.525364,0.363292,0.698904,0.836531,0.789024,0.407616,0.659825
0.933163,0.72272,0.877771,0.709796,0.771953,0.79843,0.577063,0.569792,0.818662,0.674437,0.610473,0.742414,0.742802,0.734033,0.721882,0.67086,0.806387,0.741064,0.812035,0.890043,0.861587,0.782438,0.80224,0.861413,0.502071,0.745159,0.762501,0.79119,0.54617,0.684421,0.392973,0.741231,0.844676,1,0.755844,0.371106,0.327548,0.773678,0.90164,0.81325,0.437943,0.781352,0.845338,0.892664,0.875093,0.726908,0.843242,0.68285,0.740558,0.367768,0.753287,0.598463,0.690229,0.749844,0.682631,0.88688,0.74342,0.789351,0.810049,0.540337,0.591891,0.792145,0.738687,0.847674,0.840739,0.609504,0.740806,0.85705,0.439459,0.75527,0.85699,0.707186,0.609299,0.418759,0.728586,0.834197,0.830312,0.704751,0.336044,0.372138,0.763023,0.86862,0.880377,0.49636,0.633502
0.765641,0.498245,0.71771,0.603994,0.613989,0.635701,0.415949,0.418138,0.697384,0.452462,0.487221,0.538145,0.616652,0.596122,0.640336,0.478356,0.655415,0.54868,0.67106,0.657891,0.702076,0.585157,0.785893,0.714735,0.456051,0.722264,0.681123,0.583591,0.419517,0.547903,0.447493,0.592771,0.712656,0.755844,1,0.332254,0.362317,0.732351,0.762932,0.708913,0.330726,0.650127,0.71073,0.691703,0.723283,0.533454,0.63909,0.502491,0.614353,0.274669,0.631582,0.490166,0.52206,0.579801,0.488214,0.724254,0.592703,0.565477,0.606371,0.330056,0.440258,0.66235,0.672159,0.739162,0.679535,0.463337,0.61652,0.693001,0.363928,0.620453,0.707088,0.56989,0.664591,0.470742,0.562737,0.649689,0.692367,0.463529,0.224608,0.407177,0.627074,0.67423,0.715086,0.602673,0.593289
0.502547,0.376357,0.64158,0.520145,0.415165,0.349888,0.234795,0.357408,0.397616,0.535611,0.569021,0.587186,0.532559,0.397018,0.382416,0.41405,0.63073,0.52308,0.591753,0.397969,0.501085,0.483684,0.515769,0.533757,0.313297,0.421163,0.443477,0.346954,0.162776,0.333711,0.391805,0.365915,0.416458,0.371106,0.332254,1,0.136892,0.430453,0.422448,0.360086,0.575447,0.376248,0.637068,0.500302,0.582693,0.563208,0.436835,0.301854,0.396432,0.268843,0.512601,0.501878,0.478971,0.308719,0.453007,0.454607,0.508987,0.4211,0.559174,0.201862,0.385109,0.512817,0.523843,0.543076,0.560091,0.623248,0.562147,0.507556,0.539714,0.44767,0.467484,0.562279,0.395767,0.10854,0.256594,0.31241,0.247074,0.411622,0.164194,0.310006,0.474178,0.46105,0.465689,0.344966,0.481672
0.320384,0.193563,0.351673,0.204116,0.195303,0.304276,0.251387,0.152311,0.34471,0.289173,0.292966,0.386848,0.422913,0.242689,0.341415,0.178047,0.386228,0.287966,0.244651,0.424072,0.407878,0.351946,0.407132,0.323737,0.316972,0.439625,0.341381,0.126256,0.219119,0.291413,0.167172,0.397534,0.394057,0.327548,0.362317,0.136892,1,0.28485,0.328958,0.359958,0.223198,0.252684,0.232969,0.264144,0.355843,0.157666,0.289417,0.363493,0.261149,-0.0385301,0.101494,0.478566,0.394237,0.475086,0.413545,0.256285,0.274879,0.253319,0.44006,0.236393,0.213133,0.193392,0.336308,0.289263,0.374236,0.330506,0.439476,0.306921,0.174766,0.214409,0.338942,0.434094,0.183773,0.0445595,0.223273,0.37493,0.316842,0.230909,0.110561,0.181054,0.265728,0.418964,0.285352,0.274276,0.282017
0.741679,0.606743,0.695239,0.539654,0.531862,0.576864,0.412964,0.348663,0.669665,0.651359,0.518475,0.625647,0.731246,0.605366,0.650882,0.479837,0.755123,0.583454,0.679104,0.735472,0.791045,0.555071,0.717805,0.703942,0.536782,0.648453,0.582296,0.66084,0.30545,0.492686,0.378617,0.53956,0.695176,0.773678,0.732351,0.430453,0.28485,1,0.775229,0.770085,0.490514,0.715228,0.646359,0.798892,0.735295,0.58136,0.740583,0.470745,0.667002,0.511604,0.58853,0.548606,0.611515,0.687304,0.652997,0.774187,0.622172,0.633862,0.724019,0.433959,0.400951,0.736403,0.668134,0.752064,0.66863,0.506689,0.639097,0.725637,0.415159,0.609557,0.72466,0.615822,0.525473,0.47754,0.657309,0.651385,0.750848,0.519129,0.117297,0.447699,0.705898,0.736766,0.768431,0.636129,0.65439
0.924202,0.732486,0.856216,0.723386,0.763462,0.711992,0.532146,0.607393,0.790173,0.698249,0.648379,0.73433,0.801776,0.791084,0.692243,0.742758,0.837928,0.712718,0.853201,0.912572,0.912811,0.765765,0.85069,0.870333,0.566373,0.77225,0.746237,0.698139,0.515494,0.665373,0.491428,0.761016,0.870258,0.90164,0.762932,0.422448,0.328958,0.775229,1,0.891045,0.435375,0.794362,0.797152,0.878802,0.870161,0.737503,0.845686,0.652694,0.718809,0.467141,0.797912,0.653959,0.731833,0.724212,0.730539,0.862004,0.725312,0.818605,0.809938,0.64005,0.592572,0.792072,0.822831,0.910583,0.876879,0.657465,0.73678,0.854793,0.482384,0.728814,0.857042,0.695082,0.655369,0.492872,0.685991,0.842047,0.816679,0.757538,0.399569,0.355291,0.75808,0.917776,0.889137,0.547087,0.728448
0.840717,0.610498,0.764688,0.581811,0.664644,0.615272,0.570012,0.49788,0.80978,0.628535,0.491961,0.608403,0.752813,0.641077,0.702846,0.612287,0.73628,0.617279,0.791834,0.85936,0.865545,0.666362,0.792345,0.746345,0.468765,0.737247,0.784151,0.629969,0.512961,0.645802,0.450196,0.595378,0.773179,0.81325,0.708913,0.360086,0.359958,0.770085,0.891045,1,0.329031,0.749323,0.721486,0.785083,0.745987,0.544501,0.753137,0.548132,0.732331,0.46887,0.757874,0.601317,0.573323,0.704887,0.714686,0.795882,0.610784,0.701884,0.682785,0.507214,0.414086,0.743037,0.816764,0.773055,0.817268,0.581471,0.711098,0.750633,0.357979,0.727238,0.809609,0.624343,0.616706,0.37031,0.680011,0.766925,0.815266,0.653278,0.336943,0.343831,0.747945,0.85094,0.82901,0.572652,0.746253
0.509022,0.530873,0.487791,0.370724,0.237784,0.406097,0.23881,0.19655,0.324592,0.406334,0.345748,0.410333,0.364514,0.488308,0.373719,0.420928,0.60267,0.455071,0.473574,0.425733,0.483522,0.581359,0.395305,0.45614,0.38563,0.326297,0.349117,0.434382,0.117453,0.42418,0.419761,0.422999,0.470075,0.437943,0.330726,0.575447,0.223198,0.490514,0.435375,0.329031,1,0.426933,0.507023,0.491276,0.498739,0.476089,0.373375,0.216561,0.432435,0.153905,0.433257,0.374194,0.346708,0.252912,0.345372,0.53603,0.559032,0.512394,0.514044,0.210898,0.328808,0.491639,0.371072,0.465147,0.425299,0.513399,0.500875,0.46391,0.490165,0.412663,0.470888,0.575478,0.240672,0.198341,0.247182,0.270224,0.254022,0.317932,0.111993,0.421618,0.401371,0.441202,0.398573,0.0413935,0.389739
0.755563,0.521011,0.751922,0.565573,0.600402,0.49615,0.480542,0.467585,0.717846,0.501178,0.41896,0.535864,0.640662,0.549715,0.496479,0.513383,0.696944,0.59821,0.687795,0.747066,0.777564,0.729284,0.662277,0.670685,0.440722,0.65941,0.667153,0.675757,0.409927,0.642464,0.409647,0.595479,0.771247,0.781352,0.650127,0.376248,0.252684,0.715228,0.794362,0.749323,0.426933,1,0.658568,0.741474,0.736317,0.621719,0.620981,0.472727,0.588014,0.370026,0.555148,0.51148,0.568771,0.574143,0.548602,0.720418,0.476996,0.611966,0.692431,0.458623,0.392659,0.551192,0.645499,0.704904,0.69348,0.401911,0.629277,0.68555,0.314941,0.719569,0.764037,0.561886,0.538377,0.161419,0.621147,0.661342,0.6356,0.5487,0.302738,0.327662,0.694298,0.716164,0.720658,0.49547,0.606777
0.912892,0.604012,0.928547,0.852999,0.775278,0.777982,0.544516,0.54182,0.775105,0.652395,0.720898,0.781001,0.686918,0.639668,0.705229,0.61106,0.797767,0.788181,0.777118,0.771609,0.755483,0.781682,0.779416,0.883532,0.376338,0.700186,0.741956,0.686656,0.640302,0.631094,0.489603,0.677084,0.750236,0.845338,0.71073,0.637068,0.232969,0.646359,0.797152,0.721486,0.507023,0.658568,1,0.853224,0.925347,0.838767,0.818168,0.647328,0.653232,0.346411,0.800162,0.602535,0.692476,0.621039,0.613932,0.833282,0.831331,0.694664,0.761464,0.52799,0.637515,0.780065,0.728285,0.772812,0.804167,0.696262,0.774834,0.850323,0.594519,0.796165,0.802301,0.753561,0.737041,0.349759,0.62465,0.696965,0.70718,0.661895,0.330252,0.413906,0.772824,0.750998,0.8121,0.503881,0.601836
0.92208,0.765194,0.876735,0.765963,0.776704,0.705597,0.587583,0.645115,0.776676,0.707693,0.668859,0.812224,0.819783,0.786533,0.633584,0.779894,0.870035,0.80562,0.798669,0.883628,0.892657,0.739303,0.810229,0.871187,0.427293,0.668291,0.765968,0.795523,0.546769,0.618478,0.417874,0.774966,0.838833,0.892664,0.691703,0.500302,0.264144,0.798892,0.878802,0.785083,0.491276,0.741474,0.853224,1,0.895846,0.754642,0.862466,0.633325,0.718709,0.433877,0.739261,0.628816,0.740805,0.764574,0.698322,0.912788,0.759498,0.864838,0.824687,0.550398,0.663554,0.795677,0.716548,0.866247,0.849467,0.697749,0.760289,0.873877,0.421054,0.777055,0.829888,0.765333,0.696272,0.386551,0.63734,0.758956,0.793233,0.662043,0.364403,0.424371,0.786013,0.816083,0.885935,0.572544,0.663582
0.932772,0.608406,0.964424,0.89523,0.790459,0.71018,0.468399,0.580637,0.77555,0.694374,0.754951,0.851529,0.783967,0.651776,0.656108,0.62342,0.87624,0.793448,0.75745,0.838755,0.805909,0.76861,0.810288,0.889671,0.447978,0.72603,0.716839,0.715321,0.610594,0.599547,0.469615,0.712973,0.818558,0.875093,0.723283,0.582693,0.355843,0.735295,0.870161,0.745987,0.498739,0.736317,0.925347,0.895846,1,0.873361,0.886052,0.668656,0.625478,0.443413,0.716188,0.685092,0.816502,0.722091,0.694954,0.838703,0.761327,0.756024,0.877569,0.625827,0.692942,0.742737,0.734417,0.835861,0.817209,0.668067,0.782923,0.868772,0.595113,0.755161,0.838123,0.768862,0.721519,0.446873,0.655108,0.740233,0.762393,0.691638,0.396026,0.398056,0.791566,0.820466,0.827644,0.56607,0.673961
0.785324,0.565469,0.835126,0.800317,0.69913,0.70298,0.32508,0.414034,0.55711,0.665156,0.757301,0.793042,0.632327,0.59395,0.56496,0.513625,0.781328,0.679364,0.631615,0.691396,0.643278,0.71733,0.650356,0.821502,0.488192,0.563384,0.50838,0.531579,0.558467,0.450913,0.398806,0.665754,0.665323,0.726908,0.533454,0.563208,0.157666,0.58136,0.737503,0.544501,0.476089,0.621719,0.838767,0.754642,0.873361,1,0.750927,0.624534,0.562235,0.367092,0.669654,0.64264,0.778045,0.571619,0.631954,0.668841,0.74163,0.640836,0.787501,0.578228,0.671893,0.616767,0.549362,0.703433,0.658753,0.626184,0.727636,0.760079,0.642268,0.574203,0.687361,0.699458,0.584687,0.338473,0.507304,0.597655,0.607951,0.680841,0.324557,0.280677,0.618631,0.677229,0.675018,0.4046,0.52706
0.89096,0.704097,0.859173,0.822408,0.767716,0.712099,0.4825,0.631829,0.713827,0.695441,0.706049,0.811461,0.812789,0.71474,0.646805,0.659945,0.805146,0.773013,0.680918,0.809096,0.792908,0.695064,0.769726,0.832065,0.511246,0.696413,0.599491,0.678826,0.533872,0.570547,0.38991,0.621343,0.726655,0.843242,0.63909,0.436835,0.289417,0.740583,0.845686,0.753137,0.373375,0.620981,0.818168,0.862466,0.886052,0.750927,1,0.760705,0.597627,0.483925,0.659475,0.645357,0.754002,0.75957,0.721626,0.844125,0.736727,0.740044,0.788543,0.671813,0.679564,0.736665,0.708005,0.79845,0.802551,0.595714,0.695572,0.868624,0.544175,0.682905,0.80354,0.654054,0.568167,0.599885,0.651446,0.756855,0.834965,0.734717,0.460334,0.398784,0.771905,0.823931,0.807014,0.608004,0.62779
0.698431,0.621643,0.687201,0.59862,0.581579,0.676692,0.343438,0.584325,0.536735,0.684562,0.690076,0.713225,0.70976,0.622296,0.545771,0.517581,0.663955,0.638134,0.616338,0.689536,0.692904,0.69082,0.664408,0.789656,0.69312,0.701672,0.546537,0.540755,0.334934,0.495889,0.245167,0.564549,0.589151,0.68285,0.502491,0.301854,0.363493,0.470745,0.652694,0.548132,0.216561,0.472727,0.647328,0.633325,0.668656,0.624534,0.760705,1,0.623286,0.260235,0.537101,0.679411,0.675653,0.763632,0.716779,0.692001,0.673617,0.602816,0.700649,0.519963,0.691743,0.512929,0.525251,0.710191,0.754556,0.574099,0.70418,0.779453,0.570464,0.532485,0.669479,0.63413,0.260458,0.294798,0.541969,0.702737,0.68058,0.776842,0.276391,0.188732,0.464989,0.734995,0.650367,0.447032,0.504913
0.734222,0.632141,0.656495,0.405568,0.551076,0.6028,0.576557,0.478408,0.595486,0.712403,0.549923,0.649391,0.678656,0.629036,0.687268,0.613335,0.737318,0.63447,0.755998,0.800314,0.844849,0.700077,0.730209,0.761267,0.649406,0.608518,0.790236,0.623468,0.372541,0.493064,0.257878,0.5755,0.665662,0.740558,0.614353,0.396432,0.261149,0.667002,0.718809,0.732331,0.432435,0.588014,0.653232,0.718709,0.625478,0.562235,0.597627,0.623286,1,0.313418,0.7759,0.550046,0.474267,0.712186,0.670316,0.76119,0.640502,0.742584,0.638935,0.312937,0.532912,0.726804,0.664516,0.751466,0.793697,0.680073,0.844237,0.762189,0.467619,0.543188,0.787419,0.713599,0.433939,0.19303,0.435801,0.658823,0.76399,0.676556,0.191568,0.333195,0.449763,0.774623,0.775112,0.338998,0.700124
0.394358,0.341386,0.417665,0.471394,0.375955,0.206737,0.266752,0.273658,0.419203,0.562079,0.478202,0.299761,0.532592,0.352339,0.277091,0.340245,0.453766,0.391352,0.411035,0.4094,0.368653,0.209821,0.419463,0.439114,0.201765,0.327171,0.246221,0.421556,0.197102,0.0827606,0.141566,0.129982,0.241995,0.367768,0.274669,0.268843,-0.0385301,0.511604,0.467141,0.46887,0.153905,0.370026,0.346411,0.433877,0.443413,0.367092,0.483925,0.260235,0.313418,1,0.309827,0.397302,0.461158,0.35642,0.415537,0.507808,0.239135,0.410521,0.4313,0.485618,0.407958,0.35,0.434426,0.437457,0.352287,0.187665,0.320055,0.493016,0.37908,0.398728,0.458774,0.264257,0.359633,0.311737,0.368832,0.356045,0.505204,0.405784,0.17269,0.154569,0.43352,0.400421,0.47159,0.465413,0.465307
0.804251,0.679418,0.722049,0.604328,0.646802,0.681466,0.52146,0.533024,0.629155,0.681716,0.619859,0.653223,0.633669,0.721215,0.715668,0.709133,0.739513,0.669044,0.795758,0.782493,0.785466,0.706815,0.734899,0.78853,0.485835,0.631786,0.720048,0.613418,0.525125,0.578567,0.439257,0.674425,0.692428,0.753287,0.631582,0.512601,0.101494,0.58853,0.797912,0.757874,0.433257,0.555148,0.800162,0.739261,0.716188,0.669654,0.659475,0.537101,0.7759,0.309827,1,0.561285,0.545676,0.549369,0.60078,0.758192,0.755145,0.761312,0.629977,0.46078,0.560962,0.806723,0.750176,0.747371,0.790051,0.691491,0.691663,0.770581,0.519664,0.661859,0.680223,0.61129,0.644134,0.357778,0.435945,0.679437,0.660972,0.743214,0.290777,0.330528,0.547413,0.765422,0.789204,0.257141,0.613793
0.63665,0.644,0.698317,0.622044,0.580243,0.633667,0.35469,0.398744,0.565149,0.811193,0.784312,0.726873,0.860033,0.651991,0.559812,0.563781,0.825482,0.571399,0.65397,0.683986,0.673245,0.660168,0.684811,0.74133,0.590589,0.613139,0.49834,0.444073,0.436819,0.566961,0.415899,0.616674,0.575951,0.598463,0.490166,0.501878,0.478566,0.548606,0.653959,0.601317,0.374194,0.51148,0.602535,0.628816,0.685092,0.64264,0.645357,0.679411,0.550046,0.397302,0.561285,1,0.86059,0.779257,0.860467,0.593866,0.625322,0.660335,0.819097,0.477788,0.613158,0.510429,0.620602,0.674173,0.735141,0.605715,0.689283,0.729357,0.601965,0.480433,0.593673,0.66822,0.385315,0.18713,0.373331,0.624105,0.547716,0.635822,0.314787,0.148541,0.513996,0.7341,0.694903,0.467907,0.569913
0.692744,0.625812,0.758099,0.777352,0.670966,0.641159,0.369689,0.435527,0.647021,0.787147,0.869919,0.846033,0.845178,0.650275,0.525226,0.56506,0.825423,0.666759,0.626359,0.724387,0.682983,0.67559,0.675567,0.811963,0.45282,0.658349,0.446914,0.475987,0.52834,0.483074,0.415732,0.693915,0.605326,0.690229,0.52206,0.478971,0.394237,0.611515,0.731833,0.573323,0.346708,0.568771,0.692476,0.740805,0.816502,0.778045,0.754002,0.675653,0.474267,0.461158,0.545676,0.86059,1,0.765468,0.811923,0.680072,0.731663,0.68074,0.880596,0.697221,0.709312,0.547964,0.627266,0.698645,0.720722,0.628844,0.657612,0.790383,0.622029,0.603271,0.612001,0.634034,0.479663,0.326683,0.52621,0.723041,0.605929,0.654026,0.251266,0.191763,0.62025,0.728087,0.739184,0.521156,0.553333
