1,0.82639,0.889916,0.818924,0.740463,0.624156,0.386643,0.155606,0.281773,0.581666,0.533426,0.598801,0.576122,0.750177,0.467,0.541326,0.781738,0.541892,0.471456,0.724654,0.723355,0.221337,0.538734,0.626645,0.232203,0.562636,0.710547,0.653142,0.252251,0.229105,0.389457,0.278056,0.690877,0.713895,0.242271,0.480599,0.165109,0.314709,0.840735,0.594025,0.329742,0.376683,0.939949,0.789842,0.885908,0.854758,0.613163,0.375658,0.575243,0.351695,0.318018,0.748497,0.830338,0.630246,0.65677,0.857102,0.406383,0.567879,0.555008,-0.0154651,0.442611,0.675512,0.708556,0.642643,0.706436,0.594751,0.544829,0.623468,0.349899,0.732181,0.756434,0.553877,0.239438,0.02328,0.558987,0.551965,0.457806,0.344747,0.177585,0.249271,0.267119,0.850711,0.719745,0.221992,0.264994
0.82639,1,0.763698,0.66075,0.527256,0.589039,0.411788,0.195645,-0.00968927,0.455668,0.432202,0.537572,0.645897,0.746153,0.393817,0.74642,0.79205,0.215493,0.336979,0.538357,0.536668,0.0959847,0.340675,0.368474,0.16458,0.275279,0.583698,0.51339,0.170547,0.0999238,0.212526,0.124078,0.469473,0.465777,0.0435404,0.310019,0.0477154,0.428378,0.76938,0.602395,0.101431,0.215838,0.840476,0.903219,0.640985,0.63391,0.419201,0.265729,0.368311,0.236106,0.228009,0.586514,0.639753,0.558942,0.608937,0.759655,0.107331,0.787296,0.486312,-0.0630721,0.327137,0.511764,0.55647,0.483778,0.462901,0.646633,0.300197,0.391522,0.0285178,0.598857,0.572982,0.52212,0.264468,0.0262242,0.294291,0.413405,0.182226,0.235138,0.0658071,0.13641,0.205083,0.617198,0.699609,0.0132817,0.036443
0.889916,0.763698,1,0.836557,0.682017,0.58964,0.346119,0.335602,0.297151,0.637667,0.63795,0.625129,0.645129,0.656768,0.605618,0.505648,0.840702,0.536514,0.554936,0.772031,0.744539,0.340994,0.64043,0.638577,0.243592,0.567424,0.717277,0.588955,0.284106,0.34206,0.246604,0.500113,0.660998,0.640427,0.33909,0.493782,0.249452,0.185027,0.79873,0.504403,0.318264,0.328797,0.874163,0.747104,0.898804,0.768,0.441497,0.374465,0.547491,0.30003,0.407499,0.630122,0.780715,0.719102,0.686863,0.750739,0.323644,0.576841,0.617664,0.172733,0.484197,0.647723,0.762323,0.736091,0.756542,0.614128,0.59737,0.637135,0.225554,0.606,0.802367,0.54454,0.354938,0.173807,0.39663,0.562017,0.402967,0.346699,0.19561,0.179119,0.33235,0.784238,0.695513,0.145108,0.316122
0.818924,0.66075,0.836557,1,0.690991,0.521211,0.39169,0.292363,0.332837,0.708425,0.794676,0.625448,0.597055,0.569915,0.534816,0.419565,0.729766,0.437634,0.611758,0.672957,0.684228,0.404929,0.523809,0.510636,0.222818,0.57336,0.628022,0.633968,0.150891,0.374621,0.302397,0.377618,0.628379,0.62427,0.208718,0.465168,0.441007,0.053528,0.756841,0.41937,0.312366,0.367258,0.771979,0.678493,0.839051,0.726107,0.393204,0.304103,0.523563,0.462133,0.387239,0.69473,0.852758,0.691818,0.708583,0.751633,0.477793,0.523879,0.654607,0.0662829,0.466541,0.513889,0.754036,0.729908,0.726987,0.494125,0.556205,0.567345,0.204098,0.46064,0.679406,0.440817,0.224921,0.248673,0.517541,0.416807,0.520986,0.421326,0.0981252,0.272521,0.354231,0.721226,0.655545,0.000535225,0.289954
0.740463,0.527256,0.682017,0.690991,1,0.344902,0.215491,0.13718,0.285026,0.562643,0.487578,0.305265,0.317631,0.54824,0.301969,0.254261,0.593149,0.526226,0.287571,0.425575,0.538977,0.173181,0.516446,0.486348,0.169861,0.569502,0.604559,0.4893,-0.00966184,0.167439,0.349763,0.320041,0.589236,0.620241,0.230055,0.495851,0.133375,0.260468,0.588999,0.457524,0.222424,0.325806,0.691823,0.508004,0.731133,0.717885,0.48495,0.19228,0.57936,0.068082,0.223604,0.423951,0.701461,0.447792,0.544717,0.673362,0.352157,0.3984,0.414396,0.195061,0.425099,0.478027,0.593238,0.513486,0.575357,0.322625,0.490042,0.431065,0.337608,0.451182,0.622718,0.385413,0.160102,-0.00217729,0.438442,0.312417,0.344398,0.00304322,-0.0202974,0.29325,0.226674,0.690328,0.544725,0.390704,0.343756
0.624156,0.589039,0.58964,0.521211,0.344902,1,0.444134,0.315851,0.268102,0.487453,0.401726,0.397362,0.439218,0.526393,0.514835,0.324218,0.617132,0.343286,0.444112,0.636383,0.543684,0.457456,0.367528,0.542498,0.121673,0.337569,0.512991,0.464204,0.391179,0.24462,0.377742,0.313871,0.413882,0.446868,-0.120393,0.188186,0.0320987,0.246667,0.610277,0.407471,0.190061,0.359484,0.606264,0.567011,0.569334,0.539859,0.492884,0.360194,0.462516,0.320267,0.575376,0.443836,0.682115,0.541373,0.52013,0.618847,0.119411,0.335519,0.419787,0.0317949,0.438405,0.547307,0.612185,0.538002,0.61741,0.583223,0.365791,0.507991,0.191948,0.528368,0.39119,0.548076,0.111886,0.240067,0.411851,0.633001,0.477924,0.444487,-0.0424923,0.00662779,0.251987,0.660276,0.650723,0.0571773,0.288751
0.386643,0.411788,0.346119,0.39169,0.215491,0.444134,1,0.0484378,0.0968296,0.198538,0.0737862,0.28291,0.343616,0.340415,0.153186,0.317459,0.51414,0.308224,0.227044,0.293354,0.38189,0.410502,0.150147,0.24664,-0.0189223,0.22192,0.346785,0.240187,0.0821581,0.0539552,-0.0143324,0.0486041,0.184753,0.391733,-0.0125644,0.117577,0.237148,0.114397,0.372182,0.245952,0.0944275,0.24268,0.385026,0.382451,0.362651,0.389614,0.387303,0.11944,0.586535,0.300977,0.117766,0.311932,0.35104,0.353506,0.335931,0.447998,0.131783,0.372804,0.341199,0.265752,0.214858,0.213692,0.458325,0.249235,0.396906,0.383442,0.213016,0.226112,-0.0965961,0.343922,0.206268,0.532401,0.158102,0.203064,0.0792124,0.343017,0.1484,0.272031,0.185283,0.0302536,0.0889687,0.383662,0.313253,0.0325489,0.246825
0.155606,0.195645,0.335602,0.292363,0.13718,0.315851,0.0484378,1,0.241832,0.302066,0.364774,0.299595,0.341377,0.0648093,0.404022,0.283582,0.271591,0.177167,0.494827,0.294573,0.418282,0.439256,0.180571,0.431616,0.205715,0.112993,0.293525,0.287837,0.0211128,0.22027,-0.20912,0.210262,0.206142,0.20094,0.207789,-0.022567,0.0755861,-0.0619534,0.214928,-0.0873851,0.257089,0.349047,0.221842,0.078572,0.296105,0.145429,0.0644885,0.334814,0.0787236,0.00838668,0.517501,-0.0120915,0.188001,0.165083,0.266863,0.0513474,-0.0628654,0.24038,0.432418,0.401447,0.242127,0.24902,0.363344,0.262931,0.38528,0.4908,0.096349,0.458711,-0.0164581,0.224067,0.177495,0.301018,0.393256,0.252419,0.132438,0.14184,0.115122,-0.0440872,0.251402,0.199474,0.0097716,0.18915,0.0907984,-0.010429,0.22687
0.281773,-0.00968927,0.297151,0.332837,0.285026,0.268102,0.0968296,0.241832,1,0.299343,0.332996,0.350429,0.279572,0.113612,0.344002,-0.125626,0.196829,0.497385,0.361855,0.248736,0.336908,0.321105,0.395556,0.336354,0.240938,0.373821,0.232239,0.139365,-0.0831222,0.123285,0.143444,0.129771,0.148175,0.265534,0.274159,0.195715,0.220494,-0.103237,0.209932,0.0203062,0.555942,0.173515,0.344172,0.0754507,0.422473,0.346799,0.333388,0.424715,0.401958,0.1363,0.158819,0.143723,0.255088,0.320877,0.321284,0.347422,0.23904,-0.00830041,0.393467,0.269487,0.174988,0.213112,0.314938,0.274033,0.459727,0.0947807,0.193411,0.451691,0.426389,0.198602,0.394565,0.25454,0.0614726,0.332939,0.423993,0.296301,0.367054,0.122661,0.350386,0.198162,0.1721,0.340462,0.0728394,0.110108,0.272626
0.581666,0.455668,0.637667,0.708425,0.562643,0.487453,0.198538,0.302066,0.299343,1,0.751164,0.483125,0.52655,0.343696,0.505949,0.231644,0.604826,0.371149,0.405355,0.422088,0.463566,0.344126,0.420757,0.339663,0.162461,0.371493,0.322665,0.485739,0.292327,0.278211,0.293048,0.22896,0.582117,0.515854,0.0991591,0.369649,0.200315,0.0236992,0.572398,0.278681,0.272941,0.274274,0.562122,0.481647,0.644952,0.571678,0.263629,0.0328547,0.389579,0.277489,0.327371,0.463209,0.713585,0.454356,0.504533,0.505353,0.303451,0.337566,0.547654,0.0579076,0.485732,0.359904,0.533683,0.446386,0.525651,0.38315,0.398557,0.333912,0.0387641,0.313128,0.44463,0.355692,0.159821,0.232983,0.465598,0.405821,0.506272,0.322451,-0.0516849,0.3124,0.0714882,0.530971,0.426712,0.0354738,0.100248
0.533426,0.432202,0.63795,0.794676,0.487578,0.401726,0.0737862,0.364774,0.332996,0.751164,1,0.540387,0.567952,0.254391,0.606083,0.232675,0.469312,0.122835,0.561306,0.433579,0.506827,0.405629,0.432012,0.30612,0.0490796,0.437776,0.322787,0.376531,0.101761,0.462771,0.280123,0.288625,0.490856,0.366181,0.08116,0.37439,0.434106,-0.0818255,0.643319,0.224552,0.196397,0.285552,0.505421,0.512715,0.587035,0.396632,0.0437773,0.153803,0.199878,0.313058,0.298655,0.409399,0.629149,0.579674,0.594044,0.508363,0.313968,0.384174,0.563653,-0.105876,0.33992,0.251624,0.549748,0.628108,0.508333,0.264266,0.308134,0.379191,0.0731722,0.225802,0.479939,0.300941,0.104252,0.394895,0.466702,0.256026,0.471128,0.307325,0.0293049,0.293947,0.350899,0.517329,0.467299,-0.0919393,0.205443
0.598801,0.537572,0.625129,0.625448,0.305265,0.397362,0.28291,0.299595,0.350429,0.483125,0.540387,1,0.837837,0.377695,0.438172,0.555348,0.631772,0.335595,0.645916,0.501901,0.621967,0.234379,0.333973,0.460023,0.213136,0.276432,0.464042,0.408332,0.3016,0.109374,-0.0138935,-0.00980421,0.516503,0.512566,0.27807,0.13796,0.313458,-0.0105079,0.662204,0.365496,0.323466,0.370165,0.580524,0.567399,0.686758,0.476939,0.397566,0.48981,0.200071,0.405542,0.195226,0.60936,0.509058,0.675559,0.721676,0.512769,0.340224,0.575152,0.737037,0.153175,0.254187,0.375973,0.689033,0.483893,0.634006,0.479975,0.122161,0.46896,0.145708,0.339379,0.599783,0.522197,0.223685,0.216956,0.32328,0.402269,0.508859,0.582738,0.511977,0.4123,0.369208,0.510119,0.34373,0.121107,0.251335
0.576122,0.645897,0.645129,0.597055,0.317631,0.439218,0.343616,0.341377,0.279572,0.52655,0.567952,0.837837,1,0.469534,0.462298,0.705227,0.75434,0.279703,0.588045,0.472321,0.670234,0.314979,0.450505,0.471549,0.289102,0.203135,0.477989,0.436051,0.310376,0.0663246,-0.00487958,0.0678084,0.488598,0.470969,0.306629,0.261344,0.363571,0.208359,0.685946,0.449947,0.283775,0.317346,0.650966,0.641854,0.639869,0.451497,0.313656,0.322961,0.154062,0.317282,0.203185,0.545225,0.50984,0.696884,0.76594,0.517725,0.264982,0.733815,0.801057,0.134077,0.420965,0.377069,0.670722,0.511372,0.58517,0.596587,0.214802,0.518309,0.0879671,0.438683,0.645019,0.493708,0.363632,0.336969,0.208504,0.539367,0.408381,0.488942,0.426309,0.350338,0.304163,0.466891,0.404745,0.110935,0.25724
0.750177,0.746153,0.656768,0.569915,0.54824,0.526393,0.340415,0.0648093,0.113612,0.343696,0.254391,0.377695,0.469534,1,0.335584,0.634738,0.659943,0.436564,0.204945,0.591316,0.492078,0.153951,0.510136,0.480659,0.421375,0.333385,0.726837,0.479709,0.150826,0.17301,0.263606,0.210184,0.462897,0.479286,0.105487,0.479505,0.168213,0.495267,0.63533,0.679748,0.131719,0.249046,0.80085,0.753965,0.645532,0.638327,0.649479,0.396223,0.41139,0.237934,0.353505,0.616145,0.597138,0.522101,0.473062,0.779421,0.410295,0.628237,0.411563,-0.0875424,0.307335,0.633973,0.466601,0.558202,0.539319,0.506588,0.563042,0.505803,0.290857,0.623002,0.655266,0.491989,0.10057,0.023869,0.314738,0.504509,0.249857,0.291201,0.176364,0.329302,0.179513,0.672096,0.644096,0.30145,0.0897398
0.467,0.393817,0.605618,0.534816,0.301969,0.514835,0.153186,0.404022,0.344002,0.505949,0.606083,0.438172,0.462298,0.335584,1,0.233688,0.431973,0.257028,0.473944,0.517468,0.40692,0.399084,0.367904,0.49535,0.223508,0.320373,0.510054,0.139127,0.325301,0.33668,0.248371,0.37513,0.427703,0.386291,0.146483,0.428906,0.265823,0.0696749,0.513474,0.127862,0.252485,0.401627,0.506003,0.448868,0.559828,0.301006,0.217353,0.299737,0.240393,0.29302,0.414831,0.286792,0.503434,0.471697,0.435955,0.519648,0.234759,0.255097,0.470044,0.0298853,0.158046,0.338869,0.539477,0.590713,0.520731,0.404145,0.379656,0.509158,0.0706965,0.239159,0.598333,0.419179,0.114935,0.318941,0.402746,0.419118,0.422455,0.355034,0.0354951,0.203283,0.191311,0.49966,0.478947,0.0614197,0.201093
0.541326,0.74642,0.505648,0.419565,0.254261,0.324218,0.317459,0.283582,-0.125626,0.231644,0.232675,0.555348,0.705227,0.634738,0.233688,1,0.632252,0.115267,0.37226,0.362318,0.52094,0.135738,0.183702,0.383494,0.242938,0.0517395,0.549088,0.4386,0.243631,0.082923,-0.128133,-0.0430342,0.435228,0.36683,0.204304,0.202932,0.217161,0.306514,0.554512,0.472211,0.1667,0.364946,0.615641,0.648383,0.442525,0.422572,0.362911,0.295873,0.0489876,0.138943,0.207171,0.559531,0.357628,0.450298,0.549126,0.44477,0.103176,0.883322,0.552919,-0.0648569,0.264343,0.378813,0.38775,0.344897,0.398646,0.667889,0.140666,0.461834,-0.0144233,0.521937,0.486576,0.456216,0.278777,0.152493,0.054062,0.258219,0.0829706,0.28507,0.398398,0.36325,0.0653907,0.372725,0.416809,0.0628297,0.0809451
0.781738,0.79205,0.840702,0.729766,0.593149,0.617132,0.51414,0.271591,0.196829,0.604826,0.469312,0.631772,0.75434,0.659943,0.431973,0.632252,1,0.524741,0.493506,0.692924,0.72659,0.309665,0.560413,0.609265,0.215836,0.413713,0.656522,0.636588,0.397663,0.158565,0.158562,0.347604,0.648938,0.697558,0.306258,0.339877,0.154781,0.316655,0.739762,0.540105,0.309184,0.299801,0.837795,0.746003,0.823897,0.694605,0.480223,0.341592,0.539046,0.227427,0.318296,0.630303,0.756208,0.701314,0.76086,0.721444,0.31984,0.666431,0.620221,0.288025,0.569275,0.588954,0.734246,0.608357,0.70495,0.675669,0.516471,0.612639,0.131935,0.561435,0.667407,0.55308,0.489051,0.109005,0.315339,0.644923,0.448838,0.409259,0.222027,0.115738,0.207713,0.681181,0.688904,0.203004,0.276789
0.541892,0.215493,0.536514,0.437634,0.526226,0.343286,0.308224,0.177167,0.497385,0.371149,0.122835,0.335595,0.279703,0.436564,0.257028,0.115267,0.524741,1,0.314618,0.499487,0.51709,0.323292,0.579785,0.696121,0.427259,0.51387,0.578555,0.475389,0.213336,0.131027,0.0886507,0.342167,0.474731,0.604362,0.467503,0.391098,0.131349,0.15585,0.353628,0.322689,0.516169,0.315119,0.548685,0.152258,0.672649,0.652768,0.701118,0.407676,0.578644,0.179875,0.428158,0.400096,0.474752,0.283796,0.347956,0.430169,0.475412,0.10895,0.372408,0.463772,0.355874,0.596401,0.532227,0.374414,0.627823,0.413089,0.591632,0.642616,0.433109,0.426975,0.550367,0.4133,0.345111,0.105304,0.356185,0.540194,0.280944,0.282721,0.295577,0.291722,0.05601,0.541661,0.28031,0.449338,0.333899
0.471456,0.336979,0.554936,0.611758,0.287571,0.444112,0.227044,0.494827,0.361855,0.405355,0.561306,0.645916,0.588045,0.204945,0.473944,0.37226,0.493506,0.314618,1,0.646381,0.744088,0.58746,0.325754,0.659365,0.0817746,0.464403,0.463071,0.489677,0.202318,0.376045,0.0656577,0.30777,0.541263,0.440976,0.209119,0.175013,0.392757,-0.115272,0.55406,0.182721,0.382024,0.33776,0.434766,0.315597,0.595064,0.377061,0.355204,0.614436,0.380494,0.431561,0.369336,0.499294,0.553455,0.690567,0.683319,0.326823,0.311274,0.343824,0.707706,0.178976,0.289557,0.404936,0.618474,0.658174,0.704689,0.533931,0.298764,0.677939,0.170872,0.384787,0.493068,0.345279,0.423711,0.332085,0.358344,0.420595,0.399161,0.355815,0.214639,0.181698,0.409534,0.52725,0.413884,0.0834952,0.392141
0.724654,0.538357,0.772031,0.672957,0.425575,0.636383,0.293354,0.294573,0.248736,0.422088,0.433579,0.501901,0.472321,0.591316,0.517468,0.362318,0.692924,0.499487,0.646381,1,0.703617,0.375477,0.49479,0.731128,0.307794,0.46135,0.642651,0.630521,0.372535,0.35936,0.284981,0.528129,0.575921,0.661251,0.20225,0.324879,0.16309,0.183519,0.692141,0.460575,0.311955,0.287324,0.704536,0.593871,0.798195,0.609023,0.565595,0.582082,0.523347,0.378054,0.437878,0.637307,0.731754,0.691645,0.617587,0.669608,0.530297,0.320033,0.51141,0.106893,0.507227,0.617627,0.630653,0.748042,0.751179,0.485403,0.679633,0.69545,0.201133,0.522657,0.691157,0.455826,0.3485,0.0468707,0.418612,0.632696,0.510116,0.44157,0.113499,0.0409597,0.308523,0.749734,0.637574,0.225723,0.275904
0.723355,0.536668,0.744539,0.684228,0.538977,0.543684,0.38189,0.418282,0.336908,0.463566,0.506827,0.621967,0.670234,0.492078,0.40692,0.52094,0.72659,0.51709,0.744088,0.703617,1,0.573212,0.523358,0.798831,0.267765,0.548275,0.689597,0.614738,0.25986,0.380803,0.142999,0.324443,0.72259,0.671421,0.434514,0.305668,0.318502,0.165264,0.712138,0.373537,0.4959,0.498146,0.719344,0.477116,0.792699,0.646601,0.480845,0.516328,0.434697,0.242678,0.455535,0.639559,0.682159,0.706308,0.763124,0.512343,0.326808,0.532715,0.764063,0.245612,0.520685,0.697887,0.714791,0.74193,0.806996,0.636682,0.47883,0.799496,0.32824,0.685128,0.707417,0.500235,0.463038,0.170442,0.442755,0.642427,0.526894,0.402758,0.365493,0.204031,0.401363,0.754894,0.609844,0.302202,0.419675
0.221337,0.0959847,0.340994,0.404929,0.173181,0.457456,0.410502,0.439256,0.321105,0.344126,0.405629,0.234379,0.314979,0.153951,0.399084,0.135738,0.309665,0.323292,0.58746,0.375477,0.573212,1,0.262994,0.486874,0.0456237,0.369754,0.366311,0.212444,0.103242,0.498333,0.0034057,0.247932,0.345688,0.220294,0.0743801,0.183457,0.503663,-0.211558,0.355948,0.0311964,0.293312,0.35135,0.265185,0.0720055,0.345137,0.24035,0.210573,0.262692,0.337384,0.100165,0.518005,0.249951,0.358286,0.41117,0.375555,0.165431,0.164544,0.151262,0.46447,0.142051,0.205606,0.236758,0.40807,0.469682,0.503587,0.33936,0.326115,0.490642,-0.0579777,0.270233,0.260243,0.400035,0.174413,0.416575,0.240978,0.285332,0.226956,0.330998,0.201256,0.164318,0.155016,0.367689,0.246903,0.0317662,0.34312
0.538734,0.340675,0.64043,0.523809,0.516446,0.367528,0.150147,0.180571,0.395556,0.420757,0.432012,0.333973,0.450505,0.510136,0.367904,0.183702,0.560413,0.579785,0.325754,0.49479,0.523358,0.262994,1,0.614227,0.351161,0.553509,0.568031,0.554622,0.279446,0.263003,0.284589,0.417914,0.455169,0.350107,0.425723,0.394645,0.318488,0.106858,0.39747,0.40639,0.242991,0.171746,0.544649,0.333345,0.597264,0.475895,0.330311,0.261525,0.388668,0.165883,0.421532,0.300109,0.508386,0.409968,0.384643,0.451623,0.464368,0.282295,0.369845,0.180394,0.465062,0.660558,0.561299,0.573645,0.492872,0.383392,0.656698,0.576949,0.381929,0.45289,0.606952,0.226628,0.419804,0.293159,0.151735,0.570065,0.336428,0.250408,0.161285,0.25812,0.314433,0.575076,0.439692,0.319464,0.528054
0.626645,0.368474,0.638577,0.510636,0.486348,0.542498,0.24664,0.431616,0.336354,0.339663,0.30612,0.460023,0.471549,0.480659,0.49535,0.383494,0.609265,0.696121,0.659365,0.731128,0.798831,0.486874,0.614227,1,0.398393,0.585322,0.715625,0.596946,0.423891,0.337934,0.121933,0.461144,0.686172,0.655907,0.457368,0.309815,0.21773,0.227068,0.561523,0.368317,0.511985,0.542573,0.611041,0.28725,0.723961,0.566889,0.625406,0.604935,0.421474,0.253356,0.567958,0.510458,0.603406,0.485441,0.537568,0.457016,0.460652,0.301036,0.571677,0.336533,0.444638,0.738606,0.67094,0.665168,0.752572,0.643668,0.631202,0.907613,0.412301,0.633164,0.665943,0.451431,0.491605,0.162548,0.428745,0.656631,0.435055,0.392064,0.294767,0.23189,0.247043,0.695294,0.516909,0.446556,0.4972
0.232203,0.16458,0.243592,0.222818,0.169861,0.121673,-0.0189223,0.205715,0.240938,0.162461,0.0490796,0.213136,0.289102,0.421375,0.223508,0.242938,0.215836,0.427259,0.0817746,0.307794,0.267765,0.0456237,0.351161,0.398393,1,0.0339725,0.373837,0.314774,0.0448474,-0.078985,-0.0875435,0.165986,0.0816955,0.263097,0.35166,0.260577,0.0791203,0.271313,0.164645,0.289793,0.400337,0.200813,0.329296,0.155918,0.314246,0.319559,0.398117,0.257413,0.0774992,0.239746,0.467199,0.199571,0.15494,0.0778138,0.157923,0.197243,0.341715,0.213938,0.290522,0.222656,0.196616,0.467244,0.192204,0.2801,0.271785,0.285959,0.408463,0.36964,0.194204,0.114346,0.486777,0.107447,0.0245201,0.0579996,0.0879903,0.39463,0.114395,0.256817,0.111,0.226295,0.0797326,0.235419,0.193848,0.10791,0.08075
0.562636,0.275279,0.567424,0.57336,0.569502,0.337569,0.22192,0.112993,0.373821,0.371493,0.437776,0.276432,0.203135,0.333385,0.320373,0.0517395,0.413713,0.51387,0.464403,0.46135,0.548275,0.369754,0.553509,0.585322,0.0339725,1,0.530021,0.425327,0.0380977,0.485115,0.118483,0.436276,0.554775,0.472991,0.284315,0.291343,0.405998,0.0201462,0.475565,0.345239,0.257304,0.347265,0.491133,0.270851,0.526468,0.462377,0.374719,0.423356,0.562573,0.168176,0.313287,0.423349,0.533928,0.42264,0.378841,0.461761,0.397267,0.15156,0.37571,0.198866,0.109741,0.518095,0.469718,0.659168,0.646087,0.311691,0.509145,0.568693,0.447615,0.442997,0.435238,0.248986,0.170043,0.268128,0.454102,0.304468,0.269832,0.088161,0.130146,0.0821177,0.338884,0.599054,0.518761,0.176893,0.391608
0.710547,0.583698,0.717277,0.628022,0.604559,0.512991,0.346785,0.293525,0.232239,0.322665,0.322787,0.464042,0.477989,0.726837,0.510054,0.549088,0.656522,0.578555,0.463071,0.642651,0.689597,0.366311,0.568031,0.715625,0.373837,0.530021,1,0.524529,0.219344,0.319674,0.10901,0.398411,0.630809,0.539792,0.371409,0.360088,0.240406,0.284838,0.558598,0.49309,0.354096,0.56892,0.726731,0.527955,0.747756,0.642697,0.581799,0.479023,0.427582,0.191744,0.515376,0.546091,0.64714,0.548376,0.583988,0.621267,0.412369,0.532742,0.583293,0.255135,0.373636,0.731371,0.66515,0.721866,0.725483,0.638092,0.621011,0.697657,0.329797,0.559277,0.77356,0.491999,0.31058,0.149772,0.359314,0.468819,0.358476,0.326559,0.231404,0.252148,0.307043,0.642035,0.63202,0.371501,0.46256
0.653142,0.51339,0.588955,0.633968,0.4893,0.464204,0.240187,0.287837,0.139365,0.485739,0.376531,0.408332,0.436051,0.479709,0.139127,0.4386,0.636588,0.475389,0.489677,0.630521,0.614738,0.212444,0.554622,0.596946,0.314774,0.425327,0.524529,1,0.357473,0.162466,0.198606,0.257665,0.554014,0.56669,0.297314,0.136051,0.166864,0.0500948,0.478165,0.425665,0.320662,0.257923,0.62207,0.432034,0.633468,0.597208,0.407454,0.248282,0.421152,0.17178,0.41272,0.529857,0.666766,0.372729,0.519906,0.461239,0.479426,0.405573,0.421126,0.130517,0.63192,0.640126,0.535215,0.493847,0.55293,0.563341,0.540578,0.586228,0.21265,0.45143,0.429164,0.207019,0.356368,0.0160517,0.179637,0.428867,0.427783,0.268045,0.0998381,0.17599,0.122388,0.577206,0.524692,0.155553,0.402966
0.252251,0.170547,0.284106,0.150891,-0.00966184,0.391179,0.0821581,0.0211128,-0.0831222,0.292327,0.101761,0.3016,0.310376,0.150826,0.325301,0.243631,0.397663,0.213336,0.202318,0.372535,0.25986,0.103242,0.279446,0.423891,0.0448474,0.0380977,0.219344,0.357473,1,0.177172,0.138366,0.219084,0.397118,0.265662,0.113849,0.0997253,0.0228834,0.0926385,0.24678,0.18571,0.0806742,0.2539,0.208913,0.157446,0.32487,0.2004,0.119107,0.0141986,-0.00864919,0.102726,0.169358,0.36213,0.376266,0.234703,0.21795,0.152053,0.25455,0.0711181,0.219129,-0.0541365,0.353377,0.286007,0.299404,0.170477,0.266878,0.339524,0.326719,0.34167,0.0213674,0.269486,0.280867,0.0945305,0.317923,0.119873,0.064729,0.398969,0.501632,0.54137,0.0981901,-0.0102232,0.0548845,0.201054,0.245382,0.097276,0.11671
0.229105,0.0999238,0.34206,0.374621,0.167439,0.24462,0.0539552,0.22027,0.123285,0.278211,0.462771,0.109374,0.0663246,0.17301,0.33668,0.082923,0.158565,0.131027,0.376045,0.35936,0.380803,0.498333,0.263003,0.337934,-0.078985,0.485115,0.319674,0.162466,0.177172,1,0.0512073,0.381594,0.339363,0.0630552,-0.0202803,0.255716,0.324129,-0.128565,0.335475,0.0169613,0.208783,0.34422,0.207673,0.0698251,0.282234,0.222501,0.0480953,0.237964,0.164699,0.0266866,0.301813,0.325082,0.34561,0.260132,0.175996,0.160949,0.21078,0.0608437,0.279689,-0.15902,0.022317,0.291292,0.246422,0.493627,0.363734,0.181536,0.317064,0.428246,-0.0561162,0.270786,0.251987,0.138995,0.163631,0.34958,0.328288,0.0483142,0.151795,0.234511,0.166763,0.0932311,0.241023,0.296568,0.281237,0.00167621,0.0197211
0.389457,0.212526,0.246604,0.302397,0.349763,0.377742,-0.0143324,-0.20912,0.143444,0.293048,0.280123,-0.0138935,-0.00487958,0.263606,0.248371,-0.128133,0.158562,0.0886507,0.0656577,0.284981,0.142999,0.0034057,0.284589,0.121933,-0.0875435,0.118483,0.10901,0.198606,0.138366,0.0512073,1,0.139024,0.294299,0.242694,-0.116606,0.468247,0.0268811,0.144994,0.200303,0.105172,-0.00772233,-0.106932,0.291994,0.261728,0.279434,0.240542,0.262537,-0.0811751,0.256884,0.211105,0.0635056,0.195994,0.514026,0.242002,0.12167,0.413633,0.254011,-0.113527,-0.00881991,-0.377717,0.339974,0.207762,0.267195,0.247533,0.0830089,-0.0171674,0.252408,0.159613,0.32007,0.23525,0.190558,-0.0108708,0.00933427,0.0296,0.34724,0.30963,0.397368,0.040615,-0.359411,0.0931422,0.0903555,0.403698,0.383969,0.276648,0.0542766
0.278056,0.124078,0.500113,0.377618,0.320041,0.313871,0.0486041,0.210262,0.129771,0.22896,0.288625,-0.00980421,0.0678084,0.210184,0.37513,-0.0430342,0.347604,0.342167,0.30777,0.528129,0.324443,0.247932,0.417914,0.461144,0.165986,0.436276,0.398411,0.257665,0.219084,0.381594,0.139024,1,0.284648,0.305008,0.255836,0.329544,0.0897965,0.179468,0.175702,0.0802414,0.268998,0.250037,0.25535,0.119656,0.39626,0.273176,0.0891611,0.141707,0.327991,0.212016,0.378849,0.187612,0.445341,0.326159,0.208208,0.248661,0.138175,-0.0583654,0.217703,0.332297,0.333204,0.454385,0.434954,0.59627,0.476624,0.344163,0.560363,0.453294,0.22719,0.221088,0.388514,0.022094,0.216506,0.246343,0.189067,0.324581,0.19368,0.0950105,-0.188453,-0.22022,0.203186,0.292605,0.461942,0.0268155,0.26698
0.690877,0.469473,0.660998,0.628379,0.589236,0.413882,0.184753,0.206142,0.148175,0.582117,0.490856,0.516503,0.488598,0.462897,0.427703,0.435228,0.648938,0.474731,0.541263,0.575921,0.72259,0.345688,0.455169,0.686172,0.0816955,0.554775,0.630809,0.554014,0.397118,0.339363,0.294299,0.284648,1,0.679457,0.409394,0.476714,0.324751,0.188052,0.657293,0.448294,0.319677,0.567962,0.660874,0.425397,0.722483,0.544827,0.391716,0.27804,0.324365,0.206523,0.352014,0.634836,0.700933,0.515187,0.529585,0.517017,0.515072,0.385786,0.51216,0.119356,0.478325,0.578978,0.608467,0.61045,0.686255,0.473068,0.57213,0.667137,0.36249,0.553516,0.584052,0.36909,0.36642,0.0128852,0.511555,0.470416,0.610549,0.359879,0.134827,0.230834,0.261476,0.672235,0.649259,0.483991,0.268998
0.713895,0.465777,0.640427,0.62427,0.620241,0.446868,0.391733,0.20094,0.265534,0.515854,0.366181,0.512566,0.470969,0.479286,0.386291,0.36683,0.697558,0.604362,0.440976,0.661251,0.671421,0.220294,0.350107,0.655907,0.263097,0.472991,0.539792,0.56669,0.265662,0.0630552,0.242694,0.305008,0.679457,1,0.419852,0.380548,0.118366,0.321621,0.65398,0.351781,0.496757,0.445254,0.698255,0.520882,0.789475,0.652283,0.597012,0.375748,0.585102,0.272828,0.2239,0.603998,0.686211,0.554971,0.664306,0.679273,0.501629,0.354896,0.526539,0.28201,0.418634,0.551098,0.568985,0.551857,0.757,0.404399,0.411901,0.592378,0.380654,0.464478,0.577747,0.563672,0.236313,-0.0946628,0.518291,0.614972,0.547812,0.276955,0.213216,0.226968,0.103539,0.76441,0.588095,0.405807,0.284135
0.242271,0.0435404,0.33909,0.208718,0.230055,-0.120393,-0.0125644,0.207789,0.274159,0.0991591,0.08116,0.27807,0.306629,0.105487,0.146483,0.204304,0.306258,0.467503,0.209119,0.20225,0.434514,0.0743801,0.425723,0.457368,0.35166,0.284315,0.371409,0.297314,0.113849,-0.0202803,-0.116606,0.255836,0.409394,0.419852,1,0.189626,0.173128,-0.0784202,0.0857225,0.101145,0.558425,0.366042,0.284474,0.0142675,0.371116,0.265365,0.143278,0.157831,0.0999859,0.0360515,0.172182,0.233929,0.144635,0.0948564,0.182643,0.141637,0.292517,0.163891,0.286814,0.506648,0.365055,0.44847,0.337841,0.280551,0.346199,0.322876,0.318914,0.438042,0.401012,0.244776,0.357686,0.0856535,0.419405,-0.030263,0.142896,0.306428,0.18807,0.127156,0.405108,0.135151,-0.086638,0.213595,0.113316,0.383521,0.401428
0.480599,0.310019,0.493782,0.465168,0.495851,0.188186,0.117577,-0.022567,0.195715,0.369649,0.37439,0.13796,0.261344,0.479505,0.428906,0.202932,0.339877,0.391098,0.175013,0.324879,0.305668,0.183457,0.394645,0.309815,0.260577,0.291343,0.360088,0.136051,0.0997253,0.255716,0.468247,0.329544,0.476714,0.380548,0.189626,1,0.430674,0.330157,0.446735,0.359436,0.111351,0.207108,0.503655,0.324109,0.463286,0.375334,0.307845,0.0139512,0.333411,0.291803,0.22429,0.353127,0.446292,0.349408,0.185521,0.476816,0.440286,0.161,0.235099,-0.138823,0.164171,0.285153,0.367978,0.371573,0.373105,0.155782,0.483391,0.40506,0.337555,0.359279,0.523651,0.218415,0.0972435,0.233081,0.303839,0.374736,0.248273,0.0676414,-0.0471974,0.27808,0.152204,0.469362,0.460187,0.318913,0.0164793
0.165109,0.0477154,0.249452,0.441007,0.133375,0.0320987,0.237148,0.0755861,0.220494,0.200315,0.434106,0.313458,0.363571,0.168213,0.265823,0.217161,0.154781,0.131349,0.392757,0.16309,0.318502,0.503663,0.318488,0.21773,0.0791203,0.405998,0.240406,0.166864,0.0228834,0.324129,0.0268811,0.0897965,0.324751,0.118366,0.173128,0.430674,1,-0.240659,0.28808,0.273473,0.035161,0.256137,0.201743,0.157937,0.221177,0.00864685,0.0774281,0.121303,0.0386616,0.222967,0.224687,0.247075,0.176332,0.367421,0.262702,0.189301,0.475408,0.277602,0.357313,-0.0820916,0.0778953,0.030741,0.29237,0.431548,0.348952,0.0573807,0.267716,0.3212,0.157355,0.0709899,0.283261,0.212783,-0.0342488,0.579517,0.0253574,0.0239681,0.203589,0.29953,0.277184,0.436615,0.299209,0.231571,0.17546,0.0270937,0.262019
0.314709,0.428378,0.185027,0.053528,0.260468,0.246667,0.114397,-0.0619534,-0.103237,0.0236992,-0.0818255,-0.0105079,0.208359,0.495267,0.0696749,0.306514,0.316655,0.15585,-0.115272,0.183519,0.165264,-0.211558,0.106858,0.227068,0.271313,0.0201462,0.284838,0.0500948,0.0926385,-0.128565,0.144994,0.179468,0.188052,0.321621,-0.0784202,0.330157,-0.240659,1,0.329543,0.392864,0.0611471,0.0778101,0.368514,0.36548,0.220146,0.223202,0.302603,0.119472,0.117317,0.0581131,-0.0062531,0.179588,0.223375,0.222668,0.228929,0.350058,0.0739333,0.286155,0.164888,0.0299309,0.024295,0.305192,0.0678227,0.176098,0.178981,0.247757,0.18124,0.211044,0.258673,0.37716,0.342692,0.194107,0.113339,-0.116227,0.182972,0.436504,0.0443009,-0.089009,-0.141093,-0.0982121,0.268688,0.243065,0.467614,0.251297,-0.217528
0.840735,0.76938,0.79873,0.756841,0.588999,0.610277,0.372182,0.214928,0.209932,0.572398,0.643319,0.662204,0.685946,0.63533,0.513474,0.554512,0.739762,0.353628,0.55406,0.692141,0.712138,0.355948,0.39747,0.561523,0.164645,0.475565,0.558598,0.478165,0.24678,0.335475,0.200303,0.175702,0.657293,0.65398,0.0857225,0.446735,0.28808,0.329543,1,0.633565,0.19626,0.386349,0.836982,0.807171,0.799007,0.686242,0.481527,0.425582,0.428006,0.321415,0.275295,0.697772,0.702626,0.733757,0.752848,0.778875,0.39548,0.633963,0.611633,-0.0686557,0.294077,0.48076,0.613996,0.650489,0.726844,0.44447,0.397837,0.537169,0.2016,0.594255,0.678139,0.678414,0.18416,0.0633676,0.542862,0.566049,0.455391,0.445885,0.219858,0.230368,0.432384,0.81454,0.676916,0.180186,0.154338
0.594025,0.602395,0.504403,0.41937,0.457524,0.407471,0.245952,-0.0873851,0.0203062,0.278681,0.224552,0.365496,0.449947,0.679748,0.127862,0.472211,0.540105,0.322689,0.182721,0.460575,0.373537,0.0311964,0.40639,0.368317,0.289793,0.345239,0.49309,0.425665,0.18571,0.0169613,0.105172,0.0802414,0.448294,0.351781,0.101145,0.359436,0.273473,0.392864,0.633565,1,-0.0695529,0.223329,0.617989,0.662757,0.479034,0.399475,0.48621,0.30195,0.247623,0.252871,0.228556,0.379898,0.366055,0.399104,0.376388,0.611067,0.49968,0.550213,0.219548,0.0101936,0.334177,0.402801,0.390265,0.46345,0.427522,0.329068,0.458479,0.28295,0.258432,0.426027,0.448226,0.381049,0.0952242,0.0428282,0.157133,0.389392,0.240232,0.323501,0.0460998,0.191497,0.294833,0.541009,0.558131,0.327082,0.141538
0.329742,0.101431,0.318264,0.312366,0.222424,0.190061,0.0944275,0.257089,0.555942,0.272941,0.196397,0.323466,0.283775,0.131719,0.252485,0.1667,0.309184,0.516169,0.382024,0.311955,0.4959,0.293312,0.242991,0.511985,0.400337,0.257304,0.354096,0.320662,0.0806742,0.208783,-0.00772233,0.268998,0.319677,0.496757,0.558425,0.111351,0.035161,0.0611471,0.19626,-0.0695529,1,0.378227,0.383829,0.0613012,0.475828,0.433463,0.365906,0.361192,0.288604,0.155419,0.247953,0.332349,0.32283,0.193754,0.366937,0.251816,0.193556,0.103389,0.415373,0.350385,0.229345,0.465826,0.304922,0.348545,0.452411,0.40256,0.177323,0.589779,0.31618,0.257382,0.399672,0.319083,0.230601,0.0727323,0.471422,0.332476,0.242301,0.250145,0.341723,0.157252,-0.0538027,0.336894,0.215745,0.128161,0.191471
0.376683,0.215838,0.328797,0.367258,0.325806,0.359484,0.24268,0.349047,0.173515,0.274274,0.285552,0.370165,0.317346,0.249046,0.401627,0.364946,0.299801,0.315119,0.33776,0.287324,0.498146,0.35135,0.171746,0.542573,0.200813,0.347265,0.56892,0.257923,0.2539,0.34422,-0.106932,0.250037,0.567962,0.445254,0.366042,0.207108,0.256137,0.0778101,0.386349,0.223329,0.378227,1,0.380276,0.161823,0.438095,0.361381,0.291158,0.245927,0.100668,0.229679,0.456084,0.401768,0.396525,0.156404,0.287391,0.300698,0.272964,0.251479,0.450877,0.232987,0.223243,0.510698,0.501489,0.441257,0.590746,0.471963,0.249794,0.502105,0.279389,0.39059,0.365612,0.402036,0.0844255,0.152901,0.500702,0.197494,0.451085,0.364054,0.269797,0.294377,0.0747793,0.388332,0.342847,0.304339,0.371626
0.939949,0.840476,0.874163,0.771979,0.691823,0.606264,0.385026,0.221842,0.344172,0.562122,0.505421,0.580524,0.650966,0.80085,0.506003,0.615641,0.837795,0.548685,0.434766,0.704536,0.719344,0.265185,0.544649,0.611041,0.329296,0.491133,0.726731,0.62207,0.208913,0.207673,0.291994,0.25535,0.660874,0.698255,0.284474,0.503655,0.201743,0.368514,0.836982,0.617989,0.383829,0.380276,1,0.823111,0.877698,0.814249,0.592582,0.412467,0.532654,0.235744,0.3349,0.679167,0.755347,0.636727,0.692798,0.84979,0.410383,0.651775,0.560678,0.0424995,0.427879,0.649113,0.648857,0.656079,0.723739,0.625814,0.536054,0.658489,0.322374,0.675877,0.773647,0.606788,0.264116,0.035137,0.5085,0.57404,0.419499,0.334048,0.265183,0.250386,0.21517,0.809424,0.715542,0.238902,0.219716
0.789842,0.903219,0.747104,0.678493,0.508004,0.567011,0.382451,0.078572,0.0754507,0.481647,0.512715,0.567399,0.641854,0.753965,0.448868,0.648383,0.746003,0.152258,0.315597,0.593871,0.477116,0.0720055,0.333345,0.28725,0.155918,0.270851,0.527955,0.432034,0.157446,0.0698251,0.261728,0.119656,0.425397,0.520882,0.0142675,0.324109,0.157937,0.36548,0.807171,0.662757,0.0613012,0.161823,0.823111,1,0.671351,0.585564,0.432373,0.33603,0.360399,0.244206,0.117606,0.575653,0.620529,0.68904,0.673075,0.854653,0.253957,0.762663,0.473355,-0.134203,0.32614,0.408965,0.480186,0.577158,0.526119,0.445487,0.293701,0.300104,0.109016,0.465342,0.601572,0.608408,0.0864152,0.0274773,0.32628,0.41809,0.30914,0.31305,0.0891377,0.194669,0.271126,0.686893,0.670533,0.0344351,0.025163
0.885908,0.640985,0.898804,0.839051,0.731133,0.569334,0.362651,0.296105,0.422473,0.644952,0.587035,0.686758,0.639869,0.645532,0.559828,0.442525,0.823897,0.672649,0.595064,0.798195,0.792699,0.345137,0.597264,0.723961,0.314246,0.526468,0.747756,0.633468,0.32487,0.282234,0.279434,0.39626,0.722483,0.789475,0.371116,0.463286,0.221177,0.220146,0.799007,0.479034,0.475828,0.438095,0.877698,0.671351,1,0.83934,0.606815,0.476571,0.584271,0.327861,0.375625,0.706955,0.839074,0.728674,0.769569,0.782852,0.531283,0.48621,0.674713,0.228506,0.527576,0.660688,0.78669,0.723153,0.851414,0.553121,0.611418,0.708939,0.363949,0.573342,0.836056,0.61923,0.341502,0.0396047,0.567075,0.621382,0.610144,0.454077,0.279814,0.298238,0.325239,0.832258,0.62562,0.342185,0.358889
0.854758,0.63391,0.768,0.726107,0.717885,0.539859,0.389614,0.145429,0.346799,0.571678,0.396632,0.476939,0.451497,0.638327,0.301006,0.422572,0.694605,0.652768,0.377061,0.609023,0.646601,0.24035,0.475895,0.566889,0.319559,0.462377,0.642697,0.597208,0.2004,0.222501,0.240542,0.273176,0.544827,0.652283,0.265365,0.375334,0.00864685,0.223202,0.686242,0.399475,0.433463,0.361381,0.814249,0.585564,0.83934,1,0.644245,0.322703,0.613503,0.276794,0.32149,0.734847,0.777359,0.523689,0.580549,0.696835,0.304184,0.46089,0.548317,0.103623,0.447176,0.647941,0.614815,0.493549,0.698319,0.547427,0.517565,0.556184,0.32973,0.652371,0.677575,0.533708,0.248919,-0.0329544,0.548039,0.519491,0.372168,0.34647,0.198284,0.212393,0.159185,0.730966,0.480138,0.156371,0.24712
0.613163,0.419201,0.441497,0.393204,0.48495,0.492884,0.387303,0.0644885,0.333388,0.263629,0.0437773,0.397566,0.313656,0.649479,0.217353,0.362911,0.480223,0.701118,0.355204,0.565595,0.480845,0.210573,0.330311,0.625406,0.398117,0.374719,0.581799,0.407454,0.119107,0.0480953,0.262537,0.0891611,0.391716,0.597012,0.143278,0.307845,0.0774281,0.302603,0.481527,0.48621,0.365906,0.291158,0.592582,0.432373,0.606815,0.644245,1,0.631959,0.52223,0.299933,0.298856,0.527951,0.523282,0.415438,0.438634,0.611765,0.441009,0.324263,0.432265,0.152675,0.263669,0.534851,0.448595,0.415471,0.587113,0.413747,0.39157,0.568261,0.441624,0.528727,0.520116,0.593167,0.160196,0.0838282,0.458553,0.505265,0.232449,0.284145,0.258234,0.431696,0.0738921,0.635765,0.321523,0.477592,0.195909
0.375658,0.265729,0.374465,0.304103,0.19228,0.360194,0.11944,0.334814,0.424715,0.0328547,0.153803,0.48981,0.322961,0.396223,0.299737,0.295873,0.341592,0.407676,0.614436,0.582082,0.516328,0.262692,0.261525,0.604935,0.257413,0.423356,0.479023,0.248282,0.0141986,0.237964,-0.0811751,0.141707,0.27804,0.375748,0.157831,0.0139512,0.121303,0.119472,0.425582,0.30195,0.361192,0.245927,0.412467,0.33603,0.476571,0.322703,0.631959,1,0.325842,0.197824,0.309996,0.344439,0.270178,0.531601,0.503701,0.389681,0.291412,0.311913,0.437659,0.237666,0.00663768,0.416874,0.304469,0.550991,0.623959,0.362355,0.197542,0.609696,0.373106,0.329825,0.440184,0.500529,0.261998,0.109779,0.373542,0.357519,0.218794,0.233137,0.382622,0.168301,0.34351,0.524781,0.294616,0.223719,0.14589
0.575243,0.368311,0.547491,0.523563,0.57936,0.462516,0.586535,0.0787236,0.401958,0.389579,0.199878,0.200071,0.154062,0.41139,0.240393,0.0489876,0.539046,0.578644,0.380494,0.523347,0.434697,0.337384,0.388668,0.421474,0.0774992,0.562573,0.427582,0.421152,-0.00864919,0.164699,0.256884,0.327991,0.324365,0.585102,0.0999859,0.333411,0.0386616,0.117317,0.428006,0.247623,0.288604,0.100668,0.532654,0.360399,0.584271,0.613503,0.52223,0.325842,1,0.270278,0.227417,0.362053,0.566167,0.425109,0.394842,0.589331,0.298248,0.109767,0.262036,0.295718,0.21181,0.411842,0.457444,0.394473,0.572118,0.293701,0.43904,0.386675,0.187025,0.3529,0.36805,0.390092,0.198233,-0.000860028,0.347934,0.438728,0.239621,0.00591991,-0.0400112,-0.0494623,0.115639,0.637032,0.491103,0.176596,0.294861
0.351695,0.236106,0.30003,0.462133,0.068082,0.320267,0.300977,0.00838668,0.1363,0.277489,0.313058,0.405542,0.317282,0.237934,0.29302,0.138943,0.227427,0.179875,0.431561,0.378054,0.242678,0.100165,0.165883,0.253356,0.239746,0.168176,0.191744,0.17178,0.102726,0.0266866,0.211105,0.212016,0.206523,0.272828,0.0360515,0.291803,0.222967,0.0581131,0.321415,0.252871,0.155419,0.229679,0.235744,0.244206,0.327861,0.276794,0.299933,0.197824,0.270278,1,0.260105,0.423519,0.410151,0.288509,0.198172,0.324291,0.332146,0.0660931,0.31959,0.0117821,0.120269,0.292311,0.476854,0.336657,0.333771,0.306522,0.277416,0.248173,0.202206,0.276523,0.255734,0.102012,0.085825,0.217529,0.378241,0.410245,0.285878,0.435702,-0.0940999,0.0710335,0.201427,0.285433,0.314223,-0.0720271,0.202657
0.318018,0.228009,0.407499,0.387239,0.223604,0.575376,0.117766,0.517501,0.158819,0.327371,0.298655,0.195226,0.203185,0.353505,0.414831,0.207171,0.318296,0.428158,0.369336,0.437878,0.455535,0.518005,0.421532,0.567958,0.467199,0.313287,0.515376,0.41272,0.169358,0.301813,0.0635056,0.378849,0.352014,0.2239,0.172182,0.22429,0.224687,-0.0062531,0.275295,0.228556,0.247953,0.456084,0.3349,0.117606,0.375625,0.32149,0.298856,0.309996,0.227417,0.260105,1,0.220778,0.368937,0.167528,0.198151,0.197973,0.203033,0.154323,0.226675,0.198144,0.291364,0.572168,0.46259,0.451067,0.462191,0.512017,0.498874,0.540169,0.15482,0.251308,0.300687,0.287648,0.122269,0.238577,0.218221,0.387859,0.277596,0.331859,-0.0392461,0.143333,0.136394,0.412389,0.44104,0.0510671,0.373547
0.748497,0.586514,0.630122,0.69473,0.423951,0.443836,0.311932,-0.0120915,0.143723,0.463209,0.409399,0.60936,0.545225,0.616145,0.286792,0.559531,0.630303,0.400096,0.499294,0.637307,0.639559,0.249951,0.300109,0.510458,0.199571,0.423349,0.546091,0.529857,0.36213,0.325082,0.195994,0.187612,0.634836,0.603998,0.233929,0.353127,0.247075,0.179588,0.697772,0.379898,0.332349,0.401768,0.679167,0.575653,0.706955,0.734847,0.527951,0.344439,0.362053,0.423519,0.220778,1,0.756855,0.622524,0.592917,0.648281,0.442488,0.462429,0.628382,-0.164025,0.313328,0.553095,0.54082,0.505149,0.641126,0.456672,0.471554,0.554191,0.263416,0.629298,0.620625,0.394249,0.159987,0.00749259,0.578795,0.48909,0.49312,0.555459,0.279704,0.235457,0.215665,0.607351,0.516603,0.112719,0.108698
