1,0.935816,0.96553,0.914576,0.847391,0.791632,0.676744,0.807739,0.834235,0.792557,0.863864,0.646772,0.883616,0.929816,0.775205,0.878665,0.888749,0.851461,0.738419,0.880993,0.906712,0.836059,0.882357,0.950374,0.606238,0.866323,0.951029,0.7914,0.688377,0.545654,0.562274,0.702152,0.859303,0.866153,0.849749,0.556643,0.496378,0.689815,0.898667,0.846469,0.424899,0.760522,0.943267,0.911357,0.970387,0.926559,0.879285,0.879548,0.77528,0.807133,0.711899,0.716014,0.846617,0.673482,0.902933,0.929039,0.785089,0.850962,0.9099,0.488459,0.60932,0.795658,0.797949,0.914325,0.911302,0.747997,0.895745,0.936553,0.69854,0.870346,0.893696,0.865108,0.670764,0.725816,0.475993,0.780865,0.828822,0.688104,0.647223,0.677988,0.779684,0.870377,0.816957,0.643787,0.830613
0.935816,1,0.942938,0.907426,0.80683,0.716076,0.625016,0.748711,0.786689,0.798383,0.882528,0.670109,0.922783,0.946417,0.729313,0.911793,0.92587,0.85729,0.713977,0.887742,0.873665,0.817548,0.85393,0.908604,0.65205,0.837395,0.908495,0.761935,0.734312,0.584476,0.53315,0.723199,0.875672,0.862007,0.805093,0.455883,0.464163,0.719635,0.887628,0.838259,0.35701,0.702622,0.924843,0.949321,0.942062,0.909608,0.845918,0.834273,0.708494,0.80687,0.63288,0.795314,0.854167,0.6611,0.905463,0.915586,0.762563,0.863244,0.93411,0.53691,0.613041,0.688038,0.790986,0.88673,0.888603,0.773411,0.842913,0.911122,0.715785,0.880485,0.844667,0.874833,0.669406,0.714751,0.460233,0.780132,0.786758,0.676636,0.678799,0.655552,0.803266,0.888009,0.803266,0.616151,0.810829
0.96553,0.942938,1,0.954231,0.878497,0.789348,0.65601,0.770905,0.831535,0.848645,0.894029,0.678512,0.930372,0.932739,0.781008,0.90346,0.94875,0.897243,0.797581,0.926914,0.933923,0.828664,0.901043,0.953502,0.694459,0.867964,0.955244,0.827981,0.743087,0.611615,0.588568,0.771306,0.903139,0.897615,0.845553,0.612291,0.550621,0.769432,0.930677,0.896948,0.484795,0.774764,0.956851,0.914695,0.986331,0.923974,0.896034,0.893078,0.721112,0.786424,0.691859,0.757598,0.871496,0.752272,0.928493,0.927358,0.730145,0.859861,0.954491,0.558327,0.609997,0.793233,0.829155,0.929504,0.937698,0.776728,0.876484,0.960681,0.729172,0.903007,0.891884,0.882168,0.697644,0.788599,0.489724,0.828179,0.863859,0.733951,0.677058,0.62401,0.831072,0.910215,0.86555,0.680944,0.843328
0.914576,0.907426,0.954231,1,0.892524,0.713296,0.601989,0.753783,0.809461,0.862313,0.852228,0.687801,0.925805,0.904124,0.767482,0.885612,0.929542,0.878542,0.761732,0.884405,0.893802,0.810017,0.868716,0.916966,0.765675,0.859917,0.925286,0.822984,0.752071,0.625857,0.551984,0.728027,0.881342,0.895894,0.786443,0.576733,0.497549,0.788191,0.873791,0.878036,0.551507,0.767956,0.938098,0.894361,0.953226,0.90055,0.871339,0.870555,0.658205,0.738701,0.642051,0.765876,0.865642,0.703652,0.909665,0.904743,0.706615,0.842222,0.949083,0.505235,0.553624,0.75466,0.824649,0.900445,0.895873,0.712055,0.842103,0.919233,0.680603,0.889534,0.882647,0.858042,0.68377,0.805787,0.461221,0.774026,0.841921,0.741101,0.672483,0.664621,0.807359,0.904293,0.82048,0.635648,0.782887
0.847391,0.80683,0.878497,0.892524,1,0.755634,0.691992,0.695874,0.758394,0.777665,0.79254,0.664066,0.860539,0.861178,0.734579,0.819039,0.842693,0.846502,0.74357,0.841056,0.833964,0.664926,0.856272,0.883387,0.71228,0.822337,0.876798,0.803415,0.664225,0.55411,0.579194,0.622028,0.839842,0.855202,0.753048,0.589346,0.527936,0.779972,0.827184,0.87327,0.551599,0.656536,0.904289,0.862283,0.888229,0.855486,0.799776,0.841902,0.778883,0.765421,0.639998,0.724771,0.828445,0.71067,0.85697,0.872954,0.643485,0.813689,0.870417,0.458455,0.471965,0.728424,0.793334,0.872602,0.866902,0.708088,0.827524,0.855305,0.653423,0.813923,0.861892,0.831051,0.724813,0.722743,0.535006,0.751957,0.820306,0.745863,0.764726,0.540072,0.72418,0.847285,0.814881,0.59875,0.738602
0.791632,0.716076,0.789348,0.713296,0.755634,1,0.707828,0.816624,0.767732,0.735169,0.796683,0.414096,0.687857,0.795506,0.708617,0.690978,0.656299,0.766983,0.636907,0.839997,0.79817,0.630422,0.856636,0.83546,0.571154,0.807122,0.817822,0.725707,0.626535,0.458947,0.522203,0.499377,0.755647,0.76742,0.708002,0.429789,0.545574,0.681964,0.813595,0.761254,0.300179,0.663568,0.813057,0.758672,0.799412,0.757217,0.807811,0.818865,0.822442,0.768321,0.810058,0.621353,0.739895,0.586085,0.700615,0.764792,0.753427,0.746238,0.670228,0.390335,0.441539,0.72018,0.746794,0.795808,0.785507,0.642784,0.74913,0.863595,0.632605,0.640722,0.758992,0.725513,0.572099,0.624121,0.463112,0.669812,0.727383,0.576206,0.653348,0.27921,0.717704,0.736982,0.842594,0.610931,0.683234
0.676744,0.625016,0.65601,0.601989,0.691992,0.707828,1,0.770372,0.667988,0.464584,0.636084,0.343549,0.579851,0.684208,0.726469,0.566046,0.520702,0.682863,0.465899,0.616185,0.631937,0.466895,0.75662,0.708765,0.469644,0.527039,0.661668,0.531125,0.39275,0.214243,0.348203,0.513675,0.510748,0.588595,0.58062,0.415888,0.424535,0.435035,0.57369,0.562679,0.341729,0.466471,0.666092,0.643894,0.654435,0.624571,0.518689,0.656662,0.823287,0.628516,0.596117,0.361592,0.543413,0.351051,0.511013,0.609424,0.61717,0.6187,0.567176,0.173913,0.243561,0.568136,0.507301,0.643399,0.65039,0.6416,0.723381,0.678113,0.57496,0.588332,0.631041,0.576024,0.386326,0.433363,0.2029,0.385389,0.506468,0.396232,0.590357,0.250992,0.461802,0.534734,0.556573,0.366301,0.585926
0.807739,0.748711,0.770905,0.753783,0.695874,0.816624,0.770372,1,0.717098,0.632187,0.751986,0.470514,0.713062,0.805116,0.687773,0.776443,0.654783,0.742744,0.531947,0.757118,0.751778,0.685906,0.774533,0.79601,0.497661,0.712163,0.802104,0.624084,0.600602,0.433928,0.300524,0.557705,0.689437,0.733929,0.705074,0.3056,0.366779,0.552648,0.731517,0.682006,0.201043,0.706185,0.808229,0.788635,0.779497,0.77951,0.723231,0.747667,0.7865,0.698063,0.667693,0.56164,0.686758,0.45256,0.692459,0.756059,0.744882,0.795886,0.687647,0.271768,0.398449,0.626501,0.683478,0.751915,0.734579,0.666223,0.737937,0.80398,0.577172,0.629762,0.74145,0.701619,0.533713,0.54338,0.357466,0.541094,0.649147,0.462607,0.617018,0.364431,0.673509,0.719339,0.721775,0.404992,0.662215
0.834235,0.786689,0.831535,0.809461,0.758394,0.767732,0.667988,0.717098,1,0.73747,0.820869,0.517075,0.748943,0.842207,0.756389,0.726297,0.728138,0.842972,0.706567,0.829918,0.843546,0.687414,0.831433,0.864758,0.624369,0.754576,0.797467,0.688248,0.638843,0.550775,0.558554,0.727957,0.721437,0.792113,0.77163,0.533511,0.574422,0.68875,0.790368,0.77603,0.415663,0.718768,0.819755,0.806538,0.835023,0.773766,0.799307,0.73742,0.678688,0.686662,0.642159,0.5945,0.692126,0.587333,0.749313,0.83864,0.748457,0.697891,0.775967,0.411045,0.423802,0.705602,0.74569,0.804142,0.816283,0.682027,0.785936,0.845722,0.683075,0.767188,0.774488,0.783951,0.606938,0.720678,0.526101,0.672252,0.779746,0.680854,0.591832,0.459965,0.743256,0.788116,0.773109,0.679354,0.748589
0.792557,0.798383,0.848645,0.862313,0.777665,0.735169,0.464584,0.632187,0.73747,1,0.890834,0.679713,0.868893,0.834184,0.62362,0.802534,0.830301,0.799014,0.794105,0.886176,0.866543,0.739884,0.821343,0.849036,0.708868,0.838856,0.856999,0.836042,0.845986,0.611854,0.565935,0.608329,0.832886,0.882172,0.752661,0.484609,0.574985,0.787345,0.865694,0.849253,0.43684,0.783846,0.82846,0.807099,0.875386,0.82404,0.88616,0.816679,0.563131,0.701786,0.667283,0.818742,0.890214,0.731226,0.842565,0.840862,0.620368,0.801921,0.881287,0.540696,0.660555,0.752103,0.850542,0.869964,0.875144,0.74205,0.733669,0.898633,0.677418,0.773457,0.834195,0.797635,0.748544,0.81965,0.481009,0.775131,0.845867,0.840357,0.661721,0.573402,0.754111,0.888564,0.858901,0.587939,0.775198
0.863864,0.882528,0.894029,0.852228,0.79254,0.796683,0.636084,0.751986,0.820869,0.890834,1,0.681521,0.904818,0.890003,0.698007,0.843536,0.838118,0.879787,0.805924,0.929476,0.90946,0.736708,0.8815,0.912756,0.671862,0.816392,0.870766,0.867822,0.768613,0.578638,0.594555,0.653567,0.858469,0.889929,0.846001,0.464033,0.560269,0.764072,0.897751,0.855064,0.429322,0.7685,0.873932,0.889501,0.903297,0.866295,0.891332,0.821514,0.693941,0.74998,0.716798,0.813551,0.885794,0.726715,0.870595,0.886144,0.71872,0.850721,0.90182,0.594756,0.569481,0.809338,0.828701,0.905487,0.910169,0.782019,0.815411,0.928765,0.741683,0.840974,0.849423,0.810818,0.72523,0.704786,0.55956,0.818371,0.833017,0.777508,0.726105,0.543686,0.777592,0.899718,0.84438,0.594486,0.884264
0.646772,0.670109,0.678512,0.687801,0.664066,0.414096,0.343549,0.470514,0.517075,0.679713,0.681521,1,0.795286,0.629038,0.320713,0.756137,0.771197,0.723898,0.731695,0.692944,0.731065,0.50105,0.617426,0.649135,0.453988,0.589885,0.675018,0.614661,0.620139,0.596506,0.461234,0.591127,0.71846,0.757016,0.691756,0.436827,0.164834,0.532179,0.64917,0.652158,0.305163,0.455621,0.612705,0.700397,0.687318,0.647663,0.600655,0.550169,0.440304,0.434104,0.434954,0.700797,0.659143,0.855901,0.785872,0.636261,0.355978,0.69135,0.794475,0.588332,0.517935,0.592479,0.763774,0.709185,0.750073,0.54433,0.494665,0.67412,0.713614,0.625122,0.64603,0.599597,0.729804,0.644624,0.436469,0.679921,0.774089,0.643221,0.518338,0.462489,0.639237,0.69147,0.595154,0.366324,0.744364
0.883616,0.922783,0.930372,0.925805,0.860539,0.687857,0.579851,0.713062,0.748943,0.868893,0.904818,0.795286,1,0.907137,0.641675,0.923961,0.955705,0.878276,0.815748,0.911876,0.902784,0.792385,0.84597,0.893162,0.687808,0.826131,0.906802,0.825341,0.804801,0.659348,0.55144,0.732688,0.913249,0.905347,0.844614,0.55975,0.485976,0.774123,0.893769,0.896712,0.504813,0.710844,0.896703,0.913791,0.931198,0.901669,0.868627,0.822218,0.654279,0.723298,0.622664,0.83503,0.873858,0.791598,0.924846,0.890307,0.634063,0.857435,0.96971,0.571481,0.599068,0.74765,0.851548,0.920516,0.920037,0.763382,0.81238,0.910822,0.727073,0.853345,0.889989,0.849302,0.746214,0.761393,0.529765,0.842941,0.86427,0.794075,0.716562,0.595434,0.832807,0.918666,0.8175,0.5924,0.853466
0.929816,0.946417,0.932739,0.904124,0.861178,0.795506,0.684208,0.805116,0.842207,0.834184,0.890003,0.629038,0.907137,1,0.789121,0.903353,0.887199,0.862643,0.717038,0.909548,0.894381,0.794141,0.887368,0.933454,0.648508,0.903052,0.942878,0.810178,0.764183,0.647803,0.539166,0.738527,0.87512,0.904508,0.821104,0.514571,0.630697,0.766544,0.906955,0.894181,0.329166,0.791747,0.957906,0.952933,0.951331,0.90122,0.872193,0.883294,0.773029,0.872479,0.70286,0.816258,0.88478,0.630352,0.895827,0.951447,0.784902,0.894054,0.914839,0.439511,0.650481,0.737061,0.826326,0.912563,0.903602,0.83108,0.858527,0.93054,0.696586,0.825796,0.89495,0.911254,0.688149,0.765852,0.540611,0.780737,0.834936,0.737169,0.771378,0.618616,0.789899,0.913477,0.883485,0.633832,0.791308
0.775205,0.729313,0.781008,0.767482,0.734579,0.708617,0.726469,0.687773,0.756389,0.62362,0.698007,0.320713,0.641675,0.789121,1,0.618435,0.661934,0.722032,0.484659,0.687916,0.669312,0.540522,0.798658,0.792736,0.67349,0.752481,0.768334,0.689125,0.50494,0.368113,0.521942,0.580226,0.645518,0.64999,0.597018,0.482944,0.592568,0.551979,0.679518,0.715316,0.329486,0.659664,0.797529,0.721339,0.792303,0.706322,0.652677,0.765782,0.716949,0.736698,0.668301,0.519492,0.684028,0.395121,0.63552,0.735134,0.694503,0.673809,0.684004,0.32297,0.519639,0.665003,0.525305,0.705728,0.689141,0.68011,0.782983,0.766658,0.470056,0.711305,0.695092,0.725949,0.41886,0.601538,0.364817,0.531136,0.561588,0.491761,0.555739,0.508171,0.537403,0.678789,0.665622,0.510769,0.558988
0.878665,0.911793,0.90346,0.885612,0.819039,0.690978,0.566046,0.776443,0.726297,0.802534,0.843536,0.756137,0.923961,0.903353,0.618435,1,0.913514,0.832507,0.776888,0.898247,0.902062,0.796684,0.770995,0.864693,0.574228,0.827085,0.897162,0.715855,0.799058,0.674144,0.397178,0.722717,0.869827,0.899505,0.812006,0.423559,0.380527,0.738598,0.903905,0.823781,0.312838,0.728053,0.88669,0.93097,0.90764,0.879113,0.827619,0.773821,0.643382,0.728562,0.552645,0.788599,0.862781,0.727736,0.933432,0.891195,0.638718,0.941626,0.917663,0.501692,0.616673,0.615892,0.851348,0.887646,0.906988,0.793271,0.737177,0.879816,0.718302,0.810353,0.85089,0.835306,0.743084,0.744663,0.550728,0.825388,0.862486,0.692556,0.706602,0.546525,0.780703,0.894696,0.854193,0.541728,0.813803
0.888749,0.92587,0.94875,0.929542,0.842693,0.656299,0.520702,0.654783,0.728138,0.830301,0.838118,0.771197,0.955705,0.887199,0.661934,0.913514,1,0.856921,0.819376,0.879479,0.894119,0.80074,0.81892,0.878748,0.646137,0.827133,0.892793,0.788468,0.770648,0.662474,0.573204,0.763002,0.920772,0.883135,0.801442,0.603825,0.465081,0.76629,0.889764,0.878853,0.474652,0.683656,0.90424,0.896027,0.94199,0.8995,0.849508,0.832623,0.596017,0.71627,0.605201,0.818237,0.861942,0.793359,0.923422,0.880372,0.604168,0.832832,0.965429,0.570489,0.622889,0.719573,0.827174,0.888528,0.901601,0.738225,0.786313,0.898836,0.704986,0.872195,0.851349,0.838852,0.716731,0.78756,0.471294,0.846869,0.859556,0.74662,0.684215,0.619869,0.834798,0.900036,0.820525,0.615685,0.80586
0.851461,0.85729,0.897243,0.878542,0.846502,0.766983,0.682863,0.742744,0.842972,0.799014,0.879787,0.723898,0.878276,0.862643,0.722032,0.832507,0.856921,1,0.794361,0.890647,0.898028,0.661395,0.93731,0.906305,0.651344,0.816933,0.866498,0.827919,0.673134,0.630638,0.60976,0.714778,0.821532,0.853412,0.767924,0.58488,0.461402,0.751323,0.859867,0.842024,0.479469,0.672094,0.881322,0.858007,0.8937,0.822019,0.831456,0.82371,0.708998,0.658281,0.613345,0.737351,0.816111,0.715496,0.855006,0.825274,0.603133,0.789667,0.885225,0.628049,0.54913,0.71535,0.793992,0.857792,0.870515,0.701217,0.77784,0.91522,0.829932,0.809546,0.782292,0.759052,0.720737,0.747471,0.471978,0.755369,0.822639,0.693002,0.669053,0.478997,0.819834,0.852016,0.796997,0.623154,0.861233
0.738419,0.713977,0.797581,0.761732,0.74357,0.636907,0.465899,0.531947,0.706567,0.794105,0.805924,0.731695,0.815748,0.717038,0.484659,0.776888,0.819376,0.794361,1,0.852788,0.900164,0.737253,0.716556,0.814444,0.49986,0.723073,0.758089,0.777862,0.721608,0.667957,0.585126,0.709117,0.808682,0.872087,0.821937,0.569587,0.462703,0.738124,0.837629,0.781815,0.564062,0.687977,0.732278,0.762924,0.802128,0.743424,0.79558,0.674162,0.484704,0.542381,0.618646,0.718853,0.77682,0.784952,0.852756,0.771158,0.466629,0.764902,0.846615,0.546965,0.478647,0.734105,0.867133,0.875505,0.901104,0.657746,0.651708,0.817919,0.789769,0.799595,0.826763,0.667777,0.720739,0.688085,0.596996,0.883403,0.911843,0.730478,0.675758,0.47835,0.758114,0.839863,0.810787,0.607099,0.875885
0.880993,0.887742,0.926914,0.884405,0.841056,0.839997,0.616185,0.757118,0.829918,0.886176,0.929476,0.692944,0.911876,0.909548,0.687916,0.898247,0.879479,0.890647,0.852788,1,0.959659,0.794554,0.881316,0.931779,0.684126,0.885427,0.918575,0.840075,0.813148,0.672525,0.619463,0.749114,0.925673,0.937156,0.868533,0.520636,0.585533,0.820689,0.970704,0.90661,0.41451,0.788463,0.891506,0.902879,0.929998,0.869705,0.905526,0.845147,0.713606,0.775735,0.724083,0.80987,0.863986,0.780223,0.916202,0.89292,0.725639,0.897282,0.916789,0.592538,0.609631,0.77554,0.911762,0.961172,0.962524,0.818675,0.805276,0.964715,0.786923,0.855034,0.892213,0.88294,0.731531,0.77629,0.626942,0.878913,0.92188,0.745177,0.722003,0.52018,0.840664,0.947291,0.934554,0.708969,0.876381
0.906712,0.873665,0.933923,0.893802,0.833964,0.79817,0.631937,0.751778,0.843546,0.866543,0.90946,0.731065,0.902784,0.894381,0.669312,0.902062,0.894119,0.898028,0.900164,0.959659,1,0.827298,0.870866,0.944169,0.60753,0.850744,0.920487,0.831541,0.780761,0.69303,0.573155,0.777114,0.894177,0.950255,0.887596,0.585555,0.560049,0.774231,0.958916,0.87552,0.460667,0.797399,0.891414,0.880382,0.939327,0.880515,0.901151,0.836323,0.673953,0.706999,0.704991,0.763805,0.870753,0.776118,0.91917,0.900621,0.702109,0.876384,0.922728,0.547267,0.583382,0.783225,0.908363,0.955181,0.970653,0.772602,0.811997,0.953065,0.812006,0.877052,0.906448,0.828535,0.733464,0.803583,0.564979,0.870461,0.948935,0.747271,0.722076,0.563459,0.829944,0.926914,0.906602,0.715903,0.908269
0.836059,0.817548,0.828664,0.810017,0.664926,0.630422,0.466895,0.685906,0.687414,0.739884,0.736708,0.50105,0.792385,0.794141,0.540522,0.796684,0.80074,0.661395,0.737253,0.794554,0.827298,1,0.682182,0.814756,0.513535,0.731113,0.81107,0.651323,0.766413,0.606353,0.320615,0.696231,0.756861,0.813802,0.77702,0.369605,0.460576,0.629572,0.840703,0.750233,0.385639,0.752163,0.809338,0.781581,0.842924,0.837439,0.820348,0.709288,0.53225,0.668787,0.588695,0.653766,0.752903,0.511597,0.797357,0.817821,0.697429,0.753432,0.801137,0.399379,0.472871,0.659396,0.756712,0.831657,0.81892,0.636308,0.756707,0.815758,0.577765,0.8112,0.845401,0.788881,0.539392,0.633257,0.381786,0.763345,0.780607,0.585283,0.607981,0.584336,0.731069,0.833776,0.772051,0.630524,0.716898
0.882357,0.85393,0.901043,0.868716,0.856272,0.856636,0.75662,0.774533,0.831433,0.821343,0.8815,0.617426,0.84597,0.887368,0.798658,0.770995,0.81892,0.93731,0.716556,0.881316,0.870866,0.682182,1,0.933354,0.67773,0.850088,0.908616,0.863342,0.667417,0.52578,0.639876,0.634975,0.814687,0.832655,0.756487,0.590103,0.528694,0.733961,0.858662,0.852574,0.468443,0.688894,0.898074,0.847021,0.909744,0.832305,0.848045,0.89819,0.79985,0.755065,0.718215,0.712692,0.836274,0.651603,0.808357,0.825641,0.695372,0.777406,0.848423,0.544255,0.564878,0.802073,0.770937,0.868618,0.865492,0.702214,0.866873,0.942601,0.757971,0.806415,0.819993,0.784163,0.650986,0.715984,0.389924,0.705126,0.769486,0.692028,0.677189,0.524653,0.773453,0.823968,0.805065,0.657311,0.820255
0.950374,0.908604,0.953502,0.916966,0.883387,0.83546,0.708765,0.79601,0.864758,0.849036,0.912756,0.649135,0.893162,0.933454,0.792736,0.864693,0.878748,0.906305,0.814444,0.931779,0.944169,0.814756,0.933354,1,0.625211,0.873968,0.959226,0.876423,0.700641,0.605623,0.642911,0.736335,0.873931,0.917359,0.863481,0.55747,0.56802,0.73818,0.926231,0.881301,0.459907,0.826396,0.934803,0.903339,0.958433,0.886396,0.873664,0.884888,0.758111,0.78907,0.763748,0.722574,0.866392,0.691812,0.897976,0.921395,0.763383,0.860584,0.913838,0.541788,0.582835,0.832724,0.867565,0.952379,0.947214,0.743635,0.91651,0.970494,0.744953,0.907015,0.922643,0.856444,0.709259,0.750689,0.499591,0.809849,0.87088,0.732123,0.735644,0.631454,0.816893,0.903483,0.866298,0.671096,0.885243
0.606238,0.65205,0.694459,0.765675,0.71228,0.571154,0.469644,0.497661,0.624369,0.708868,0.671862,0.453988,0.687808,0.648508,0.67349,0.574228,0.646137,0.651344,0.49986,0.684126,0.60753,0.513535,0.67773,0.625211,1,0.617492,0.639983,0.612364,0.652558,0.421838,0.409601,0.451814,0.64809,0.645958,0.535509,0.423258,0.490238,0.648185,0.61508,0.687057,0.516879,0.47159,0.693509,0.674454,0.694807,0.678239,0.670789,0.634123,0.558771,0.618228,0.477089,0.637201,0.668669,0.535293,0.64358,0.667669,0.559692,0.590909,0.693224,0.44034,0.335053,0.552793,0.533952,0.64025,0.633668,0.58391,0.57928,0.667899,0.516818,0.669209,0.641614,0.719333,0.490322,0.648891,0.425164,0.553077,0.564743,0.611869,0.530146,0.408227,0.532742,0.668985,0.623221,0.535314,0.505478
0.866323,0.837395,0.867964,0.859917,0.822337,0.807122,0.527039,0.712163,0.754576,0.838856,0.816392,0.589885,0.826131,0.903052,0.752481,0.827085,0.827133,0.816933,0.723073,0.885427,0.850744,0.731113,0.850088,0.873968,0.617492,1,0.893145,0.842845,0.746238,0.665798,0.632599,0.649502,0.87713,0.856353,0.74253,0.521347,0.590767,0.789084,0.898674,0.868974,0.350023,0.781754,0.910378,0.862607,0.906882,0.836918,0.900116,0.878501,0.706429,0.810797,0.705513,0.844929,0.863609,0.628681,0.880927,0.874985,0.67932,0.845481,0.85114,0.45325,0.700081,0.736079,0.821921,0.878594,0.857827,0.772128,0.74764,0.902624,0.663746,0.74901,0.843804,0.841246,0.664963,0.749089,0.612557,0.817944,0.818347,0.692885,0.686258,0.59009,0.757846,0.903009,0.875952,0.656892,0.731289
0.951029,0.908495,0.955244,0.925286,0.876798,0.817822,0.661668,0.802104,0.797467,0.856999,0.870766,0.675018,0.906802,0.942878,0.768334,0.897162,0.892793,0.866498,0.758089,0.918575,0.920487,0.81107,0.908616,0.959226,0.639983,0.893145,1,0.852412,0.749257,0.615202,0.57406,0.721768,0.877135,0.919408,0.856375,0.571034,0.543422,0.714643,0.916983,0.907381,0.397863,0.81451,0.932405,0.900379,0.964504,0.885693,0.861032,0.882269,0.745558,0.806008,0.748465,0.747633,0.87328,0.70336,0.908532,0.91548,0.75896,0.879541,0.914308,0.544366,0.67701,0.809019,0.851707,0.937262,0.935995,0.76132,0.883337,0.957258,0.712475,0.846147,0.93211,0.879414,0.715605,0.799002,0.493805,0.810999,0.870441,0.73843,0.713327,0.613529,0.810106,0.895118,0.872421,0.640716,0.844018
0.7914,0.761935,0.827981,0.822984,0.803415,0.725707,0.531125,0.624084,0.688248,0.836042,0.867822,0.614661,0.825341,0.810178,0.689125,0.715855,0.788468,0.827919,0.777862,0.840075,0.831541,0.651323,0.863342,0.876423,0.612364,0.842845,0.852412,1,0.625066,0.639206,0.736561,0.597138,0.812978,0.835767,0.764823,0.580725,0.60802,0.705693,0.819195,0.856792,0.517731,0.796144,0.834652,0.770589,0.848365,0.768013,0.838853,0.826528,0.636772,0.707236,0.757504,0.788147,0.829385,0.68195,0.830948,0.814673,0.603088,0.742282,0.844907,0.567915,0.604806,0.861595,0.783377,0.859405,0.840986,0.64547,0.800022,0.867054,0.660117,0.783361,0.844227,0.716219,0.672467,0.672781,0.562883,0.80837,0.78029,0.762222,0.725427,0.605881,0.736675,0.857534,0.792942,0.587193,0.813305
0.688377,0.734312,0.743087,0.752071,0.664225,0.626535,0.39275,0.600602,0.638843,0.845986,0.768613,0.620139,0.804801,0.764183,0.50494,0.799058,0.770648,0.673134,0.721608,0.813148,0.780761,0.766413,0.667417,0.700641,0.652558,0.746238,0.749257,0.625066,1,0.56694,0.272114,0.620473,0.748628,0.814978,0.728771,0.315343,0.46632,0.706463,0.815853,0.80473,0.293304,0.647569,0.739218,0.775589,0.777196,0.755682,0.78793,0.676771,0.482412,0.640664,0.499151,0.780366,0.790547,0.6102,0.780829,0.741099,0.562833,0.787148,0.785846,0.425811,0.546645,0.598896,0.770368,0.794698,0.797773,0.762388,0.567646,0.773225,0.601294,0.651283,0.757521,0.769827,0.614413,0.711912,0.504703,0.762516,0.791072,0.6827,0.607303,0.448451,0.676003,0.82316,0.808021,0.545338,0.647354
0.545654,0.584476,0.611615,0.625857,0.55411,0.458947,0.214243,0.433928,0.550775,0.611854,0.578638,0.596506,0.659348,0.647803,0.368113,0.674144,0.662474,0.630638,0.667957,0.672525,0.69303,0.606353,0.52578,0.605623,0.421838,0.665798,0.615202,0.639206,0.56694,1,0.379297,0.684791,0.604299,0.717139,0.558649,0.408594,0.51651,0.499282,0.662711,0.621918,0.206382,0.657326,0.620623,0.596272,0.628002,0.556931,0.642074,0.492974,0.293241,0.520032,0.469062,0.676004,0.588565,0.615197,0.70937,0.649314,0.340012,0.593455,0.663257,0.390396,0.50419,0.476683,0.704419,0.621915,0.655085,0.518355,0.448408,0.630189,0.569876,0.562625,0.641901,0.58667,0.487157,0.649068,0.567138,0.725788,0.720248,0.541418,0.573801,0.302369,0.628026,0.711053,0.700513,0.508369,0.562479
0.562274,0.53315,0.588568,0.551984,0.579194,0.522203,0.348203,0.300524,0.558554,0.565935,0.594555,0.461234,0.55144,0.539166,0.521942,0.397178,0.573204,0.60976,0.585126,0.619463,0.573155,0.320615,0.639876,0.642911,0.409601,0.632599,0.57406,0.736561,0.272114,0.379297,1,0.448732,0.657113,0.537133,0.527693,0.617153,0.488174,0.503711,0.564352,0.608565,0.44767,0.524122,0.544646,0.500891,0.589298,0.527868,0.577038,0.585204,0.459454,0.464548,0.59848,0.54906,0.49723,0.599257,0.545073,0.563523,0.391005,0.408045,0.604744,0.503502,0.466136,0.681873,0.578932,0.613995,0.597612,0.470933,0.586104,0.638794,0.503645,0.603732,0.560347,0.521399,0.543588,0.497812,0.454311,0.583215,0.553689,0.575901,0.444755,0.440906,0.599019,0.601297,0.498574,0.461387,0.607989
0.702152,0.723199,0.771306,0.728027,0.622028,0.499377,0.513675,0.557705,0.727957,0.608329,0.653567,0.591127,0.732688,0.738527,0.580226,0.722717,0.763002,0.714778,0.709117,0.749114,0.777114,0.696231,0.634975,0.736335,0.451814,0.649502,0.721768,0.597138,0.620473,0.684791,0.448732,1,0.680009,0.756155,0.769489,0.52141,0.528901,0.534939,0.728253,0.74056,0.328177,0.695855,0.682648,0.681035,0.735678,0.608424,0.619855,0.597591,0.408106,0.51584,0.514201,0.525038,0.520487,0.630669,0.749896,0.689638,0.552409,0.633923,0.776478,0.376529,0.453231,0.610749,0.742388,0.762269,0.788261,0.675005,0.649158,0.729382,0.65508,0.735821,0.709435,0.713276,0.465042,0.709137,0.488719,0.701398,0.75876,0.505801,0.507422,0.42774,0.717672,0.759155,0.68968,0.667006,0.69576
0.859303,0.875672,0.903139,0.881342,0.839842,0.755647,0.510748,0.689437,0.721437,0.832886,0.858469,0.71846,0.913249,0.87512,0.645518,0.869827,0.920772,0.821532,0.808682,0.925673,0.894177,0.756861,0.814687,0.873931,0.64809,0.87713,0.877135,0.812978,0.748628,0.604299,0.657113,0.680009,1,0.886874,0.817006,0.564594,0.521643,0.852214,0.923582,0.898718,0.452432,0.696095,0.88648,0.888292,0.914156,0.889692,0.888021,0.864813,0.681685,0.731655,0.688381,0.846717,0.869011,0.775239,0.898043,0.864027,0.686222,0.862791,0.917999,0.554371,0.594929,0.745147,0.854698,0.918506,0.899263,0.743296,0.777061,0.905743,0.691408,0.839667,0.861706,0.855004,0.718672,0.734018,0.576722,0.855477,0.874553,0.725713,0.71556,0.583064,0.824504,0.928024,0.865128,0.676691,0.803727
0.866153,0.862007,0.897615,0.895894,0.855202,0.76742,0.588595,0.733929,0.792113,0.882172,0.889929,0.757016,0.905347,0.904508,0.64999,0.899505,0.883135,0.853412,0.872087,0.937156,0.950255,0.813802,0.832655,0.917359,0.645958,0.856353,0.919408,0.835767,0.814978,0.717139,0.537133,0.756155,0.886874,1,0.882931,0.513101,0.559743,0.780868,0.912657,0.909461,0.425566,0.795463,0.881194,0.89742,0.914616,0.857086,0.85473,0.80278,0.656896,0.754999,0.738109,0.822111,0.875201,0.750437,0.920608,0.905712,0.72933,0.905138,0.926061,0.530725,0.589953,0.786014,0.932513,0.949455,0.957275,0.763379,0.784352,0.916413,0.779507,0.832321,0.926733,0.864108,0.768801,0.832106,0.583093,0.862952,0.951828,0.767867,0.805711,0.557151,0.82875,0.936945,0.92299,0.663538,0.863501
0.849749,0.805093,0.845553,0.786443,0.753048,0.708002,0.58062,0.705074,0.77163,0.752661,0.846001,0.691756,0.844614,0.821104,0.597018,0.812006,0.801442,0.767924,0.821937,0.868533,0.887596,0.77702,0.756487,0.863481,0.535509,0.74253,0.856375,0.764823,0.728771,0.558649,0.527693,0.769489,0.817006,0.882931,1,0.464782,0.497076,0.627646,0.83397,0.863403,0.407845,0.720667,0.787344,0.834561,0.845859,0.783333,0.782917,0.726775,0.655028,0.660825,0.696811,0.682465,0.734053,0.72528,0.860398,0.848755,0.75257,0.790039,0.858411,0.507825,0.505572,0.813564,0.822341,0.908888,0.90811,0.720297,0.790107,0.834163,0.750834,0.791557,0.878358,0.822292,0.680605,0.682902,0.626384,0.854835,0.872486,0.723914,0.682359,0.518505,0.749883,0.843067,0.784388,0.66885,0.878546
0.556643,0.455883,0.612291,0.576733,0.589346,0.429789,0.415888,0.3056,0.533511,0.484609,0.464033,0.436827,0.55975,0.514571,0.482944,0.423559,0.603825,0.58488,0.569587,0.520636,0.585555,0.369605,0.590103,0.55747,0.423258,0.521347,0.571034,0.580725,0.315343,0.408594,0.617153,0.52141,0.564594,0.513101,0.464782,1,0.487663,0.539031,0.52609,0.579195,0.535699,0.432606,0.541089,0.431087,0.596775,0.519824,0.543746,0.512907,0.42307,0.384397,0.388542,0.445899,0.505784,0.527579,0.508739,0.518239,0.226072,0.34487,0.592095,0.375817,0.45831,0.573386,0.481445,0.545403,0.570324,0.485524,0.500536,0.5747,0.472685,0.525944,0.567336,0.477186,0.492033,0.558565,0.349385,0.468728,0.555443,0.552132,0.461955,0.384439,0.5424,0.526127,0.477952,0.493578,0.549317
0.496378,0.464163,0.550621,0.497549,0.527936,0.545574,0.424535,0.366779,0.574422,0.574985,0.560269,0.164834,0.485976,0.630697,0.592568,0.380527,0.465081,0.461402,0.462703,0.585533,0.560049,0.460576,0.528694,0.56802,0.490238,0.590767,0.543422,0.60802,0.46632,0.51651,0.488174,0.528901,0.521643,0.559743,0.497076,0.487663,1,0.497577,0.589781,0.648387,0.263749,0.654414,0.589173,0.464436,0.574961,0.522134,0.58822,0.597244,0.445351,0.613117,0.597066,0.516448,0.527694,0.343902,0.46155,0.614027,0.525979,0.442654,0.510435,0.131872,0.422504,0.543752,0.463707,0.574775,0.542433,0.609749,0.556486,0.568107,0.305624,0.47593,0.601937,0.606733,0.308495,0.545848,0.4582,0.514634,0.554711,0.552092,0.537035,0.346157,0.433638,0.610246,0.649703,0.535822,0.389147
0.689815,0.719635,0.769432,0.788191,0.779972,0.681964,0.435035,0.552648,0.68875,0.787345,0.764072,0.532179,0.774123,0.766544,0.551979,0.738598,0.76629,0.751323,0.738124,0.820689,0.774231,0.629572,0.733961,0.73818,0.648185,0.789084,0.714643,0.705693,0.706463,0.499282,0.503711,0.534939,0.852214,0.780868,0.627646,0.539031,0.497577,1,0.819428,0.790849,0.5084,0.584828,0.795479,0.789955,0.775614,0.746771,0.827405,0.778373,0.591262,0.641329,0.484356,0.787615,0.819802,0.602155,0.77528,0.759879,0.54256,0.759518,0.79235,0.443076,0.451213,0.600479,0.761165,0.789022,0.770505,0.658051,0.612273,0.782371,0.621988,0.70369,0.701356,0.745289,0.680477,0.655109,0.555494,0.710893,0.774261,0.72364,0.678403,0.477205,0.728312,0.83419,0.82097,0.648602,0.68119
0.898667,0.887628,0.930677,0.873791,0.827184,0.813595,0.57369,0.731517,0.790368,0.865694,0.897751,0.64917,0.893769,0.906955,0.679518,0.903905,0.889764,0.859867,0.837629,0.970704,0.958916,0.840703,0.858662,0.926231,0.61508,0.898674,0.916983,0.819195,0.815853,0.662711,0.564352,0.728253,0.923582,0.912657,0.83397,0.52609,0.589781,0.819428,1,0.89339,0.394253,0.791775,0.909523,0.885189,0.941762,0.893875,0.927426,0.865363,0.6839,0.759395,0.674542,0.80262,0.890526,0.724009,0.913734,0.891412,0.696758,0.89266,0.90342,0.554908,0.637033,0.73658,0.876065,0.949227,0.944966,0.808544,0.806821,0.956649,0.733072,0.862594,0.88653,0.863432,0.69905,0.75993,0.587665,0.879158,0.90845,0.711573,0.695721,0.578212,0.820763,0.950096,0.932416,0.735299,0.851256
0.846469,0.838259,0.896948,0.878036,0.87327,0.761254,0.562679,0.682006,0.77603,0.849253,0.855064,0.652158,0.896712,0.894181,0.715316,0.823781,0.878853,0.842024,0.781815,0.90661,0.87552,0.750233,0.852574,0.881301,0.687057,0.868974,0.907381,0.856792,0.80473,0.621918,0.608565,0.74056,0.898718,0.909461,0.863403,0.579195,0.648387,0.790849,0.89339,1,0.482859,0.741889,0.88917,0.853089,0.912464,0.858126,0.86608,0.846694,0.678126,0.748197,0.714189,0.81114,0.826381,0.71544,0.863597,0.868747,0.729043,0.81532,0.90371,0.54795,0.613917,0.795116,0.814105,0.91309,0.893115,0.758703,0.827024,0.890885,0.663467,0.783663,0.888484,0.885279,0.716586,0.796091,0.583714,0.851605,0.876876,0.76292,0.741111,0.535421,0.818046,0.926476,0.878931,0.723628,0.77925
0.424899,0.35701,0.484795,0.551507,0.551599,0.300179,0.341729,0.201043,0.415663,0.43684,0.429322,0.305163,0.504813,0.329166,0.329486,0.312838,0.474652,0.479469,0.564062,0.41451,0.460667,0.385639,0.468443,0.459907,0.516879,0.350023,0.397863,0.517731,0.293304,0.206382,0.44767,0.328177,0.452432,0.425566,0.407845,0.535699,0.263749,0.5084,0.394253,0.482859,1,0.257243,0.428891,0.363368,0.460125,0.455239,0.493313,0.484161,0.249022,0.180846,0.277947,0.285684,0.405097,0.417543,0.426306,0.395344,0.204428,0.293005,0.516768,0.199934,-0.0254955,0.501265,0.360222,0.480114,0.461279,0.184287,0.516868,0.427458,0.405622,0.562929,0.501742,0.28712,0.287205,0.40839,0.187204,0.454651,0.440593,0.492387,0.30329,0.341163,0.379419,0.417367,0.302976,0.474207,0.470821
0.760522,0.702622,0.774764,0.767956,0.656536,0.663568,0.466471,0.706185,0.718768,0.783846,0.7685,0.455621,0.710844,0.791747,0.659664,0.728053,0.683656,0.672094,0.687977,0.788463,0.797399,0.752163,0.688894,0.826396,0.47159,0.781754,0.81451,0.796144,0.647569,0.657326,0.524122,0.695855,0.696095,0.795463,0.720667,0.432606,0.654414,0.584828,0.791775,0.741889,0.257243,1,0.776975,0.701278,0.788129,0.713458,0.767728,0.684349,0.498532,0.64646,0.681673,0.62945,0.71628,0.516817,0.759893,0.804674,0.641683,0.738507,0.746198,0.366477,0.577668,0.713095,0.784814,0.806346,0.793692,0.688627,0.71612,0.80907,0.485785,0.716872,0.820145,0.706594,0.594711,0.644477,0.542488,0.691897,0.747491,0.632496,0.615721,0.576023,0.715791,0.831483,0.791889,0.501431,0.697269
0.943267,0.924843,0.956851,0.938098,0.904289,0.813057,0.666092,0.808229,0.819755,0.82846,0.873932,0.612705,0.896703,0.957906,0.797529,0.88669,0.90424,0.881322,0.732278,0.891506,0.891414,0.809338,0.898074,0.934803,0.693509,0.910378,0.932405,0.834652,0.739218,0.620623,0.544646,0.682648,0.88648,0.881194,0.787344,0.541089,0.589173,0.795479,0.909523,0.88917,0.428891,0.776975,1,0.935276,0.971664,0.943282,0.916922,0.921682,0.790876,0.836182,0.685831,0.817723,0.904788,0.642292,0.908292,0.953516,0.755266,0.869507,0.912078,0.475752,0.578217,0.748563,0.794174,0.893844,0.881262,0.765311,0.849193,0.932021,0.671145,0.843515,0.880447,0.883092,0.707283,0.74254,0.510329,0.798129,0.823383,0.731,0.750903,0.61416,0.794407,0.912494,0.872702,0.635045,0.769949
0.911357,0.949321,0.914695,0.894361,0.862283,0.758672,0.643894,0.788635,0.806538,0.807099,0.889501,0.700397,0.913791,0.952933,0.721339,0.93097,0.896027,0.858007,0.762924,0.902879,0.880382,0.781581,0.847021,0.903339,0.674454,0.862607,0.900379,0.770589,0.775589,0.596272,0.500891,0.681035,0.888292,0.89742,0.834561,0.431087,0.464436,0.789955,0.885189,0.853089,0.363368,0.701278,0.935276,1,0.930046,0.905516,0.859528,0.840372,0.763155,0.839201,0.64187,0.834307,0.889213,0.674341,0.930393,0.944054,0.74789,0.927867,0.92227,0.481378,0.568671,0.705039,0.82704,0.906507,0.90426,0.797151,0.802994,0.898204,0.750411,0.846404,0.877731,0.889547,0.731805,0.719946,0.590844,0.816052,0.833657,0.736915,0.768919,0.611338,0.776436,0.898308,0.854701,0.586936,0.830636
0.970387,0.942062,0.986331,0.953226,0.888229,0.799412,0.654435,0.779497,0.835023,0.875386,0.903297,0.687318,0.931198,0.951331,0.792303,0.90764,0.94199,0.8937,0.802128,0.929998,0.939327,0.842924,0.909744,0.958433,0.694807,0.906882,0.964504,0.848365,0.777196,0.628002,0.589298,0.735678,0.914156,0.914616,0.845859,0.596775,0.574961,0.775614,0.941762,0.912464,0.460125,0.788129,0.971664,0.930046,1,0.949419,0.923244,0.910884,0.748308,0.820162,0.719754,0.807799,0.912922,0.724824,0.933585,0.945334,0.747219,0.884025,0.954363,0.552639,0.658792,0.805222,0.832381,0.93851,0.941294,0.799993,0.877471,0.967859,0.721107,0.891599,0.918897,0.898766,0.719653,0.791095,0.508047,0.840473,0.878552,0.758773,0.716242,0.646873,0.803642,0.930477,0.882687,0.666617,0.834939
0.926559,0.909608,0.923974,0.90055,0.855486,0.757217,0.624571,0.77951,0.773766,0.82404,0.866295,0.647663,0.901669,0.90122,0.706322,0.879113,0.8995,0.822019,0.743424,0.869705,0.880515,0.837439,0.832305,0.886396,0.678239,0.836918,0.885693,0.768013,0.755682,0.556931,0.527868,0.608424,0.889692,0.857086,0.783333,0.519824,0.522134,0.746771,0.893875,0.858126,0.455239,0.713458,0.943282,0.905516,0.949419,1,0.923426,0.853756,0.755703,0.77453,0.653774,0.813263,0.891957,0.662074,0.862947,0.928171,0.730622,0.851165,0.900728,0.478478,0.559603,0.711597,0.763977,0.877542,0.865488,0.762071,0.83464,0.90233,0.634735,0.837614,0.878861,0.859388,0.733244,0.720107,0.4666,0.78189,0.812221,0.72183,0.722954,0.598331,0.783223,0.905401,0.827822,0.592103,0.763457
0.879285,0.845918,0.896034,0.871339,0.799776,0.807811,0.518689,0.723231,0.799307,0.88616,0.891332,0.600655,0.868627,0.872193,0.652677,0.827619,0.849508,0.831456,0.79558,0.905526,0.901151,0.820348,0.848045,0.873664,0.670789,0.900116,0.861032,0.838853,0.78793,0.642074,0.577038,0.619855,0.888021,0.85473,0.782917,0.543746,0.58822,0.827405,0.927426,0.86608,0.493313,0.767728,0.916922,0.859528,0.923244,0.923426,1,0.873983,0.687918,0.733868,0.668242,0.846529,0.89042,0.683595,0.876651,0.896497,0.687127,0.812927,0.87513,0.480993,0.572345,0.745301,0.807405,0.885355,0.868214,0.731139,0.779324,0.917749,0.678632,0.79841,0.859155,0.810997,0.698608,0.730731,0.577666,0.839144,0.839197,0.751134,0.671658,0.574217,0.799892,0.92346,0.877085,0.707963,0.788816
0.879548,0.834273,0.893078,0.870555,0.841902,0.818865,0.656662,0.747667,0.73742,0.816679,0.821514,0.550169,0.822218,0.883294,0.765782,0.773821,0.832623,0.82371,0.674162,0.845147,0.836323,0.709288,0.89819,0.884888,0.634123,0.878501,0.882269,0.826528,0.676771,0.492974,0.585204,0.597591,0.864813,0.80278,0.726775,0.512907,0.597244,0.778373,0.865363,0.846694,0.484161,0.684349,0.921682,0.840372,0.910884,0.853756,0.873983,1,0.75951,0.781387,0.719716,0.736255,0.856864,0.626048,0.819895,0.837503,0.717399,0.807509,0.840972,0.382517,0.542542,0.770468,0.739385,0.857087,0.82755,0.682927,0.848717,0.905588,0.637446,0.792028,0.811438,0.789334,0.57135,0.716742,0.378477,0.730063,0.779138,0.70343,0.628435,0.599748,0.692645,0.826507,0.818077,0.640297,0.710763
0.77528,0.708494,0.721112,0.658205,0.778883,0.822442,0.823287,0.7865,0.678688,0.563131,0.693941,0.440304,0.654279,0.773029,0.716949,0.643382,0.596017,0.708998,0.484704,0.713606,0.673953,0.53225,0.79985,0.758111,0.558771,0.706429,0.745558,0.636772,0.482412,0.293241,0.459454,0.408106,0.681685,0.656896,0.655028,0.42307,0.445351,0.591262,0.6839,0.678126,0.249022,0.498532,0.790876,0.763155,0.748308,0.755703,0.687918,0.75951,1,0.784201,0.67666,0.601459,0.686602,0.462035,0.648042,0.741118,0.732162,0.711608,0.637837,0.3466,0.416825,0.638206,0.597758,0.721515,0.692918,0.662032,0.719607,0.750319,0.584433,0.580233,0.69368,0.734891,0.586841,0.436303,0.41756,0.527421,0.595914,0.512725,0.678426,0.36197,0.5492,0.657976,0.686997,0.447268,0.603054
0.807133,0.80687,0.786424,0.738701,0.765421,0.768321,0.628516,0.698063,0.686662,0.701786,0.74998,0.434104,0.723298,0.872479,0.736698,0.728562,0.71627,0.658281,0.542381,0.775735,0.706999,0.668787,0.755065,0.78907,0.618228,0.810797,0.806008,0.707236,0.640664,0.520032,0.464548,0.51584,0.731655,0.754999,0.660825,0.384397,0.613117,0.641329,0.759395,0.748197,0.180846,0.64646,0.836182,0.839201,0.820162,0.77453,0.733868,0.781387,0.784201,1,0.738675,0.737481,0.776976,0.505663,0.759833,0.842218,0.735065,0.786288,0.744036,0.364127,0.628344,0.705585,0.681886,0.771673,0.762777,0.774675,0.7519,0.796239,0.532457,0.676153,0.779904,0.859976,0.521767,0.591961,0.534453,0.667112,0.681111,0.63087,0.731338,0.531178,0.573866,0.756821,0.809764,0.470108,0.592744
0.711899,0.63288,0.691859,0.642051,0.639998,0.810058,0.596117,0.667693,0.642159,0.667283,0.716798,0.434954,0.622664,0.70286,0.668301,0.552645,0.605201,0.613345,0.618646,0.724083,0.704991,0.588695,0.718215,0.763748,0.477089,0.705513,0.748465,0.757504,0.499151,0.469062,0.59848,0.514201,0.688381,0.738109,0.696811,0.388542,0.597066,0.484356,0.674542,0.714189,0.277947,0.681673,0.685831,0.64187,0.719754,0.653774,0.668242,0.719716,0.67666,0.738675,1,0.583293,0.621228,0.588873,0.642053,0.679032,0.74134,0.660042,0.626246,0.376461,0.492672,0.812934,0.718258,0.76209,0.738177,0.519569,0.728615,0.768132,0.491955,0.603168,0.763439,0.642212,0.483987,0.559612,0.428951,0.641018,0.698683,0.527145,0.616312,0.370368,0.624725,0.676915,0.75237,0.462128,0.609882
0.716014,0.795314,0.757598,0.765876,0.724771,0.621353,0.361592,0.56164,0.5945,0.818742,0.813551,0.700797,0.83503,0.816258,0.519492,0.788599,0.818237,0.737351,0.718853,0.80987,0.763805,0.653766,0.712692,0.722574,0.637201,0.844929,0.747633,0.788147,0.780366,0.676004,0.54906,0.525038,0.846717,0.822111,0.682465,0.445899,0.516448,0.787615,0.80262,0.81114,0.285684,0.62945,0.817723,0.834307,0.807799,0.813263,0.846529,0.736255,0.601459,0.737481,0.583293,1,0.879423,0.654001,0.842592,0.822731,0.549875,0.794727,0.838922,0.551839,0.659659,0.635862,0.767915,0.781466,0.77297,0.744611,0.564296,0.784362,0.634713,0.657876,0.747787,0.783959,0.759986,0.65866,0.622572,0.803599,0.771914,0.747212,0.766813,0.525585,0.707561,0.875351,0.806053,0.480182,0.6843
0.846617,0.854167,0.871496,0.865642,0.828445,0.739895,0.543413,0.686758,0.692126,0.890214,0.885794,0.659143,0.873858,0.88478,0.684028,0.862781,0.861942,0.816111,0.77682,0.863986,0.870753,0.752903,0.836274,0.866392,0.668669,0.863609,0.87328,0.829385,0.790547,0.588565,0.49723,0.520487,0.869011,0.875201,0.734053,0.505784,0.527694,0.819802,0.890526,0.826381,0.405097,0.71628,0.904788,0.889213,0.912922,0.891957,0.89042,0.856864,0.686602,0.776976,0.621228,0.879423,1,0.633106,0.875404,0.890629,0.616194,0.888156,0.888062,0.53159,0.659625,0.704287,0.78222,0.863665,0.865022,0.771851,0.737746,0.889678,0.680733,0.807706,0.845733,0.804714,0.748065,0.716762,0.485596,0.791472,0.817647,0.785149,0.796634,0.61447,0.682407,0.877877,0.854701,0.526063,0.781066
