1,0.739213,0.925998,0.84184,0.783375,0.754666,0.620362,0.523593,0.648833,0.670461,0.623711,0.641166,0.768929,0.711065,0.66486,0.616909,0.863472,0.607517,0.757936,0.714941,0.811605,0.436772,0.669865,0.819794,0.65798,0.656323,0.830238,0.738635,0.478719,0.39207,0.404955,0.410319,0.720161,0.781658,0.525914,0.619994,0.707256,0.558007,0.864331,0.778307,0.401173,0.456942,0.907365,0.751486,0.90219,0.871803,0.873751,0.833228,0.549345,0.632071,0.479039,0.610707,0.70424,0.79802,0.808492,0.722755,0.623407,0.717595,0.865176,0.34685,0.399021,0.565365,0.689211,0.807533,0.79855,0.504318,0.596513,0.830204,0.452313,0.592133,0.800645,0.545903,0.461726,0.367186,0.234224,0.741968,0.802276,0.351038,0.539735,0.177022,0.515089,0.871784,0.89683,0.383425,0.568484
0.739213,1,0.650675,0.533473,0.528056,0.5714,0.544162,0.455727,0.388775,0.556203,0.477892,0.697148,0.891244,0.904334,0.594854,0.897737,0.831811,0.483935,0.715998,0.686488,0.779605,0.441086,0.543609,0.54449,0.496849,0.465356,0.71405,0.597665,0.161964,0.358913,0.533351,0.447227,0.549008,0.479189,0.192807,0.411184,0.552475,0.587216,0.779823,0.747473,0.203698,0.305817,0.686422,0.927698,0.603527,0.639854,0.661816,0.647547,0.423677,0.455835,0.236397,0.505098,0.47672,0.733841,0.749506,0.864936,0.408627,0.907629,0.682181,0.102506,0.36071,0.301783,0.518034,0.628071,0.559433,0.336026,0.433259,0.514231,0.275707,0.388379,0.69186,0.398343,0.412134,0.159915,0.176603,0.536101,0.558654,0.325635,0.42791,0.187715,0.470492,0.591254,0.69185,0.278893,0.380956
0.925998,0.650675,1,0.873702,0.817203,0.765171,0.581005,0.574233,0.722476,0.671742,0.685781,0.636258,0.756925,0.622502,0.633956,0.576722,0.870002,0.626309,0.689285,0.760859,0.817398,0.431541,0.671048,0.83578,0.714475,0.657354,0.850133,0.736546,0.568811,0.379448,0.454185,0.389659,0.721911,0.74605,0.542778,0.562526,0.77424,0.568299,0.816489,0.797869,0.424388,0.630791,0.932438,0.676668,0.968144,0.870734,0.811148,0.825087,0.547896,0.660306,0.477399,0.650979,0.735667,0.835675,0.858052,0.640776,0.703833,0.630402,0.895941,0.32668,0.506975,0.673256,0.739182,0.878495,0.868464,0.530672,0.602994,0.874947,0.470372,0.73336,0.827352,0.589288,0.498929,0.414422,0.318931,0.778657,0.849045,0.472814,0.52967,0.261195,0.569216,0.903433,0.853112,0.435697,0.595381
0.84184,0.533473,0.873702,1,0.813682,0.847048,0.708692,0.557448,0.710641,0.730774,0.671369,0.633464,0.681422,0.498599,0.671741,0.386199,0.781155,0.608684,0.614839,0.750534,0.734988,0.463268,0.736424,0.902095,0.670873,0.721256,0.814419,0.65996,0.536766,0.386207,0.496749,0.566509,0.78214,0.722619,0.446703,0.609583,0.729132,0.499456,0.798002,0.688408,0.476613,0.57573,0.813935,0.536014,0.847087,0.828573,0.818918,0.821215,0.68072,0.669783,0.407733,0.652179,0.759036,0.741699,0.743245,0.519254,0.601913,0.489713,0.807952,0.388736,0.482459,0.579749,0.560558,0.837299,0.82697,0.552973,0.653419,0.930538,0.616672,0.720422,0.856893,0.617733,0.511376,0.447014,0.404138,0.668225,0.802946,0.511481,0.584545,0.313358,0.611878,0.904552,0.833996,0.440327,0.649204
0.783375,0.528056,0.817203,0.813682,1,0.822371,0.626569,0.529328,0.655166,0.659894,0.60394,0.596142,0.617588,0.505326,0.551774,0.420235,0.66367,0.563166,0.605976,0.737782,0.701464,0.264071,0.567471,0.861569,0.554362,0.663404,0.790407,0.681327,0.499216,0.295395,0.301679,0.435531,0.669031,0.709681,0.43356,0.508467,0.566955,0.551106,0.721151,0.63169,0.349333,0.487534,0.749677,0.46522,0.765965,0.813975,0.774591,0.724977,0.590643,0.588279,0.352892,0.571896,0.632405,0.623254,0.615609,0.466209,0.458832,0.457114,0.642924,0.450884,0.476295,0.444394,0.509302,0.791905,0.719808,0.492531,0.441073,0.837195,0.567218,0.631275,0.785662,0.648399,0.555668,0.241021,0.264836,0.615568,0.670025,0.277894,0.533655,0.187631,0.544634,0.788779,0.733852,0.481408,0.476407
0.754666,0.5714,0.765171,0.847048,0.822371,1,0.716711,0.465906,0.696338,0.750342,0.60446,0.682782,0.645277,0.512287,0.570851,0.420446,0.68531,0.618204,0.652869,0.840717,0.764025,0.343732,0.656292,0.835095,0.657157,0.75787,0.825888,0.683707,0.373413,0.42857,0.449084,0.625066,0.794008,0.73495,0.363589,0.586752,0.599026,0.530342,0.830853,0.702331,0.352088,0.503928,0.692587,0.48267,0.733253,0.777333,0.751738,0.737445,0.703974,0.707224,0.293438,0.663913,0.759084,0.633357,0.611706,0.471124,0.527677,0.492373,0.674879,0.537585,0.490567,0.517485,0.548293,0.805403,0.742343,0.608327,0.596949,0.849751,0.58087,0.730016,0.824357,0.683761,0.531581,0.317858,0.404802,0.606669,0.700633,0.504598,0.526946,0.243466,0.514486,0.82833,0.76434,0.47256,0.6186
0.620362,0.544162,0.581005,0.708692,0.626569,0.716711,1,0.390694,0.440365,0.638159,0.473172,0.623849,0.595575,0.483032,0.467627,0.356419,0.589472,0.444756,0.595422,0.661364,0.568004,0.388922,0.636498,0.638809,0.432465,0.731192,0.682645,0.541532,0.255897,0.469734,0.472966,0.573231,0.587252,0.454664,0.295532,0.428063,0.456919,0.349797,0.650886,0.490559,0.368562,0.369468,0.545082,0.444773,0.512209,0.653191,0.614591,0.536065,0.681911,0.53739,0.187738,0.560562,0.508899,0.617276,0.526086,0.46483,0.224345,0.467882,0.581837,0.218821,0.295534,0.38253,0.372609,0.626282,0.525105,0.438905,0.549898,0.632581,0.507828,0.490923,0.674563,0.555181,0.445402,0.328677,0.20774,0.373325,0.578429,0.356907,0.522389,0.171124,0.392488,0.659047,0.611645,0.358609,0.405103
0.523593,0.455727,0.574233,0.557448,0.529328,0.465906,0.390694,1,0.548613,0.465973,0.534221,0.478579,0.564735,0.529936,0.647713,0.565709,0.517906,0.207154,0.485307,0.580313,0.560691,0.401286,0.534247,0.574602,0.460031,0.374298,0.594248,0.563757,0.347982,0.286573,0.275102,0.436224,0.490275,0.467903,0.242043,0.573321,0.442275,0.534848,0.527088,0.567707,0.194673,0.401314,0.563648,0.528794,0.649446,0.624287,0.443913,0.538227,0.45598,0.445667,0.419731,0.535443,0.566577,0.474677,0.595275,0.594723,0.438518,0.502429,0.596826,0.203187,0.329899,0.330105,0.524922,0.599464,0.589146,0.474006,0.449152,0.55746,0.196682,0.50999,0.590841,0.315817,0.550902,0.189351,0.321479,0.490788,0.691606,0.164715,0.435102,-0.0302398,0.532878,0.561249,0.522374,0.416545,0.511349
0.648833,0.388775,0.722476,0.710641,0.655166,0.696338,0.440365,0.548613,1,0.689206,0.550852,0.614831,0.578851,0.38744,0.617529,0.288072,0.621829,0.695386,0.635191,0.679959,0.708266,0.353437,0.60937,0.759011,0.637888,0.680078,0.703692,0.579925,0.593733,0.405277,0.382185,0.50499,0.606945,0.737871,0.521138,0.643853,0.541902,0.404321,0.667406,0.629632,0.247335,0.500511,0.621091,0.384338,0.693254,0.732425,0.635858,0.591372,0.608464,0.679354,0.332123,0.526389,0.70534,0.571257,0.63178,0.369053,0.607094,0.351626,0.65141,0.47954,0.515843,0.571217,0.558425,0.782839,0.780431,0.542157,0.657758,0.730196,0.353974,0.661166,0.713308,0.578084,0.419591,0.264128,0.337594,0.682027,0.73187,0.562988,0.493096,0.161559,0.475791,0.792589,0.675842,0.593419,0.679588
0.670461,0.556203,0.671742,0.730774,0.659894,0.750342,0.638159,0.465973,0.689206,1,0.699851,0.745218,0.749179,0.465889,0.65445,0.366197,0.721577,0.522561,0.582917,0.755824,0.757638,0.480918,0.652824,0.817458,0.508348,0.643977,0.746368,0.693368,0.409714,0.508935,0.464613,0.675515,0.649829,0.650073,0.358647,0.637648,0.620204,0.259269,0.780888,0.720058,0.502491,0.316383,0.552871,0.466244,0.622308,0.775322,0.691645,0.593062,0.655538,0.55899,0.313229,0.735871,0.757876,0.714545,0.659606,0.462214,0.481569,0.459136,0.664293,0.460442,0.510291,0.445275,0.393153,0.770879,0.698459,0.632,0.642231,0.758588,0.493147,0.531671,0.736634,0.651013,0.406587,0.2578,0.52244,0.647466,0.720085,0.54274,0.587982,0.0610711,0.44728,0.771748,0.673923,0.477415,0.560931
0.623711,0.477892,0.685781,0.671369,0.60394,0.60446,0.473172,0.534221,0.550852,0.699851,1,0.526477,0.6832,0.399628,0.546883,0.423435,0.721779,0.347934,0.434753,0.557203,0.640225,0.362096,0.490724,0.750301,0.634541,0.496035,0.647445,0.666088,0.347748,0.379841,0.305092,0.435759,0.555524,0.522908,0.278431,0.565818,0.52068,0.34173,0.680274,0.661466,0.428662,0.331797,0.598715,0.441734,0.683781,0.706496,0.626429,0.649462,0.557683,0.481719,0.237021,0.791423,0.737565,0.676794,0.672236,0.404439,0.60348,0.420115,0.635675,0.359632,0.538233,0.448527,0.45883,0.737686,0.628881,0.517538,0.512915,0.721069,0.338141,0.486346,0.670887,0.556259,0.545031,0.393197,0.376044,0.688233,0.718178,0.455677,0.578659,0.311283,0.358891,0.659863,0.52463,0.314899,0.511864
0.641166,0.697148,0.636258,0.633464,0.596142,0.682782,0.623849,0.478579,0.614831,0.745218,0.526477,1,0.846705,0.624675,0.743951,0.603805,0.684161,0.563574,0.757243,0.779306,0.811896,0.534465,0.657103,0.680593,0.603002,0.639759,0.754248,0.596203,0.320665,0.512261,0.504354,0.635077,0.682727,0.624029,0.220199,0.585439,0.532233,0.502422,0.792303,0.675986,0.157972,0.373604,0.562497,0.630931,0.604839,0.735647,0.61631,0.589845,0.534824,0.615502,0.185115,0.514609,0.555506,0.692686,0.656737,0.59471,0.480844,0.702209,0.663364,0.357986,0.527209,0.345803,0.498409,0.736932,0.74512,0.664861,0.622001,0.656395,0.456172,0.615335,0.778108,0.627892,0.477015,0.142254,0.296918,0.576433,0.704088,0.520004,0.39182,-0.0169757,0.449412,0.683383,0.650778,0.498939,0.518671
0.768929,0.891244,0.756925,0.681422,0.617588,0.645277,0.595575,0.564735,0.578851,0.749179,0.6832,0.846705,1,0.809652,0.751433,0.804245,0.91719,0.513729,0.742708,0.751756,0.842501,0.510967,0.676566,0.695296,0.602359,0.562417,0.78573,0.658674,0.339585,0.480978,0.588374,0.567901,0.651515,0.55892,0.288447,0.583867,0.668555,0.559668,0.845183,0.777321,0.291558,0.39545,0.71016,0.845694,0.710866,0.768406,0.715773,0.753935,0.511009,0.587895,0.313466,0.677818,0.661771,0.843934,0.858426,0.796276,0.565358,0.835183,0.797407,0.2407,0.563194,0.465235,0.571357,0.785084,0.753201,0.529221,0.592518,0.692035,0.422999,0.542104,0.81098,0.569096,0.534863,0.244915,0.286236,0.701657,0.742746,0.484661,0.529295,0.150929,0.511662,0.725763,0.713682,0.384319,0.50085
0.711065,0.904334,0.622502,0.498599,0.505326,0.512287,0.483032,0.529936,0.38744,0.465889,0.399628,0.624675,0.809652,1,0.567799,0.896766,0.73978,0.304521,0.756235,0.648359,0.757504,0.368617,0.593869,0.493804,0.467128,0.417077,0.729149,0.511602,0.206526,0.344908,0.510067,0.384439,0.520057,0.542744,0.237431,0.441294,0.519328,0.607445,0.733935,0.735769,0.0541893,0.309465,0.689919,0.883658,0.599866,0.64316,0.6301,0.604352,0.451255,0.417114,0.233446,0.428566,0.43821,0.650982,0.6848,0.955093,0.454085,0.90068,0.630149,0.105514,0.265077,0.240064,0.613419,0.575253,0.559254,0.386771,0.455405,0.480609,0.289011,0.377201,0.677213,0.318254,0.368988,0.0351801,0.0892305,0.452061,0.563152,0.19549,0.440363,0.143532,0.437713,0.571496,0.655911,0.254323,0.365192
0.66486,0.594854,0.633956,0.671741,0.551774,0.570851,0.467627,0.647713,0.617529,0.65445,0.546883,0.743951,0.751433,0.567799,1,0.548511,0.70372,0.450939,0.593746,0.609713,0.697027,0.612204,0.627137,0.691752,0.479085,0.510373,0.641539,0.588885,0.352096,0.457969,0.322088,0.560292,0.60938,0.587611,0.332844,0.610666,0.534597,0.368351,0.694892,0.616173,0.235963,0.303613,0.567544,0.585886,0.634435,0.693543,0.621029,0.64446,0.477877,0.628026,0.347389,0.462572,0.614777,0.64678,0.666219,0.576996,0.57252,0.599239,0.617117,0.331563,0.482997,0.334727,0.471695,0.723429,0.739189,0.690963,0.529452,0.685838,0.351035,0.539821,0.71502,0.349583,0.435992,0.223466,0.44073,0.657928,0.739394,0.465015,0.4948,-0.121466,0.560857,0.641605,0.695912,0.350268,0.508459
0.616909,0.897737,0.576722,0.386199,0.420235,0.420446,0.356419,0.565709,0.288072,0.366197,0.423435,0.603805,0.804245,0.896766,0.548511,1,0.718738,0.301622,0.64908,0.620682,0.731182,0.381977,0.454915,0.401416,0.432987,0.284819,0.633987,0.513238,0.0689795,0.249819,0.395634,0.296171,0.483133,0.385306,0.128487,0.382756,0.504438,0.669424,0.680667,0.706788,0.0625461,0.310197,0.654406,0.894336,0.591301,0.546688,0.497088,0.573354,0.290923,0.383571,0.256975,0.405357,0.394539,0.632874,0.702015,0.864824,0.460669,0.926134,0.603309,0.0509424,0.388873,0.253285,0.603638,0.538146,0.537785,0.391347,0.365959,0.394013,0.178708,0.346285,0.580341,0.244069,0.479779,0.150811,0.0932405,0.469389,0.517932,0.159301,0.305624,0.0588588,0.470633,0.485298,0.58726,0.202725,0.319894
0.863472,0.831811,0.870002,0.781155,0.66367,0.68531,0.589472,0.517906,0.621829,0.721577,0.721779,0.684161,0.91719,0.73978,0.70372,0.718738,1,0.5572,0.697365,0.716687,0.820576,0.509176,0.699253,0.745286,0.651814,0.601453,0.796244,0.727807,0.449881,0.450866,0.540788,0.477824,0.697077,0.603941,0.452435,0.56226,0.793318,0.488327,0.843557,0.78083,0.461946,0.49842,0.830095,0.809737,0.827075,0.790986,0.783074,0.830831,0.486156,0.619497,0.34666,0.710653,0.728597,0.881622,0.895615,0.73966,0.608681,0.759832,0.856347,0.235399,0.557673,0.596427,0.640748,0.830375,0.800619,0.484513,0.586438,0.764724,0.397206,0.548156,0.818181,0.514435,0.540733,0.417709,0.349646,0.791592,0.787988,0.525943,0.564251,0.252707,0.533628,0.823634,0.821796,0.388088,0.532844
0.607517,0.483935,0.626309,0.608684,0.563166,0.618204,0.444756,0.207154,0.695386,0.522561,0.347934,0.563574,0.513729,0.304521,0.450939,0.301622,0.5572,1,0.455747,0.638257,0.57649,0.331021,0.377268,0.624165,0.595897,0.601801,0.515941,0.488025,0.330235,0.31829,0.366223,0.409211,0.56096,0.47695,0.26061,0.311289,0.445469,0.422967,0.600253,0.57267,0.222953,0.497517,0.557469,0.45388,0.55335,0.518734,0.522803,0.448841,0.355603,0.622427,0.258712,0.32356,0.447796,0.590366,0.57179,0.273823,0.43698,0.399351,0.586288,0.273729,0.484799,0.42872,0.416496,0.647394,0.622896,0.268277,0.372824,0.577645,0.378345,0.591163,0.567067,0.471125,0.284819,0.37724,0.315522,0.515008,0.461464,0.495556,0.328672,0.272347,0.408069,0.64291,0.644403,0.348079,0.507517
0.757936,0.715998,0.689285,0.614839,0.605976,0.652869,0.595422,0.485307,0.635191,0.582917,0.434753,0.757243,0.742708,0.756235,0.593746,0.64908,0.697365,0.455747,1,0.695414,0.808672,0.399307,0.689845,0.631301,0.580891,0.640752,0.786173,0.585157,0.412664,0.34615,0.507245,0.458246,0.668578,0.763637,0.524211,0.566817,0.509896,0.586819,0.807713,0.639646,0.107241,0.336252,0.692128,0.679452,0.65421,0.736303,0.690166,0.663356,0.522071,0.604744,0.188965,0.46624,0.558179,0.638355,0.635822,0.727059,0.452786,0.743742,0.653583,0.332415,0.339632,0.395494,0.696533,0.629696,0.711168,0.538006,0.708653,0.631658,0.315074,0.478531,0.711863,0.55741,0.470085,0.142202,0.0304387,0.621156,0.670239,0.374605,0.4174,0.0585637,0.354555,0.745504,0.722668,0.524423,0.549153
0.714941,0.686488,0.760859,0.750534,0.737782,0.840717,0.661364,0.580313,0.679959,0.755824,0.557203,0.779306,0.751756,0.648359,0.609713,0.620682,0.716687,0.638257,0.695414,1,0.881868,0.424923,0.688153,0.783047,0.706331,0.709173,0.855801,0.700677,0.368987,0.483249,0.5653,0.596661,0.725778,0.690204,0.314526,0.534001,0.625726,0.559561,0.854776,0.828844,0.302145,0.641203,0.729509,0.652143,0.744819,0.729646,0.673672,0.637371,0.595607,0.651816,0.259092,0.660939,0.729383,0.686621,0.686971,0.644744,0.521137,0.656177,0.742875,0.498128,0.521218,0.45756,0.676476,0.84251,0.810034,0.58187,0.553525,0.795879,0.528675,0.793626,0.828238,0.610389,0.500203,0.344668,0.431186,0.580081,0.731315,0.520569,0.46787,0.195702,0.570907,0.817758,0.765674,0.467411,0.66077
0.811605,0.779605,0.817398,0.734988,0.701464,0.764025,0.568004,0.560691,0.708266,0.757638,0.640225,0.811896,0.842501,0.757504,0.697027,0.731182,0.820576,0.57649,0.808672,0.881868,1,0.566294,0.681725,0.79905,0.6692,0.692046,0.915781,0.700335,0.410576,0.437335,0.453605,0.541142,0.732792,0.818864,0.395038,0.671959,0.62818,0.575573,0.938681,0.888549,0.307883,0.507334,0.806354,0.724105,0.798371,0.809466,0.790505,0.724681,0.654919,0.654202,0.30688,0.620337,0.750516,0.740012,0.750637,0.726981,0.633325,0.774204,0.755292,0.479478,0.528908,0.504561,0.700777,0.846896,0.860073,0.700462,0.659891,0.797503,0.447198,0.66212,0.858334,0.585631,0.471114,0.326474,0.379676,0.723747,0.791136,0.547229,0.451429,0.159706,0.571838,0.863478,0.851301,0.50277,0.674395
0.436772,0.441086,0.431541,0.463268,0.264071,0.343732,0.388922,0.401286,0.353437,0.480918,0.362096,0.534465,0.510967,0.368617,0.612204,0.381977,0.509176,0.331021,0.399307,0.424923,0.566294,1,0.448066,0.458155,0.28888,0.417155,0.522762,0.408965,0.259336,0.410248,0.0775029,0.436832,0.483833,0.385566,0.242226,0.517733,0.321769,0.196392,0.562043,0.499771,0.384112,0.23204,0.429541,0.400753,0.459315,0.446273,0.363524,0.397328,0.424636,0.468898,0.129139,0.194241,0.391713,0.557769,0.550772,0.375293,0.360692,0.429819,0.474005,0.243379,0.297222,0.196701,0.316353,0.479014,0.558831,0.583048,0.473556,0.460557,0.0847975,0.352499,0.471258,0.206492,0.178086,0.410341,0.479808,0.509801,0.412328,0.514527,0.153556,0.00789052,0.391825,0.500473,0.585377,0.296756,0.580753
0.669865,0.543609,0.671048,0.736424,0.567471,0.656292,0.636498,0.534247,0.60937,0.652824,0.490724,0.657103,0.676566,0.593869,0.627137,0.454915,0.699253,0.377268,0.689845,0.688153,0.681725,0.448066,1,0.698923,0.580759,0.606689,0.814154,0.432036,0.537344,0.472773,0.519633,0.665913,0.588024,0.544412,0.431874,0.595533,0.664298,0.435796,0.682051,0.598423,0.218674,0.476779,0.639138,0.57885,0.650972,0.715288,0.673526,0.690617,0.535161,0.589382,0.293236,0.61138,0.642746,0.643905,0.595385,0.606002,0.4541,0.528827,0.688565,0.256083,0.522922,0.392737,0.585735,0.700544,0.760336,0.518538,0.761499,0.700768,0.594293,0.584459,0.75106,0.617069,0.417689,0.182176,0.321399,0.589121,0.707384,0.418755,0.442085,0.0288332,0.491008,0.722662,0.700859,0.422497,0.565462
0.819794,0.54449,0.83578,0.902095,0.861569,0.835095,0.638809,0.574602,0.759011,0.817458,0.750301,0.680593,0.695296,0.493804,0.691752,0.401416,0.745286,0.624165,0.631301,0.783047,0.79905,0.458155,0.698923,1,0.685714,0.691546,0.863236,0.70638,0.533517,0.3887,0.333485,0.608077,0.733316,0.763512,0.403031,0.690617,0.648689,0.437525,0.831639,0.734477,0.472959,0.477147,0.796709,0.530229,0.81571,0.895422,0.849915,0.758958,0.67071,0.623369,0.387261,0.695768,0.805392,0.692388,0.693467,0.485887,0.615151,0.465826,0.75579,0.487649,0.51754,0.524418,0.547907,0.863834,0.830332,0.631398,0.654119,0.938217,0.616846,0.700674,0.848249,0.716116,0.522648,0.373328,0.472797,0.71915,0.787986,0.48312,0.539591,0.238197,0.633793,0.877573,0.833172,0.53483,0.677174
0.65798,0.496849,0.714475,0.670873,0.554362,0.657157,0.432465,0.460031,0.637888,0.508348,0.634541,0.603002,0.602359,0.467128,0.479085,0.432987,0.651814,0.595897,0.580891,0.706331,0.6692,0.28888,0.580759,0.685714,1,0.59309,0.684183,0.619002,0.356971,0.399028,0.466445,0.36791,0.741519,0.599878,0.230368,0.406303,0.57985,0.494993,0.714883,0.680557,0.14018,0.639997,0.705352,0.557759,0.727574,0.655487,0.583801,0.571551,0.4226,0.603712,0.192479,0.581982,0.615408,0.604376,0.6327,0.482709,0.606853,0.517577,0.741021,0.293109,0.424609,0.403239,0.6926,0.690792,0.743884,0.351257,0.490293,0.689208,0.363558,0.731887,0.716652,0.487241,0.423999,0.386474,0.33257,0.575325,0.700637,0.45668,0.380111,0.452059,0.312528,0.690792,0.622824,0.496259,0.604259
0.656323,0.465356,0.657354,0.721256,0.663404,0.75787,0.731192,0.374298,0.680078,0.643977,0.496035,0.639759,0.562417,0.417077,0.510373,0.284819,0.601453,0.601801,0.640752,0.709173,0.692046,0.417155,0.606689,0.691546,0.59309,1,0.757118,0.621863,0.429702,0.549065,0.408989,0.598071,0.643811,0.697606,0.420204,0.539624,0.409685,0.392005,0.700573,0.531283,0.349653,0.588298,0.540623,0.366808,0.597182,0.66681,0.703109,0.623477,0.660926,0.632327,0.213722,0.533369,0.624676,0.571949,0.526216,0.407912,0.323464,0.432244,0.595611,0.550681,0.459928,0.493495,0.419191,0.737158,0.702096,0.494202,0.603585,0.71219,0.438084,0.588746,0.774561,0.554559,0.357517,0.281156,0.22532,0.569166,0.666422,0.630484,0.449153,0.23806,0.391918,0.764862,0.686886,0.492244,0.567482
0.830238,0.71405,0.850133,0.814419,0.790407,0.825888,0.682645,0.594248,0.703692,0.746368,0.647445,0.754248,0.78573,0.729149,0.641539,0.633987,0.796244,0.515941,0.786173,0.855801,0.915781,0.522762,0.814154,0.863236,0.684183,0.757118,1,0.670652,0.495021,0.510579,0.422682,0.591501,0.725156,0.785048,0.441601,0.676133,0.643261,0.571403,0.896168,0.811854,0.326667,0.565561,0.8372,0.682296,0.829657,0.881219,0.849701,0.785579,0.708162,0.660372,0.364804,0.648623,0.745548,0.733485,0.736023,0.707121,0.613003,0.67969,0.786995,0.435914,0.528799,0.505451,0.670337,0.858359,0.846267,0.650348,0.727508,0.846297,0.555351,0.701641,0.904067,0.668184,0.477105,0.277741,0.326826,0.698898,0.788207,0.497412,0.485674,0.19777,0.586166,0.875649,0.857926,0.544321,0.66481
0.738635,0.597665,0.736546,0.65996,0.681327,0.683707,0.541532,0.563757,0.579925,0.693368,0.666088,0.596203,0.658674,0.511602,0.588885,0.513238,0.727807,0.488025,0.585157,0.700677,0.700335,0.408965,0.432036,0.70638,0.619002,0.621863,0.670652,1,0.294588,0.372897,0.35729,0.309349,0.739756,0.622692,0.341233,0.452765,0.567546,0.320545,0.725901,0.693749,0.488377,0.406022,0.683451,0.543176,0.770287,0.731419,0.61941,0.585248,0.465892,0.543225,0.346653,0.610491,0.631795,0.709664,0.738842,0.529135,0.415137,0.578003,0.722114,0.404105,0.292972,0.434081,0.516658,0.714913,0.648391,0.498407,0.43745,0.671239,0.145137,0.51849,0.658371,0.446544,0.487309,0.415261,0.426359,0.678325,0.741948,0.379182,0.503117,0.109053,0.376782,0.732502,0.687706,0.471752,0.392584
0.478719,0.161964,0.568811,0.536766,0.499216,0.373413,0.255897,0.347982,0.593733,0.409714,0.347748,0.320665,0.339585,0.206526,0.352096,0.0689795,0.449881,0.330235,0.412664,0.368987,0.410576,0.259336,0.537344,0.533517,0.356971,0.429702,0.495021,0.294588,1,0.340068,0.309276,0.226912,0.283473,0.54811,0.630229,0.471375,0.350146,0.127069,0.35091,0.250233,0.195153,0.398933,0.500184,0.193801,0.538277,0.455976,0.456545,0.502077,0.22793,0.384492,0.171815,0.394335,0.479906,0.353774,0.387317,0.280736,0.489153,0.058539,0.456212,0.353159,0.284581,0.477225,0.475956,0.455082,0.601114,0.315275,0.456121,0.611659,0.336498,0.511578,0.555872,0.532922,0.369947,0.259617,0.26963,0.518394,0.527125,0.348381,0.236631,0.105193,0.40264,0.571316,0.50197,0.455878,0.422882
0.39207,0.358913,0.379448,0.386207,0.295395,0.42857,0.469734,0.286573,0.405277,0.508935,0.379841,0.512261,0.480978,0.344908,0.457969,0.249819,0.450866,0.31829,0.34615,0.483249,0.437335,0.410248,0.472773,0.3887,0.399028,0.549065,0.510579,0.372897,0.340068,1,0.217671,0.312827,0.368739,0.383711,0.347439,0.333127,0.28469,0.129395,0.471465,0.411963,0.214618,0.431728,0.301669,0.314446,0.352976,0.396684,0.385872,0.397723,0.327114,0.581436,0.121166,0.375305,0.402667,0.428609,0.383503,0.360925,0.350975,0.313289,0.393022,0.31903,0.38353,0.246347,0.37885,0.492971,0.454908,0.319291,0.33729,0.423159,0.201772,0.407687,0.560908,0.225328,0.174047,0.21454,0.19458,0.462266,0.456761,0.417282,0.264145,-0.0486626,0.0678542,0.424538,0.424352,0.368411,0.35165
0.404955,0.533351,0.454185,0.496749,0.301679,0.449084,0.472966,0.275102,0.382185,0.464613,0.305092,0.504354,0.588374,0.510067,0.322088,0.395634,0.540788,0.366223,0.507245,0.5653,0.453605,0.0775029,0.519633,0.333485,0.466445,0.408989,0.422682,0.35729,0.309276,0.217671,1,0.36154,0.373861,0.311214,0.161344,0.135146,0.456558,0.36376,0.43727,0.453276,0.0735476,0.401048,0.381772,0.520143,0.382644,0.346637,0.377942,0.36801,0.282185,0.293162,0.0622581,0.50199,0.337261,0.511009,0.498942,0.551959,0.229325,0.487191,0.523261,-0.0107034,0.144594,0.280274,0.372574,0.41111,0.404472,0.0861688,0.374669,0.404785,0.306918,0.464996,0.513703,0.423599,0.2422,0.0422306,0.157908,0.225735,0.477142,0.386957,0.381347,0.30664,0.316525,0.452577,0.310341,0.243041,0.244984
0.410319,0.447227,0.389659,0.566509,0.435531,0.625066,0.573231,0.436224,0.50499,0.675515,0.435759,0.635077,0.567901,0.384439,0.560292,0.296171,0.477824,0.409211,0.458246,0.596661,0.541142,0.436832,0.665913,0.608077,0.36791,0.598071,0.591501,0.309349,0.226912,0.312827,0.36154,1,0.44473,0.388217,0.0682155,0.605094,0.390038,0.306773,0.566457,0.455097,0.202037,0.252181,0.301962,0.384849,0.347504,0.55325,0.538109,0.520756,0.613411,0.411772,0.175303,0.577492,0.590003,0.418776,0.38403,0.372704,0.276691,0.361473,0.44778,0.362791,0.555022,0.329954,0.190723,0.597326,0.535947,0.553452,0.633355,0.561223,0.571933,0.469881,0.590019,0.607818,0.402288,0.0437978,0.384321,0.405642,0.510787,0.507942,0.449995,0.154171,0.522572,0.530671,0.527658,0.263672,0.574024
0.720161,0.549008,0.721911,0.78214,0.669031,0.794008,0.587252,0.490275,0.606945,0.649829,0.555524,0.682727,0.651515,0.520057,0.60938,0.483133,0.697077,0.56096,0.668578,0.725778,0.732792,0.483833,0.588024,0.733316,0.741519,0.643811,0.725156,0.739756,0.283473,0.368739,0.373861,0.44473,1,0.681546,0.274979,0.499635,0.621566,0.527731,0.829369,0.706682,0.262408,0.510422,0.690046,0.492939,0.741312,0.711638,0.653014,0.639666,0.588338,0.732736,0.299932,0.479525,0.600286,0.684048,0.689644,0.486961,0.550903,0.586952,0.691052,0.335389,0.457506,0.37337,0.587014,0.668163,0.762363,0.608215,0.596496,0.719119,0.368226,0.581513,0.725229,0.447588,0.460337,0.460673,0.436034,0.610374,0.715168,0.414901,0.454825,0.191231,0.357306,0.793971,0.755655,0.54781,0.489467
0.781658,0.479189,0.74605,0.722619,0.709681,0.73495,0.454664,0.467903,0.737871,0.650073,0.522908,0.624029,0.55892,0.542744,0.587611,0.385306,0.603941,0.47695,0.763637,0.690204,0.818864,0.385566,0.544412,0.763512,0.599878,0.697606,0.785048,0.622692,0.54811,0.383711,0.311214,0.388217,0.681546,1,0.54806,0.651906,0.46707,0.418651,0.807754,0.690397,0.244573,0.421143,0.703903,0.440693,0.731184,0.765953,0.792153,0.654635,0.651386,0.636734,0.262787,0.486208,0.698832,0.494134,0.521991,0.540323,0.591702,0.510774,0.602567,0.590514,0.293294,0.455786,0.641439,0.726234,0.749254,0.640169,0.565812,0.784542,0.34131,0.605281,0.767704,0.491004,0.337728,0.224029,0.262845,0.630331,0.74337,0.450164,0.433762,0.125261,0.394751,0.82622,0.781633,0.544407,0.651864
0.525914,0.192807,0.542778,0.446703,0.43356,0.363589,0.295532,0.242043,0.521138,0.358647,0.278431,0.220199,0.288447,0.237431,0.332844,0.128487,0.452435,0.26061,0.524211,0.314526,0.395038,0.242226,0.431874,0.403031,0.230368,0.420204,0.441601,0.341233,0.630229,0.347439,0.161344,0.0682155,0.274979,0.54806,1,0.321092,0.368926,0.0973362,0.399369,0.261811,0.249516,0.30719,0.511774,0.207785,0.502879,0.421935,0.411253,0.491249,0.18821,0.463152,0.132084,0.270786,0.415054,0.444983,0.421807,0.30068,0.339397,0.162826,0.413819,0.353887,0.23601,0.424225,0.555701,0.448538,0.481785,0.268782,0.3788,0.496102,0.139776,0.279106,0.382805,0.31009,0.235409,0.362972,-0.00799267,0.576392,0.456608,0.336876,0.329647,-0.113283,0.0671354,0.578622,0.494423,0.210108,0.384424
0.619994,0.411184,0.562526,0.609583,0.508467,0.586752,0.428063,0.573321,0.643853,0.637648,0.565818,0.585439,0.583867,0.441294,0.610666,0.382756,0.56226,0.311289,0.566817,0.534001,0.671959,0.517733,0.595533,0.690617,0.406303,0.539624,0.676133,0.452765,0.471375,0.333127,0.135146,0.605094,0.499635,0.651906,0.321092,1,0.430308,0.396078,0.67759,0.517973,0.373802,0.185224,0.525405,0.414436,0.615012,0.679668,0.576418,0.648095,0.610527,0.475222,0.327084,0.565336,0.763006,0.462479,0.54179,0.45663,0.547366,0.408089,0.607705,0.528587,0.396019,0.577681,0.439511,0.648274,0.698103,0.738933,0.69779,0.694316,0.372839,0.470403,0.646516,0.539285,0.562706,0.233097,0.310956,0.559561,0.630877,0.413354,0.372784,0.01981,0.5952,0.654024,0.637967,0.418391,0.699313
0.707256,0.552475,0.77424,0.729132,0.566955,0.599026,0.456919,0.442275,0.541902,0.620204,0.52068,0.532233,0.668555,0.519328,0.534597,0.504438,0.793318,0.445469,0.509896,0.625726,0.62818,0.321769,0.664298,0.648689,0.57985,0.409685,0.643261,0.567546,0.350146,0.28469,0.456558,0.390038,0.621566,0.46707,0.368926,0.430308,1,0.384859,0.6231,0.617892,0.492664,0.496332,0.747793,0.647114,0.768227,0.735582,0.607858,0.722609,0.343036,0.474884,0.42847,0.603367,0.626604,0.723614,0.734436,0.550996,0.541994,0.572172,0.772303,0.121091,0.500837,0.567776,0.610421,0.702558,0.709944,0.420213,0.552398,0.660085,0.464376,0.51513,0.676473,0.386747,0.46646,0.324656,0.310523,0.623079,0.693072,0.390599,0.41295,0.117645,0.528097,0.731107,0.702272,0.367199,0.454726
0.558007,0.587216,0.568299,0.499456,0.551106,0.530342,0.349797,0.534848,0.404321,0.259269,0.34173,0.502422,0.559668,0.607445,0.368351,0.669424,0.488327,0.422967,0.586819,0.559561,0.575573,0.196392,0.435796,0.437525,0.494993,0.392005,0.571403,0.320545,0.127069,0.129395,0.36376,0.306773,0.527731,0.418651,0.0973362,0.396078,0.384859,1,0.569744,0.559068,0.0178647,0.480179,0.55147,0.576191,0.554499,0.471828,0.42491,0.516131,0.359477,0.474887,0.267933,0.270774,0.341264,0.482395,0.534463,0.536232,0.370443,0.643562,0.503188,0.0623211,0.383097,0.301781,0.507511,0.474795,0.525344,0.271735,0.393036,0.454623,0.301872,0.432908,0.538661,0.333156,0.472233,0.0345399,-0.0537206,0.329362,0.405922,0.0841632,0.242972,0.218134,0.470153,0.454299,0.443846,0.315481,0.409588
0.864331,0.779823,0.816489,0.798002,0.721151,0.830853,0.650886,0.527088,0.667406,0.780888,0.680274,0.792303,0.845183,0.733935,0.694892,0.680667,0.843557,0.600253,0.807713,0.854776,0.938681,0.562043,0.682051,0.831639,0.714883,0.700573,0.896168,0.725901,0.35091,0.471465,0.43727,0.566457,0.829369,0.807754,0.399369,0.67759,0.6231,0.569744,1,0.874597,0.342285,0.477006,0.809343,0.720652,0.79843,0.81815,0.831039,0.770472,0.661404,0.724713,0.327336,0.652786,0.771322,0.767839,0.769971,0.708763,0.644453,0.759083,0.785617,0.45809,0.50029,0.501687,0.67863,0.837482,0.826465,0.663834,0.647257,0.834758,0.485611,0.638136,0.860567,0.589039,0.485918,0.414239,0.351511,0.708088,0.759527,0.499769,0.506407,0.22354,0.483045,0.876304,0.869431,0.460002,0.67453
0.778307,0.747473,0.797869,0.688408,0.63169,0.702331,0.490559,0.567707,0.629632,0.720058,0.661466,0.675986,0.777321,0.735769,0.616173,0.706788,0.78083,0.57267,0.639646,0.828844,0.888549,0.499771,0.598423,0.734477,0.680557,0.531283,0.811854,0.693749,0.250233,0.411963,0.453276,0.455097,0.706682,0.690397,0.261811,0.517973,0.617892,0.559068,0.874597,1,0.276953,0.534055,0.781272,0.715669,0.784915,0.742106,0.704566,0.591199,0.585699,0.598746,0.332664,0.621607,0.667274,0.773793,0.771388,0.701831,0.625828,0.742091,0.753224,0.275215,0.45707,0.39541,0.684537,0.813528,0.754936,0.561331,0.500006,0.69721,0.352724,0.623252,0.727617,0.457453,0.31725,0.333917,0.450967,0.620899,0.735897,0.435608,0.456582,0.215125,0.454759,0.785231,0.764859,0.374738,0.597305
0.401173,0.203698,0.424388,0.476613,0.349333,0.352088,0.368562,0.194673,0.247335,0.502491,0.428662,0.157972,0.291558,0.0541893,0.235963,0.0625461,0.461946,0.222953,0.107241,0.302145,0.307883,0.384112,0.218674,0.472959,0.14018,0.349653,0.326667,0.488377,0.195153,0.214618,0.0735476,0.202037,0.262408,0.244573,0.249516,0.373802,0.492664,0.0178647,0.342285,0.276953,1,0.207224,0.359629,0.180247,0.421322,0.390032,0.354373,0.391754,0.232699,0.150513,0.247312,0.401517,0.50955,0.425896,0.42271,0.0744688,0.123071,0.113268,0.427095,0.240025,0.165896,0.502113,0.0642839,0.460763,0.349095,0.219275,0.239423,0.474934,0.1842,0.185478,0.329158,0.185859,0.295494,0.33247,0.310472,0.428966,0.30602,0.400207,0.249155,0.130732,0.401747,0.435627,0.39761,0.224595,0.373779
0.456942,0.305817,0.630791,0.57573,0.487534,0.503928,0.369468,0.401314,0.500511,0.316383,0.331797,0.373604,0.39545,0.309465,0.303613,0.310197,0.49842,0.497517,0.336252,0.641203,0.507334,0.23204,0.476779,0.477147,0.639997,0.588298,0.565561,0.406022,0.398933,0.431728,0.401048,0.252181,0.510422,0.421143,0.30719,0.185224,0.496332,0.480179,0.477006,0.534055,0.207224,1,0.574593,0.353677,0.609351,0.41596,0.410078,0.414577,0.240342,0.529852,0.184739,0.409118,0.43617,0.489665,0.502666,0.335325,0.382115,0.331505,0.55751,0.186069,0.418721,0.447815,0.598325,0.622012,0.630723,0.207464,0.247033,0.545735,0.28241,0.683546,0.590904,0.299177,0.213289,0.420437,0.308538,0.391842,0.53823,0.438298,0.140634,0.326473,0.360351,0.584796,0.498308,0.417775,0.478054
0.907365,0.686422,0.932438,0.813935,0.749677,0.692587,0.545082,0.563648,0.621091,0.552871,0.598715,0.562497,0.71016,0.689919,0.567544,0.654406,0.830095,0.557469,0.692128,0.729509,0.806354,0.429541,0.639138,0.796709,0.705352,0.540623,0.8372,0.683451,0.500184,0.301669,0.381772,0.301962,0.690046,0.703903,0.511774,0.525405,0.747793,0.55147,0.809343,0.781272,0.359629,0.574593,1,0.762552,0.935879,0.837527,0.793422,0.788093,0.478578,0.565086,0.421142,0.583503,0.662772,0.767873,0.822458,0.714045,0.674171,0.683645,0.875687,0.255047,0.396451,0.585109,0.797737,0.785925,0.819887,0.478709,0.556098,0.813526,0.452223,0.675713,0.781557,0.526001,0.501809,0.501787,0.277445,0.701844,0.777887,0.340668,0.425211,0.290439,0.587146,0.871558,0.886152,0.419117,0.599888
0.751486,0.927698,0.676668,0.536014,0.46522,0.48267,0.444773,0.528794,0.384338,0.466244,0.441734,0.630931,0.845694,0.883658,0.585886,0.894336,0.809737,0.45388,0.679452,0.652143,0.724105,0.400753,0.57885,0.530229,0.557759,0.366808,0.682296,0.543176,0.193801,0.314446,0.520143,0.384849,0.492939,0.440693,0.207785,0.414436,0.647114,0.576191,0.720652,0.715669,0.180247,0.353677,0.762552,1,0.673616,0.66616,0.638776,0.677168,0.303821,0.407884,0.328316,0.517327,0.484753,0.707972,0.776302,0.906411,0.478915,0.915388,0.776497,0.0475014,0.339045,0.341641,0.625817,0.622232,0.601391,0.286077,0.431133,0.514332,0.297648,0.44878,0.66935,0.354301,0.419476,0.204804,0.136999,0.527963,0.593769,0.254661,0.358984,0.171534,0.513852,0.59558,0.702854,0.242848,0.443044
0.90219,0.603527,0.968144,0.847087,0.765965,0.733253,0.512209,0.649446,0.693254,0.622308,0.683781,0.604839,0.710866,0.599866,0.634435,0.591301,0.827075,0.55335,0.65421,0.744819,0.798371,0.459315,0.650972,0.81571,0.727574,0.597182,0.829657,0.770287,0.538277,0.352976,0.382644,0.347504,0.741312,0.731184,0.502879,0.615012,0.768227,0.554499,0.79843,0.784915,0.421322,0.609351,0.935879,0.673616,1,0.862132,0.757808,0.813847,0.507614,0.619503,0.515454,0.642387,0.734886,0.794997,0.855315,0.64415,0.72462,0.627698,0.912309,0.341788,0.466133,0.649778,0.763452,0.846318,0.870381,0.577244,0.60697,0.849173,0.400812,0.726977,0.789222,0.541871,0.525741,0.466715,0.360292,0.767374,0.867897,0.425539,0.484397,0.191873,0.584052,0.888143,0.844991,0.453043,0.605141
0.871803,0.639854,0.870734,0.828573,0.813975,0.777333,0.653191,0.624287,0.732425,0.775322,0.706496,0.735647,0.768406,0.64316,0.693543,0.546688,0.790986,0.518734,0.736303,0.729646,0.809466,0.446273,0.715288,0.895422,0.655487,0.66681,0.881219,0.731419,0.455976,0.396684,0.346637,0.55325,0.711638,0.765953,0.421935,0.679668,0.735582,0.471828,0.81815,0.742106,0.390032,0.41596,0.837527,0.66616,0.862132,1,0.860369,0.791617,0.665628,0.575337,0.460837,0.688977,0.733972,0.746685,0.763043,0.634864,0.614867,0.632849,0.823102,0.363168,0.473186,0.51126,0.615881,0.853156,0.809605,0.648616,0.687332,0.82842,0.512284,0.627618,0.838239,0.659906,0.501978,0.246292,0.325358,0.723177,0.85495,0.396452,0.548012,0.100647,0.566761,0.868201,0.83125,0.548478,0.601477
0.873751,0.661816,0.811148,0.818918,0.774591,0.751738,0.614591,0.443913,0.635858,0.691645,0.626429,0.61631,0.715773,0.6301,0.621029,0.497088,0.783074,0.522803,0.690166,0.673672,0.790505,0.363524,0.673526,0.849915,0.583801,0.703109,0.849701,0.61941,0.456545,0.385872,0.377942,0.538109,0.653014,0.792153,0.411253,0.576418,0.607858,0.42491,0.831039,0.704566,0.354373,0.410078,0.793422,0.638776,0.757808,0.860369,1,0.829876,0.639751,0.576355,0.474031,0.64278,0.704386,0.611646,0.629288,0.62559,0.552796,0.624243,0.713377,0.37372,0.460186,0.504212,0.493225,0.786406,0.728925,0.519312,0.608192,0.821999,0.590149,0.54052,0.837716,0.590234,0.362982,0.251706,0.2163,0.690326,0.757778,0.375511,0.517593,0.230589,0.52624,0.845593,0.862511,0.448163,0.515971
0.833228,0.647547,0.825087,0.821215,0.724977,0.737445,0.536065,0.538227,0.591372,0.593062,0.649462,0.589845,0.753935,0.604352,0.64446,0.573354,0.830831,0.448841,0.663356,0.637371,0.724681,0.397328,0.690617,0.758958,0.571551,0.623477,0.785579,0.585248,0.502077,0.397723,0.36801,0.520756,0.639666,0.654635,0.491249,0.648095,0.722609,0.516131,0.770472,0.591199,0.391754,0.414577,0.788093,0.677168,0.813847,0.791617,0.829876,1,0.521074,0.610606,0.503814,0.676849,0.761498,0.664905,0.73313,0.648019,0.643276,0.617181,0.777711,0.428352,0.601692,0.653934,0.58871,0.768981,0.785023,0.523516,0.66484,0.830881,0.556172,0.575441,0.830011,0.56872,0.617273,0.342755,0.138843,0.796662,0.742838,0.429033,0.482526,0.197949,0.56398,0.813694,0.81362,0.360581,0.56255
0.549345,0.423677,0.547896,0.68072,0.590643,0.703974,0.681911,0.45598,0.608464,0.655538,0.557683,0.534824,0.511009,0.451255,0.477877,0.290923,0.486156,0.355603,0.522071,0.595607,0.654919,0.424636,0.535161,0.67071,0.4226,0.660926,0.708162,0.465892,0.22793,0.327114,0.282185,0.613411,0.588338,0.651386,0.18821,0.610527,0.343036,0.359477,0.661404,0.585699,0.232699,0.240342,0.478578,0.303821,0.507614,0.665628,0.639751,0.521074,1,0.556568,0.231862,0.484735,0.620633,0.462655,0.458994,0.394419,0.423049,0.380838,0.484798,0.44405,0.340008,0.348119,0.287633,0.633617,0.529261,0.599055,0.637306,0.640593,0.385246,0.492674,0.653328,0.489984,0.318311,0.172038,0.343721,0.410403,0.602563,0.448839,0.63176,0.297111,0.392958,0.655493,0.578527,0.329937,0.557904
0.632071,0.455835,0.660306,0.669783,0.588279,0.707224,0.53739,0.445667,0.679354,0.55899,0.481719,0.615502,0.587895,0.417114,0.628026,0.383571,0.619497,0.622427,0.604744,0.651816,0.654202,0.468898,0.589382,0.623369,0.603712,0.632327,0.660372,0.543225,0.384492,0.581436,0.293162,0.411772,0.732736,0.636734,0.463152,0.475222,0.474884,0.474887,0.724713,0.598746,0.150513,0.529852,0.565086,0.407884,0.619503,0.575337,0.576355,0.610606,0.556568,1,0.309557,0.405396,0.645218,0.569519,0.579422,0.414791,0.534738,0.492557,0.581241,0.395084,0.489445,0.4759,0.618146,0.70512,0.696627,0.535415,0.488458,0.695855,0.319499,0.661572,0.710043,0.388813,0.382858,0.425255,0.311203,0.629252,0.593366,0.445044,0.409997,0.0912642,0.252503,0.684479,0.672612,0.369506,0.552791
0.479039,0.236397,0.477399,0.407733,0.352892,0.293438,0.187738,0.419731,0.332123,0.313229,0.237021,0.185115,0.313466,0.233446,0.347389,0.256975,0.34666,0.258712,0.188965,0.259092,0.30688,0.129139,0.293236,0.387261,0.192479,0.213722,0.364804,0.346653,0.171815,0.121166,0.0622581,0.175303,0.299932,0.262787,0.132084,0.327084,0.42847,0.267933,0.327336,0.332664,0.247312,0.184739,0.421142,0.328316,0.515454,0.460837,0.474031,0.503814,0.231862,0.309557,1,0.329233,0.4067,0.29776,0.404245,0.326171,0.391851,0.298309,0.493607,0.0580155,0.255356,0.4744,0.182916,0.358413,0.373487,0.274475,0.375786,0.395082,0.379569,0.274543,0.343329,0.208964,0.0812294,0.139623,0.07425,0.454475,0.415751,-0.0510534,0.261182,-0.150342,0.344303,0.417389,0.430467,0.207033,0.0812851
0.610707,0.505098,0.650979,0.652179,0.571896,0.663913,0.560562,0.535443,0.526389,0.735871,0.791423,0.514609,0.677818,0.428566,0.462572,0.405357,0.710653,0.32356,0.46624,0.660939,0.620337,0.194241,0.61138,0.695768,0.581982,0.533369,0.648623,0.610491,0.394335,0.375305,0.50199,0.577492,0.479525,0.486208,0.270786,0.565336,0.603367,0.270774,0.652786,0.621607,0.401517,0.409118,0.583503,0.517327,0.642387,0.688977,0.64278,0.676849,0.484735,0.405396,0.329233,1,0.828648,0.574155,0.579076,0.497493,0.440173,0.42577,0.688051,0.379538,0.472173,0.597489,0.512747,0.720566,0.632466,0.44057,0.50636,0.710938,0.477257,0.572038,0.684858,0.663474,0.544777,0.373255,0.412485,0.618241,0.747754,0.393013,0.498232,0.231843,0.413673,0.691794,0.561326,0.396915,0.511782
0.70424,0.47672,0.735667,0.759036,0.632405,0.759084,0.508899,0.566577,0.70534,0.757876,0.737565,0.555506,0.661771,0.43821,0.614777,0.394539,0.728597,0.447796,0.558179,0.729383,0.750516,0.391713,0.642746,0.805392,0.615408,0.624676,0.745548,0.631795,0.479906,0.402667,0.337261,0.590003,0.600286,0.698832,0.415054,0.763006,0.626604,0.341264,0.771322,0.667274,0.50955,0.43617,0.662772,0.484753,0.734886,0.733972,0.704386,0.761498,0.620633,0.645218,0.4067,0.828648,1,0.56754,0.627496,0.49217,0.597698,0.440571,0.732091,0.617177,0.508738,0.726858,0.592703,0.830651,0.794772,0.641656,0.602389,0.867242,0.496329,0.708631,0.764448,0.576032,0.558197,0.442678,0.46025,0.744994,0.746255,0.538978,0.529276,0.230232,0.522336,0.80077,0.730917,0.397101,0.752453
