1,0.838487,0.886496,0.792526,0.756071,0.652207,0.513373,0.489019,0.455578,0.572974,0.686847,0.643926,0.765376,0.821565,0.552817,0.758263,0.688313,0.726542,0.570789,0.706411,0.779017,0.421731,0.704607,0.712392,0.683674,0.607134,0.508414,0.366157,0.224375,-0.00424425,0.447437,0.356782,0.612977,0.630065,0.412025,0.333752,0.307492,0.655188,0.786193,0.729515,0.400237,0.610626,0.931243,0.868048,0.856034,0.732493,0.734188,0.529588,0.563253,0.652142,0.457753,0.731901,0.722937,0.650171,0.773063,0.819336,0.657322,0.804113,0.820129,0.358011,0.353722,0.703651,0.69566,0.821561,0.757459,0.563359,0.555913,0.719746,0.254441,0.482875,0.6952,0.790771,0.323965,-0.0529512,0.472229,0.692321,0.486056,0.365248,0.0737849,0.345237,0.5067,0.792781,0.750134,0.00575213,0.55356
0.838487,1,0.758995,0.675201,0.759105,0.71122,0.346468,0.450649,0.43513,0.526141,0.73314,0.683781,0.822656,0.735081,0.529838,0.800475,0.763825,0.740621,0.647807,0.667118,0.693781,0.461777,0.593432,0.659088,0.604532,0.603664,0.497311,0.233387,0.178602,0.0565834,0.299243,0.430709,0.529485,0.556692,0.318328,0.330286,0.263001,0.499418,0.734969,0.601069,0.327973,0.557039,0.844024,0.767154,0.76313,0.728934,0.642632,0.413491,0.429266,0.521067,0.288944,0.675364,0.727715,0.586473,0.778272,0.7245,0.629831,0.792792,0.804762,0.409121,0.431507,0.524227,0.618532,0.713981,0.641007,0.497999,0.487247,0.659385,0.42193,0.595015,0.755013,0.696833,0.19857,0.0852593,0.400879,0.557225,0.436351,0.250812,0.123993,0.328643,0.445407,0.717728,0.697817,0.0205096,0.472032
0.886496,0.758995,1,0.849503,0.74325,0.745176,0.602222,0.515719,0.579037,0.573803,0.741774,0.556672,0.763693,0.841514,0.60722,0.659749,0.703501,0.689152,0.678874,0.810775,0.855599,0.578295,0.820374,0.826009,0.668653,0.645373,0.733723,0.563658,0.372495,0.0641214,0.315997,0.476644,0.707452,0.739624,0.507183,0.372062,0.268095,0.538676,0.83078,0.84199,0.509426,0.708008,0.925124,0.87261,0.91625,0.761405,0.756593,0.659351,0.620504,0.663948,0.51202,0.771351,0.753744,0.622828,0.759042,0.845897,0.62721,0.743205,0.771177,0.452334,0.324392,0.74723,0.775115,0.92237,0.841424,0.599565,0.679341,0.814126,0.36886,0.535231,0.760446,0.697177,0.418531,-0.0642495,0.602829,0.765369,0.706569,0.489242,0.0839952,0.133945,0.594954,0.836282,0.818731,0.131222,0.624996
0.792526,0.675201,0.849503,1,0.719519,0.651937,0.519614,0.534375,0.538648,0.538714,0.680821,0.519675,0.652698,0.693122,0.605466,0.637637,0.610092,0.646989,0.596215,0.719074,0.759264,0.370579,0.671499,0.713932,0.654749,0.594722,0.532869,0.446464,0.491379,0.122071,0.25171,0.314462,0.561255,0.609564,0.319935,0.267227,0.279314,0.491715,0.695756,0.651126,0.342805,0.540405,0.798657,0.825909,0.767581,0.754477,0.658626,0.688824,0.524731,0.59003,0.405969,0.680359,0.628309,0.593612,0.649971,0.800939,0.568728,0.706639,0.761075,0.463649,0.28067,0.695517,0.710072,0.816425,0.748502,0.514606,0.662014,0.674046,0.342421,0.538379,0.645318,0.704983,0.253618,-0.0440918,0.405283,0.627784,0.473204,0.394989,0.079022,0.156148,0.510322,0.636237,0.674758,0.073298,0.453226
0.756071,0.759105,0.74325,0.719519,1,0.751169,0.471815,0.506761,0.467487,0.617218,0.769017,0.515112,0.677442,0.740483,0.573117,0.540788,0.521349,0.731772,0.642744,0.726434,0.746825,0.424203,0.636965,0.749079,0.591821,0.638604,0.552019,0.299505,0.161485,-0.114298,0.395647,0.432022,0.584788,0.611395,0.244212,0.227247,0.215858,0.542286,0.775647,0.609929,0.4556,0.592295,0.719026,0.771661,0.760433,0.733956,0.599553,0.516516,0.550937,0.499458,0.542941,0.806364,0.758928,0.3818,0.607594,0.719311,0.562097,0.607073,0.624377,0.459738,0.413114,0.602286,0.563335,0.795598,0.728633,0.572434,0.610921,0.745943,0.336583,0.443203,0.668122,0.735161,0.15368,0.0315411,0.349298,0.653678,0.501579,0.306214,0.122922,0.211296,0.566919,0.684436,0.660422,0.0319841,0.553297
0.652207,0.71122,0.745176,0.651937,0.751169,1,0.432773,0.404941,0.683595,0.576195,0.700979,0.507577,0.712836,0.618886,0.70557,0.42122,0.533244,0.728768,0.656666,0.770151,0.723262,0.44075,0.650933,0.773357,0.537765,0.610207,0.577552,0.41378,0.32274,0.0952057,0.236939,0.509588,0.646918,0.552853,0.446708,0.300176,0.175678,0.44377,0.733387,0.702874,0.517196,0.518864,0.743831,0.695667,0.711367,0.713997,0.639975,0.584129,0.475859,0.49538,0.524511,0.757087,0.759034,0.368265,0.565923,0.756471,0.543464,0.527037,0.497454,0.617518,0.266536,0.653423,0.617719,0.75343,0.720515,0.50701,0.651118,0.71183,0.485566,0.546929,0.676046,0.56688,0.358305,-0.135002,0.464579,0.550986,0.642894,0.479081,0.0521766,0.0392576,0.601066,0.662259,0.716749,0.0589976,0.618988
0.513373,0.346468,0.602222,0.519614,0.471815,0.432773,1,0.571116,0.514169,0.358367,0.391709,0.197704,0.387969,0.462416,0.284059,0.341385,0.363848,0.480612,0.479753,0.467107,0.597584,0.502858,0.537994,0.490593,0.426813,0.315962,0.348957,0.31302,0.30599,-0.208525,0.202294,0.23898,0.377379,0.37974,0.138951,0.342063,0.353815,0.237615,0.532888,0.550061,0.245132,0.260762,0.538328,0.456248,0.499608,0.320606,0.296577,0.216322,0.414967,0.294333,0.348886,0.479153,0.489414,0.198805,0.328326,0.463298,0.209672,0.37155,0.427051,0.0718277,0.0633885,0.56931,0.511509,0.61749,0.569007,0.418213,0.386765,0.460879,0.0749175,0.25577,0.387609,0.24379,0.367709,-0.191849,0.555675,0.569609,0.412325,0.325141,-0.252838,0.0528927,0.404089,0.460899,0.510904,0.114096,0.262842
0.489019,0.450649,0.515719,0.534375,0.506761,0.404941,0.571116,1,0.560422,0.271004,0.40031,0.331066,0.418093,0.456872,0.367843,0.374625,0.402729,0.596291,0.402271,0.388887,0.502484,0.321158,0.517544,0.448179,0.385479,0.302113,0.281662,0.119619,0.167724,-0.125358,0.313861,-0.0577401,0.306493,0.316716,-0.0286726,0.144878,0.102443,0.219656,0.385964,0.330109,0.234465,0.306421,0.536106,0.400209,0.400097,0.358456,0.370019,0.349723,0.333431,0.213609,0.202842,0.377968,0.402965,0.152758,0.297803,0.442026,0.291451,0.318326,0.454111,0.114022,0.0238802,0.408828,0.31313,0.467376,0.49566,0.402084,0.314427,0.442393,0.067873,0.3357,0.498685,0.311591,0.109779,-0.201601,0.340932,0.428507,0.193979,-0.0178421,-0.249607,0.174883,0.284898,0.413968,0.423386,-0.115877,0.116162
0.455578,0.43513,0.579037,0.538648,0.467487,0.683595,0.514169,0.560422,1,0.421604,0.477516,0.554653,0.560896,0.324959,0.599901,0.342959,0.449308,0.660727,0.392824,0.579397,0.64578,0.21142,0.421963,0.516629,0.220257,0.45893,0.413152,0.221635,0.387588,-0.109184,0.0104199,0.243803,0.462996,0.397665,0.324997,0.0765493,-0.155381,0.299857,0.461445,0.55607,0.322836,0.359511,0.534082,0.426268,0.509545,0.524475,0.472234,0.408071,0.350728,0.352596,0.357944,0.447886,0.526768,0.341946,0.444281,0.477851,0.37255,0.356943,0.386385,0.24904,0.0422338,0.514452,0.537428,0.576281,0.535994,0.318958,0.455337,0.454063,0.309279,0.456125,0.479676,0.30277,0.33083,-0.331059,0.291045,0.317476,0.427069,0.488368,-0.00858826,-0.0495899,0.562287,0.528728,0.61005,0.0094313,0.35334
0.572974,0.526141,0.573803,0.538714,0.617218,0.576195,0.358367,0.271004,0.421604,1,0.720936,0.427548,0.545881,0.401531,0.485629,0.478312,0.552621,0.514421,0.356798,0.46845,0.489208,0.358749,0.441333,0.581091,0.439865,0.469959,0.287431,0.281912,0.323406,-0.112723,0.334955,0.226925,0.498522,0.37615,0.244089,0.258556,0.234026,0.391225,0.547995,0.515789,0.403238,0.330205,0.580627,0.607508,0.604785,0.416617,0.38161,0.451345,0.416557,0.425976,0.402136,0.687613,0.656733,0.353084,0.601933,0.440803,0.499039,0.536301,0.528789,0.378921,0.190152,0.442753,0.545291,0.547604,0.516965,0.443428,0.50533,0.493792,0.419318,0.382744,0.513073,0.661477,0.129792,-0.019422,0.195687,0.4313,0.366122,0.488866,-0.0831543,0.116222,0.363362,0.491803,0.583731,0.233212,0.472728
0.686847,0.73314,0.741774,0.680821,0.769017,0.700979,0.391709,0.40031,0.477516,0.720936,1,0.610924,0.749003,0.572367,0.605344,0.604313,0.575045,0.557416,0.652027,0.715809,0.741343,0.414186,0.627736,0.754112,0.578751,0.586451,0.499686,0.468966,0.190429,-0.163643,0.282076,0.49755,0.664321,0.635081,0.285337,0.333933,0.146178,0.392206,0.800303,0.678013,0.596102,0.508263,0.702241,0.731418,0.718975,0.674829,0.678325,0.644763,0.486564,0.594018,0.419925,0.800366,0.824239,0.454245,0.699983,0.589483,0.587692,0.582387,0.632972,0.533651,0.316801,0.535216,0.730307,0.767557,0.754769,0.661268,0.667765,0.673166,0.452101,0.538361,0.66471,0.724161,0.166819,0.140686,0.289623,0.652477,0.574215,0.398818,0.0148564,0.133845,0.507181,0.718669,0.721017,0.168054,0.60565
0.643926,0.683781,0.556672,0.519675,0.515112,0.507577,0.197704,0.331066,0.554653,0.427548,0.610924,1,0.777629,0.395947,0.495724,0.687522,0.61348,0.524285,0.417293,0.483423,0.567496,-0.0041015,0.370306,0.438491,0.331925,0.414905,0.356806,0.224135,0.191247,-0.117403,0.327625,0.261967,0.454822,0.534464,0.269322,0.0689483,-0.134011,0.476086,0.540275,0.600224,0.308932,0.342576,0.638237,0.525906,0.636732,0.58909,0.519449,0.389903,0.346895,0.518513,0.243729,0.420427,0.462441,0.694146,0.698637,0.481736,0.580877,0.572294,0.66059,0.17709,0.244654,0.53187,0.614034,0.549631,0.515673,0.396156,0.325542,0.331417,0.321023,0.371552,0.499319,0.54826,0.161548,-0.0552836,0.099251,0.323311,0.29631,0.326729,0.272332,0.114348,0.430417,0.592043,0.692385,-0.159607,0.282165
0.765376,0.822656,0.763693,0.652698,0.677442,0.712836,0.387969,0.418093,0.560896,0.545881,0.749003,0.777629,1,0.610451,0.547061,0.768836,0.775467,0.686784,0.618416,0.639321,0.659924,0.355348,0.548564,0.642298,0.638978,0.633573,0.538415,0.297268,0.113111,0.000887341,0.229552,0.447301,0.478285,0.612939,0.333013,0.288585,0.147263,0.533611,0.770516,0.717348,0.344717,0.452251,0.816238,0.731495,0.75484,0.73764,0.651187,0.517731,0.422586,0.589743,0.425563,0.635295,0.631481,0.719934,0.817459,0.685931,0.673636,0.774061,0.737453,0.377475,0.315901,0.540836,0.59359,0.742591,0.648725,0.427109,0.413002,0.567812,0.436207,0.426538,0.688368,0.598289,0.262352,-0.0812694,0.285758,0.464228,0.454038,0.349877,0.202104,0.0862428,0.425925,0.676977,0.730083,-0.0398581,0.378103
0.821565,0.735081,0.841514,0.693122,0.740483,0.618886,0.462416,0.456872,0.324959,0.401531,0.572367,0.395947,0.610451,1,0.522893,0.51368,0.476268,0.683971,0.662028,0.700684,0.752603,0.535818,0.809439,0.80085,0.679688,0.668579,0.687171,0.500876,0.170734,0.168401,0.311302,0.516126,0.647,0.714029,0.435837,0.354618,0.351912,0.546825,0.730738,0.660579,0.474245,0.74604,0.812658,0.806467,0.792687,0.609797,0.687675,0.477179,0.593274,0.531348,0.464043,0.676699,0.629805,0.436192,0.567575,0.832295,0.585179,0.669141,0.636274,0.416033,0.483729,0.577509,0.590036,0.835358,0.740829,0.528583,0.591524,0.843511,0.254093,0.498104,0.737499,0.660954,0.275424,0.119942,0.603353,0.742745,0.663124,0.265909,0.221166,0.38568,0.574275,0.787058,0.683788,0.0442121,0.511243
0.552817,0.529838,0.60722,0.605466,0.573117,0.70557,0.284059,0.367843,0.599901,0.485629,0.605344,0.495724,0.547061,0.522893,1,0.310677,0.411827,0.50488,0.335811,0.629596,0.651537,0.195696,0.551133,0.676615,0.498795,0.583911,0.291124,0.423648,0.328725,-0.0544726,0.162673,0.513057,0.610342,0.429284,0.285101,0.223093,0.0250352,0.417898,0.521763,0.603495,0.44713,0.318738,0.536795,0.486143,0.588441,0.583677,0.597129,0.482945,0.379787,0.414356,0.424169,0.68863,0.52785,0.332347,0.423734,0.535153,0.59602,0.377992,0.36754,0.552752,0.33226,0.595366,0.586143,0.612438,0.641167,0.452989,0.539451,0.629812,0.463529,0.502932,0.558456,0.541273,0.360836,-0.176849,0.251771,0.43952,0.529761,0.339799,0.0942096,0.15568,0.540341,0.531865,0.537068,-0.0936693,0.443765
0.758263,0.800475,0.659749,0.637637,0.540788,0.42122,0.341385,0.374625,0.342959,0.478312,0.604313,0.687522,0.768836,0.51368,0.310677,1,0.847373,0.571728,0.395858,0.448434,0.481395,0.319228,0.403789,0.339364,0.430881,0.335113,0.348985,0.0846537,0.0380375,-0.0965859,0.241879,0.212555,0.233087,0.36302,0.0633373,0.167272,0.226476,0.413423,0.618667,0.525177,0.113802,0.310246,0.74971,0.697681,0.626598,0.558382,0.385323,0.331067,0.30948,0.528736,0.123692,0.437703,0.522813,0.773234,0.825472,0.52944,0.502282,0.879988,0.839024,0.0976712,0.1156,0.358559,0.575659,0.537887,0.428926,0.237774,0.239668,0.291631,0.218961,0.207981,0.504069,0.644064,0.137178,-0.036025,0.250227,0.361812,0.19561,0.157613,0.00378564,0.21477,0.12153,0.55323,0.55784,-0.00860922,0.276368
0.688313,0.763825,0.703501,0.610092,0.521349,0.533244,0.363848,0.402729,0.449308,0.552621,0.575045,0.61348,0.775467,0.476268,0.411827,0.847373,1,0.58916,0.378983,0.495552,0.501757,0.402444,0.437217,0.435054,0.491226,0.454779,0.453062,0.211813,0.2351,0.0565697,0.242171,0.317024,0.291134,0.375415,0.24674,0.226625,0.150545,0.416372,0.612236,0.581191,0.120283,0.308768,0.757518,0.683522,0.662683,0.575377,0.383791,0.428676,0.204408,0.502118,0.17684,0.519852,0.520424,0.754827,0.834189,0.529038,0.538387,0.831879,0.796879,0.213228,0.157344,0.457172,0.556488,0.570337,0.447597,0.266212,0.260448,0.366496,0.358984,0.322162,0.555952,0.569165,0.319682,-0.154289,0.256939,0.296842,0.266366,0.290416,0.0293417,0.053166,0.120778,0.474882,0.538276,0.174168,0.356449
0.726542,0.740621,0.689152,0.646989,0.731772,0.728768,0.480612,0.596291,0.660727,0.514421,0.557416,0.524285,0.686784,0.683971,0.50488,0.571728,0.58916,1,0.526611,0.620917,0.659842,0.446283,0.631436,0.670313,0.518774,0.658378,0.518424,0.0971546,0.18274,0.0629366,0.243089,0.321046,0.518973,0.480321,0.321892,0.239445,0.214329,0.435128,0.632312,0.562218,0.294854,0.540704,0.746063,0.752363,0.61061,0.605483,0.555979,0.459515,0.421479,0.433084,0.418393,0.568866,0.60103,0.380408,0.523353,0.748012,0.53981,0.659303,0.544897,0.372685,0.270069,0.520048,0.527305,0.6682,0.581681,0.473694,0.509096,0.623046,0.307837,0.448365,0.751331,0.612062,0.306232,-0.119385,0.394031,0.409388,0.42137,0.253287,0.104652,0.335061,0.544363,0.580054,0.656142,0.101611,0.473631
0.570789,0.647807,0.678874,0.596215,0.642744,0.656666,0.479753,0.402271,0.392824,0.356798,0.652027,0.417293,0.618416,0.662028,0.335811,0.395858,0.378983,0.526611,1,0.67815,0.720878,0.541257,0.6553,0.699118,0.569551,0.585313,0.655936,0.389241,0.270614,0.174195,0.212747,0.472726,0.641883,0.77183,0.45572,0.332788,0.321717,0.323041,0.734524,0.545213,0.585009,0.650438,0.64595,0.616842,0.60381,0.557043,0.579649,0.513373,0.399004,0.395588,0.305045,0.579727,0.613609,0.351086,0.515611,0.656005,0.35325,0.49704,0.540088,0.386547,0.480495,0.488625,0.583636,0.761922,0.728579,0.613146,0.596628,0.67916,0.4108,0.555092,0.669323,0.471013,0.227239,0.201082,0.462406,0.678792,0.697539,0.383388,0.0968112,0.175779,0.593768,0.670505,0.68534,0.127149,0.377253
0.706411,0.667118,0.810775,0.719074,0.726434,0.770151,0.467107,0.388887,0.579397,0.46845,0.715809,0.483423,0.639321,0.700684,0.629596,0.448434,0.495552,0.620917,0.67815,1,0.911453,0.386904,0.690059,0.778033,0.685442,0.692522,0.655151,0.602512,0.465718,0.1027,0.278719,0.59938,0.663121,0.711937,0.490454,0.356358,0.0710906,0.469112,0.848591,0.646386,0.609785,0.591971,0.699497,0.738972,0.714731,0.69605,0.741803,0.633822,0.501536,0.511855,0.432756,0.837497,0.74765,0.448718,0.555368,0.66255,0.510472,0.557428,0.547497,0.562932,0.446548,0.604247,0.719028,0.869886,0.887917,0.659295,0.686803,0.735267,0.328655,0.536525,0.662865,0.649953,0.220719,-0.0802603,0.473169,0.678524,0.76363,0.608088,0.0360649,0.109,0.683604,0.771621,0.705813,0.0540061,0.683195
0.779017,0.693781,0.855599,0.759264,0.746825,0.723262,0.597584,0.502484,0.64578,0.489208,0.741343,0.567496,0.659924,0.752603,0.651537,0.481395,0.501757,0.659842,0.720878,0.911453,1,0.421583,0.729519,0.822808,0.645847,0.69898,0.654051,0.599594,0.422834,-0.0434555,0.314415,0.593255,0.779349,0.775531,0.513135,0.368433,0.121567,0.484762,0.838227,0.756735,0.6137,0.699217,0.749369,0.72129,0.801285,0.735374,0.764591,0.583702,0.526366,0.553804,0.459503,0.805346,0.766148,0.465661,0.602467,0.701623,0.548904,0.552218,0.613118,0.487664,0.398461,0.684956,0.773692,0.917672,0.891628,0.732215,0.71785,0.787125,0.346087,0.62748,0.662841,0.627322,0.316678,-0.0722131,0.483647,0.757426,0.727122,0.592833,0.122626,0.163277,0.748895,0.849188,0.814414,0.0686477,0.66509
0.421731,0.461777,0.578295,0.370579,0.424203,0.44075,0.502858,0.321158,0.21142,0.358749,0.414186,-0.0041015,0.355348,0.535818,0.195696,0.319228,0.402444,0.446283,0.541257,0.386904,0.421583,1,0.587485,0.470097,0.408462,0.42795,0.464757,0.204978,0.125493,0.0207454,-0.0568712,0.232214,0.405482,0.301665,0.165399,0.365857,0.539492,0.0663346,0.487567,0.410373,0.202025,0.545409,0.484524,0.447905,0.398471,0.248043,0.293697,0.204783,0.202395,0.150317,0.177779,0.437828,0.442766,0.167949,0.420372,0.446842,0.1914,0.447201,0.366646,0.185363,0.215334,0.244274,0.396641,0.510013,0.4189,0.407599,0.355489,0.534671,0.321087,0.350504,0.487017,0.284897,0.336694,0.0636628,0.60051,0.570934,0.541163,0.225905,-0.20173,0.113566,0.300952,0.447097,0.436746,0.466295,0.318739
0.704607,0.593432,0.820374,0.671499,0.636965,0.650933,0.537994,0.517544,0.421963,0.441333,0.627736,0.370306,0.548564,0.809439,0.551133,0.403789,0.437217,0.631436,0.6553,0.690059,0.729519,0.587485,1,0.857865,0.612773,0.58392,0.692073,0.541626,0.314785,0.166935,0.192209,0.437156,0.711206,0.685847,0.412589,0.409003,0.398289,0.446125,0.752297,0.682733,0.620253,0.627909,0.775475,0.761365,0.705971,0.530026,0.690548,0.66509,0.591413,0.613213,0.488164,0.647849,0.640047,0.33667,0.4605,0.756284,0.594532,0.534549,0.493555,0.483033,0.382235,0.628905,0.645111,0.75469,0.746337,0.688983,0.74274,0.826521,0.399547,0.485594,0.804524,0.631665,0.389575,0.173684,0.619827,0.755207,0.72654,0.355048,0.0616846,0.308959,0.622262,0.678491,0.684822,0.219118,0.597731
0.712392,0.659088,0.826009,0.713932,0.749079,0.773357,0.490593,0.448179,0.516629,0.581091,0.754112,0.438491,0.642298,0.80085,0.676615,0.339364,0.435054,0.670313,0.699118,0.778033,0.822808,0.470097,0.857865,1,0.701959,0.756228,0.661139,0.602497,0.389026,0.102278,0.233188,0.578825,0.811262,0.770489,0.555724,0.469163,0.266088,0.520695,0.768443,0.721461,0.676592,0.67308,0.780177,0.767507,0.793753,0.6594,0.780869,0.676376,0.643163,0.592436,0.61769,0.811366,0.738808,0.301182,0.472256,0.760072,0.683998,0.502132,0.502199,0.643104,0.508381,0.69536,0.626367,0.855687,0.826679,0.691484,0.79141,0.923479,0.468464,0.681104,0.813866,0.632784,0.349751,0.103968,0.484954,0.697144,0.750547,0.469195,0.223737,0.279815,0.741934,0.711973,0.748406,0.167282,0.652293
0.683674,0.604532,0.668653,0.654749,0.591821,0.537765,0.426813,0.385479,0.220257,0.439865,0.578751,0.331925,0.638978,0.679688,0.498795,0.430881,0.491226,0.518774,0.569551,0.685442,0.645847,0.408462,0.612773,0.701959,1,0.631151,0.396048,0.445168,0.276301,0.202668,0.218609,0.432065,0.467895,0.521817,0.31151,0.597739,0.293101,0.470289,0.709421,0.488982,0.401385,0.396463,0.671088,0.682865,0.587571,0.543215,0.633418,0.475375,0.341844,0.464626,0.38947,0.705007,0.5155,0.377624,0.474418,0.623911,0.505149,0.56102,0.579228,0.524792,0.48489,0.512538,0.402849,0.72369,0.699773,0.558511,0.428151,0.659958,0.249549,0.464047,0.571047,0.53044,0.0847398,-0.0673303,0.345375,0.516433,0.441055,0.274904,-0.0131963,0.240959,0.463562,0.525403,0.544402,0.0297243,0.338549
0.607134,0.603664,0.645373,0.594722,0.638604,0.610207,0.315962,0.302113,0.45893,0.469959,0.586451,0.414905,0.633573,0.668579,0.583911,0.335113,0.454779,0.658378,0.585313,0.692522,0.69898,0.42795,0.58392,0.756228,0.631151,1,0.517713,0.385419,0.270911,0.172359,0.134585,0.495371,0.52834,0.693705,0.476638,0.302825,0.124267,0.56103,0.674547,0.506639,0.384113,0.580971,0.601499,0.652423,0.560225,0.475054,0.624166,0.491368,0.377617,0.300771,0.383245,0.686253,0.486317,0.431709,0.488087,0.575018,0.580032,0.582042,0.408957,0.389332,0.593672,0.430549,0.541123,0.762507,0.683209,0.501585,0.512151,0.683936,0.321009,0.593,0.699878,0.628038,0.353251,0.0470993,0.272906,0.467922,0.641955,0.39541,0.325156,0.314961,0.560685,0.567954,0.558155,0.297624,0.455462
0.508414,0.497311,0.733723,0.532869,0.552019,0.577552,0.348957,0.281662,0.413152,0.287431,0.499686,0.356806,0.538415,0.687171,0.291124,0.348985,0.453062,0.518424,0.655936,0.655151,0.654051,0.464757,0.692073,0.661139,0.396048,0.517713,1,0.52451,0.226355,0.251287,0.164074,0.524587,0.550969,0.736067,0.446033,0.184006,0.110505,0.335441,0.697313,0.609562,0.445624,0.743381,0.611765,0.677969,0.686933,0.592043,0.570766,0.549805,0.555883,0.504581,0.331036,0.502762,0.541966,0.461666,0.538107,0.656392,0.351556,0.505978,0.491907,0.376077,0.284098,0.398851,0.564361,0.715929,0.606908,0.429197,0.573063,0.666095,0.311163,0.443573,0.644927,0.452879,0.2994,0.17,0.487029,0.610811,0.7172,0.454173,0.306893,-0.105891,0.49426,0.68792,0.624449,0.325004,0.532716
0.366157,0.233387,0.563658,0.446464,0.299505,0.41378,0.31302,0.119619,0.221635,0.281912,0.468966,0.224135,0.297268,0.500876,0.423648,0.0846537,0.211813,0.0971546,0.389241,0.602512,0.599594,0.204978,0.541626,0.602497,0.445168,0.385419,0.52451,1,0.466279,0.159151,0.175198,0.557225,0.565278,0.619508,0.512729,0.404435,0.147523,0.360432,0.524162,0.558846,0.499192,0.375218,0.409355,0.436636,0.561949,0.37989,0.512401,0.535294,0.330079,0.382586,0.42248,0.585937,0.462721,0.269846,0.308535,0.400683,0.443335,0.20895,0.301511,0.495371,0.182481,0.537701,0.541178,0.629527,0.670473,0.463192,0.567806,0.555916,0.247258,0.3955,0.316602,0.325721,0.20477,0.0667052,0.425814,0.55979,0.621445,0.518522,0.164289,-0.0488704,0.441052,0.518784,0.460505,0.163434,0.53709
0.224375,0.178602,0.372495,0.491379,0.161485,0.32274,0.30599,0.167724,0.387588,0.323406,0.190429,0.191247,0.113111,0.170734,0.328725,0.0380375,0.2351,0.18274,0.270614,0.465718,0.422834,0.125493,0.314785,0.389026,0.276301,0.270911,0.226355,0.466279,1,0.299594,0.128595,0.154455,0.386654,0.317062,0.425946,0.164083,0.0688403,0.156942,0.197178,0.209291,0.241919,0.208822,0.275299,0.250891,0.331122,0.241907,0.281999,0.401618,0.141269,0.160714,0.176086,0.376423,0.250271,0.214815,0.173398,0.265418,0.232598,0.192004,0.270095,0.278186,0.289438,0.456082,0.440542,0.361643,0.437203,0.346004,0.432044,0.325879,0.342748,0.502398,0.288713,0.179774,0.255153,-0.0355104,0.29174,0.281198,0.388604,0.55769,0.0190135,0.0142864,0.41849,0.180623,0.278056,0.127791,0.284416
-0.00424425,0.0565834,0.0641214,0.122071,-0.114298,0.0952057,-0.208525,-0.125358,-0.109184,-0.112723,-0.163643,-0.117403,0.000887341,0.168401,-0.0544726,-0.0965859,0.0565697,0.0629366,0.174195,0.1027,-0.0434555,0.0207454,0.166935,0.102278,0.202668,0.172359,0.251287,0.159151,0.299594,1,-0.142816,0.0861409,-0.0395528,0.138569,0.301002,0.221795,0.121313,0.194071,-0.00628745,-0.108314,-0.00775564,0.15673,0.107034,0.229444,0.00318515,0.0228967,0.0540106,0.271705,-0.0616678,0.12196,0.0404417,-0.0376325,-0.0981945,0.146598,0.0356276,0.312144,0.0763706,0.166177,0.0576898,0.259173,0.249174,0.00418562,-0.103016,0.0287,-0.0242089,-0.0560255,0.0477656,0.118369,0.044387,0.163581,0.152739,0.0553738,0.0363137,0.220888,0.111491,-0.0563264,0.125163,0.081923,0.217728,0.0568802,0.018307,-0.102132,-0.0827576,0.157067,0.0586517
0.447437,0.299243,0.315997,0.25171,0.395647,0.236939,0.202294,0.313861,0.0104199,0.334955,0.282076,0.327625,0.229552,0.311302,0.162673,0.241879,0.242171,0.243089,0.212747,0.278719,0.314415,-0.0568712,0.192209,0.233188,0.218609,0.134585,0.164074,0.175198,0.128595,-0.142816,1,0.0461401,0.331697,0.322124,0.160605,-0.0843674,-0.0511947,0.297515,0.310353,0.290195,0.243212,0.23937,0.378292,0.294607,0.403494,0.232023,0.232518,0.243829,0.297618,0.107694,0.142367,0.381071,0.289099,0.241338,0.254154,0.253326,0.163713,0.218863,0.304118,0.0153949,0.0607447,0.365742,0.375422,0.301368,0.390447,0.390477,0.177844,0.180184,-0.0331862,0.0901515,0.236401,0.390617,0.167846,-0.18436,0.0749661,0.363401,0.195596,0.0548599,-0.0687633,0.0724476,0.0742726,0.32712,0.274409,-0.224997,0.275634
0.356782,0.430709,0.476644,0.314462,0.432022,0.509588,0.23898,-0.0577401,0.243803,0.226925,0.49755,0.261967,0.447301,0.516126,0.513057,0.212555,0.317024,0.321046,0.472726,0.59938,0.593255,0.232214,0.437156,0.578825,0.432065,0.495371,0.524587,0.557225,0.154455,0.0861409,0.0461401,1,0.588339,0.571223,0.509235,0.262089,0.0757671,0.234846,0.580403,0.579235,0.453315,0.384158,0.361183,0.416525,0.505037,0.445421,0.451814,0.301942,0.183103,0.354924,0.290444,0.583289,0.495956,0.289473,0.365755,0.436406,0.340743,0.341882,0.227285,0.504691,0.403002,0.354749,0.507189,0.589025,0.515301,0.455996,0.55024,0.523797,0.358584,0.37518,0.367297,0.309278,0.290304,0.110557,0.216314,0.400062,0.595993,0.429037,0.388664,0.00110438,0.486145,0.506493,0.40684,0.0947929,0.491919
0.612977,0.529485,0.707452,0.561255,0.584788,0.646918,0.377379,0.306493,0.462996,0.498522,0.664321,0.454822,0.478285,0.647,0.610342,0.233087,0.291134,0.518973,0.641883,0.663121,0.779349,0.405482,0.711206,0.811262,0.467895,0.52834,0.550969,0.565278,0.386654,-0.0395528,0.331697,0.588339,1,0.741528,0.689325,0.345161,0.153098,0.367397,0.644238,0.710425,0.663879,0.702602,0.622051,0.541305,0.730275,0.60308,0.699029,0.584209,0.449736,0.42572,0.537412,0.67227,0.701797,0.238785,0.429771,0.632269,0.51822,0.31017,0.402599,0.516306,0.366689,0.697143,0.673731,0.744217,0.726201,0.815426,0.807051,0.791385,0.489175,0.612095,0.618746,0.536231,0.352977,0.0409096,0.368925,0.694389,0.707991,0.524938,0.174564,0.137196,0.793388,0.730745,0.75241,0.0837672,0.653372
0.630065,0.556692,0.739624,0.609564,0.611395,0.552853,0.37974,0.316716,0.397665,0.37615,0.635081,0.534464,0.612939,0.714029,0.429284,0.36302,0.375415,0.480321,0.77183,0.711937,0.775531,0.301665,0.685847,0.770489,0.521817,0.693705,0.736067,0.619508,0.317062,0.138569,0.322124,0.571223,0.741528,1,0.656263,0.289072,0.103186,0.589772,0.759862,0.636734,0.618496,0.686702,0.658944,0.648276,0.742154,0.554313,0.647075,0.61062,0.529853,0.435859,0.455195,0.649446,0.618241,0.48008,0.544422,0.626395,0.538866,0.50335,0.507812,0.363668,0.439109,0.583056,0.639012,0.83484,0.78906,0.663419,0.70865,0.723793,0.250742,0.509632,0.670896,0.599635,0.292403,0.210358,0.355276,0.699263,0.746599,0.460471,0.389948,0.185307,0.66879,0.775034,0.721806,0.122413,0.505955
0.412025,0.318328,0.507183,0.319935,0.244212,0.446708,0.138951,-0.0286726,0.324997,0.244089,0.285337,0.269322,0.333013,0.435837,0.285101,0.0633373,0.24674,0.321892,0.45572,0.490454,0.513135,0.165399,0.412589,0.555724,0.31151,0.476638,0.446033,0.512729,0.425946,0.301002,0.160605,0.509235,0.689325,0.656263,1,0.312397,-0.0163814,0.430217,0.413754,0.527389,0.421606,0.498212,0.471371,0.404665,0.551791,0.41856,0.520058,0.478523,0.181027,0.298087,0.465721,0.392392,0.409249,0.263445,0.313429,0.49667,0.420846,0.232559,0.25057,0.36422,0.322143,0.591637,0.400729,0.553465,0.491364,0.481122,0.5696,0.551038,0.294647,0.41562,0.425965,0.317808,0.386148,0.00592019,0.245281,0.339613,0.509645,0.494057,0.339767,0.101649,0.569655,0.471857,0.505295,0.117907,0.530268
0.333752,0.330286,0.372062,0.267227,0.227247,0.300176,0.342063,0.144878,0.0765493,0.258556,0.333933,0.0689483,0.288585,0.354618,0.223093,0.167272,0.226625,0.239445,0.332788,0.356358,0.368433,0.365857,0.409003,0.469163,0.597739,0.302825,0.184006,0.404435,0.164083,0.221795,-0.0843674,0.262089,0.345161,0.289072,0.312397,1,0.335659,0.394018,0.473756,0.2953,0.252692,0.208124,0.36943,0.3949,0.340532,0.224618,0.267389,0.173477,0.194793,0.272221,0.392191,0.458737,0.352216,0.0184168,0.191331,0.331495,0.323806,0.223356,0.274493,0.438528,0.169905,0.379586,0.11728,0.414704,0.413013,0.4318,0.260699,0.444131,-0.00383674,0.303599,0.341812,0.191141,0.047386,0.0271815,0.340089,0.286063,0.261668,0.120354,-0.19871,0.238718,0.418488,0.269642,0.331548,0.151381,0.369498
0.307492,0.263001,0.268095,0.279314,0.215858,0.175678,0.353815,0.102443,-0.155381,0.234026,0.146178,-0.134011,0.147263,0.351912,0.0250352,0.226476,0.150545,0.214329,0.321717,0.0710906,0.121567,0.539492,0.398289,0.266088,0.293101,0.124267,0.110505,0.147523,0.0688403,0.121313,-0.0511947,0.0757671,0.153098,0.103186,-0.0163814,0.335659,1,0.0992158,0.244754,0.185645,0.0602198,0.14006,0.310194,0.346635,0.178134,0.138613,0.145743,0.144991,0.190353,0.177803,0.224181,0.221807,0.224549,-0.0102469,0.103306,0.330925,0.268791,0.30839,0.183659,0.285182,0.106765,0.196312,0.15818,0.192827,0.206013,0.169089,0.225706,0.298218,0.312106,0.103256,0.267088,0.240982,0.209203,0.205329,0.35342,0.306451,0.190232,0.073302,-0.0799075,0.286577,0.121268,0.0599266,0.115937,0.226844,0.174234
0.655188,0.499418,0.538676,0.491715,0.542286,0.44377,0.237615,0.219656,0.299857,0.391225,0.392206,0.476086,0.533611,0.546825,0.417898,0.413423,0.416372,0.435128,0.323041,0.469112,0.484762,0.0663346,0.446125,0.520695,0.470289,0.56103,0.335441,0.360432,0.156942,0.194071,0.297515,0.234846,0.367397,0.589772,0.430217,0.394018,0.0992158,1,0.603183,0.385655,0.206076,0.359616,0.62429,0.60877,0.602259,0.44308,0.426881,0.450372,0.386941,0.427265,0.580377,0.565538,0.488486,0.516447,0.543399,0.526059,0.597718,0.571379,0.525853,0.243325,0.262891,0.501633,0.301464,0.583491,0.513722,0.305831,0.337167,0.499311,0.0368612,0.247073,0.450359,0.62815,0.209778,-0.0156573,0.110756,0.40926,0.306666,0.229672,0.183964,0.328663,0.35704,0.485726,0.422362,-0.00730213,0.407112
0.786193,0.734969,0.83078,0.695756,0.775647,0.733387,0.532888,0.385964,0.461445,0.547995,0.800303,0.540275,0.770516,0.730738,0.521763,0.618667,0.612236,0.632312,0.734524,0.848591,0.838227,0.487567,0.752297,0.768443,0.709421,0.674547,0.697313,0.524162,0.197178,-0.00628745,0.310353,0.580403,0.644238,0.759862,0.413754,0.473756,0.244754,0.603183,1,0.718522,0.534203,0.584419,0.793024,0.825468,0.772263,0.67507,0.67769,0.601493,0.547274,0.572008,0.460093,0.825833,0.80192,0.54711,0.701051,0.683457,0.558484,0.697081,0.64315,0.473085,0.332252,0.573738,0.710418,0.883757,0.843378,0.697725,0.66038,0.717874,0.279157,0.433246,0.689303,0.731851,0.258186,0.0436514,0.407019,0.748037,0.684493,0.450175,0.00913068,0.132078,0.585802,0.800611,0.734239,0.170451,0.660731
0.729515,0.601069,0.84199,0.651126,0.609929,0.702874,0.550061,0.330109,0.55607,0.515789,0.678013,0.600224,0.717348,0.660579,0.603495,0.525177,0.581191,0.562218,0.545213,0.646386,0.756735,0.410373,0.682733,0.721461,0.488982,0.506639,0.609562,0.558846,0.209291,-0.108314,0.290195,0.579235,0.710425,0.636734,0.527389,0.2953,0.185645,0.385655,0.718522,1,0.476181,0.542759,0.777788,0.687758,0.855234,0.703791,0.654959,0.52785,0.536369,0.651782,0.500414,0.637859,0.660918,0.515526,0.638719,0.738501,0.588723,0.516456,0.560942,0.449997,0.143005,0.787889,0.751011,0.798342,0.734743,0.586856,0.658195,0.671567,0.385515,0.389334,0.601676,0.50439,0.456532,-0.168237,0.447428,0.647269,0.59407,0.477023,0.183092,-0.0110853,0.59236,0.746279,0.823717,0.014298,0.578327
0.400237,0.327973,0.509426,0.342805,0.4556,0.517196,0.245132,0.234465,0.322836,0.403238,0.596102,0.308932,0.344717,0.474245,0.44713,0.113802,0.120283,0.294854,0.585009,0.609785,0.6137,0.202025,0.620253,0.676592,0.401385,0.384113,0.445624,0.499192,0.241919,-0.00775564,0.243212,0.453315,0.663879,0.618496,0.421606,0.252692,0.0602198,0.206076,0.534203,0.476181,1,0.476708,0.414487,0.437683,0.453851,0.357957,0.516786,0.57026,0.409236,0.482604,0.442129,0.564731,0.557078,0.135352,0.2435,0.431156,0.348931,0.202478,0.207478,0.44349,0.386385,0.451559,0.439737,0.557339,0.585151,0.585379,0.577315,0.587487,0.321114,0.34624,0.503841,0.439128,0.226271,0.124861,0.355155,0.497981,0.681371,0.416273,0.162795,0.205417,0.602787,0.544191,0.573149,-0.0561736,0.533986
0.610626,0.557039,0.708008,0.540405,0.592295,0.518864,0.260762,0.306421,0.359511,0.330205,0.508263,0.342576,0.452251,0.74604,0.318738,0.310246,0.308768,0.540704,0.650438,0.591971,0.699217,0.545409,0.627909,0.67308,0.396463,0.580971,0.743381,0.375218,0.208822,0.15673,0.23937,0.384158,0.702602,0.686702,0.498212,0.208124,0.14006,0.359616,0.584419,0.542759,0.476708,1,0.624965,0.601237,0.690542,0.580208,0.647307,0.466984,0.500981,0.391015,0.415608,0.521951,0.589334,0.369199,0.518207,0.672882,0.36294,0.458223,0.479263,0.316199,0.38331,0.398685,0.513134,0.704842,0.579514,0.549167,0.567469,0.741175,0.302651,0.586196,0.567311,0.489935,0.297702,0.0911337,0.409789,0.671199,0.680489,0.377667,0.313872,0.104153,0.615747,0.721531,0.654854,0.19263,0.557127
0.931243,0.844024,0.925124,0.798657,0.719026,0.743831,0.538328,0.536106,0.534082,0.580627,0.702241,0.638237,0.816238,0.812658,0.536795,0.74971,0.757518,0.746063,0.64595,0.699497,0.749369,0.484524,0.775475,0.780177,0.671088,0.601499,0.611765,0.409355,0.275299,0.107034,0.378292,0.361183,0.622051,0.658944,0.471371,0.36943,0.310194,0.62429,0.793024,0.777788,0.414487,0.624965,1,0.884297,0.88541,0.730395,0.734694,0.621006,0.588631,0.664234,0.484651,0.682156,0.739382,0.635448,0.764357,0.849889,0.678893,0.795509,0.808862,0.40873,0.286331,0.715421,0.690731,0.827475,0.748715,0.537686,0.597015,0.740158,0.369796,0.509092,0.766047,0.72316,0.366222,-0.0794965,0.483481,0.661077,0.55306,0.355068,0.055585,0.247728,0.491864,0.760344,0.78903,0.0499899,0.546517
0.868048,0.767154,0.87261,0.825909,0.771661,0.695667,0.456248,0.400209,0.426268,0.607508,0.731418,0.525906,0.731495,0.806467,0.486143,0.697681,0.683522,0.752363,0.616842,0.738972,0.72129,0.447905,0.761365,0.767507,0.682865,0.652423,0.677969,0.436636,0.250891,0.229444,0.294607,0.416525,0.541305,0.648276,0.404665,0.3949,0.346635,0.60877,0.825468,0.687758,0.437683,0.601237,0.884297,1,0.801435,0.717284,0.686839,0.703853,0.610281,0.720362,0.504669,0.71948,0.713953,0.613495,0.722416,0.866903,0.650023,0.821663,0.753227,0.502917,0.360823,0.635458,0.66705,0.825626,0.727807,0.508256,0.621154,0.729106,0.292677,0.42843,0.752215,0.834487,0.287838,0.0960882,0.460129,0.622591,0.554103,0.363473,0.127796,0.268809,0.479976,0.68327,0.690292,0.211955,0.640854
0.856034,0.76313,0.91625,0.767581,0.760433,0.711367,0.499608,0.400097,0.509545,0.604785,0.718975,0.636732,0.75484,0.792687,0.588441,0.626598,0.662683,0.61061,0.60381,0.714731,0.801285,0.398471,0.705971,0.793753,0.587571,0.560225,0.686933,0.561949,0.331122,0.00318515,0.403494,0.505037,0.730275,0.742154,0.551791,0.340532,0.178134,0.602259,0.772263,0.855234,0.453851,0.690542,0.88541,0.801435,1,0.812778,0.730972,0.583175,0.667642,0.667357,0.587962,0.753699,0.770701,0.615941,0.767788,0.806031,0.698935,0.672381,0.779939,0.433831,0.332293,0.779361,0.703705,0.860834,0.779081,0.577547,0.682549,0.809322,0.384982,0.524153,0.699384,0.671982,0.325103,-0.0233731,0.472126,0.73679,0.587317,0.480175,0.237632,0.0966638,0.593918,0.827104,0.818145,0.0106581,0.618992
0.732493,0.728934,0.761405,0.754477,0.733956,0.713997,0.320606,0.358456,0.524475,0.416617,0.674829,0.58909,0.73764,0.609797,0.583677,0.558382,0.575377,0.605483,0.557043,0.69605,0.735374,0.248043,0.530026,0.6594,0.543215,0.475054,0.592043,0.37989,0.241907,0.0228967,0.232023,0.445421,0.60308,0.554313,0.41856,0.224618,0.138613,0.44308,0.67507,0.703791,0.357957,0.580208,0.730395,0.717284,0.812778,1,0.781663,0.645312,0.510632,0.67613,0.558062,0.633082,0.714599,0.516566,0.657754,0.77895,0.623915,0.540586,0.696821,0.601739,0.291493,0.699396,0.560373,0.728741,0.642057,0.474697,0.583884,0.708781,0.496669,0.51952,0.601827,0.598002,0.208418,-0.0807672,0.307141,0.530996,0.395755,0.42077,0.246386,-0.0446274,0.543986,0.656273,0.693038,-0.0698095,0.582471
0.734188,0.642632,0.756593,0.658626,0.599553,0.639975,0.296577,0.370019,0.472234,0.38161,0.678325,0.519449,0.651187,0.687675,0.597129,0.385323,0.383791,0.555979,0.579649,0.741803,0.764591,0.293697,0.690548,0.780869,0.633418,0.624166,0.570766,0.512401,0.281999,0.0540106,0.232518,0.451814,0.699029,0.647075,0.520058,0.267389,0.145743,0.426881,0.67769,0.654959,0.516786,0.647307,0.734694,0.686839,0.730972,0.781663,1,0.669589,0.608281,0.621798,0.502022,0.639548,0.675386,0.374169,0.488392,0.710738,0.619495,0.435246,0.519202,0.590643,0.477023,0.618727,0.646127,0.744086,0.772051,0.638068,0.678486,0.806581,0.492177,0.643475,0.686584,0.615611,0.264098,0.0421713,0.339263,0.626176,0.619435,0.41204,0.202642,0.118888,0.666094,0.706075,0.652519,0.0106532,0.603468
0.529588,0.413491,0.659351,0.688824,0.516516,0.584129,0.216322,0.349723,0.408071,0.451345,0.644763,0.389903,0.517731,0.477179,0.482945,0.331067,0.428676,0.459515,0.513373,0.633822,0.583702,0.204783,0.66509,0.676376,0.475375,0.491368,0.549805,0.535294,0.401618,0.271705,0.243829,0.301942,0.584209,0.61062,0.478523,0.173477,0.144991,0.450372,0.601493,0.52785,0.57026,0.466984,0.621006,0.703853,0.583175,0.645312,0.669589,1,0.416502,0.630309,0.591586,0.553126,0.59575,0.438439,0.463749,0.640938,0.618148,0.449463,0.456219,0.560293,0.253466,0.592024,0.536829,0.622102,0.604474,0.520444,0.647376,0.604179,0.481795,0.334283,0.59284,0.673758,0.311672,0.0542371,0.203073,0.472701,0.527767,0.399055,0.160275,0.0535319,0.41293,0.432223,0.52042,0.139867,0.631737
0.563253,0.429266,0.620504,0.524731,0.550937,0.475859,0.414967,0.333431,0.350728,0.416557,0.486564,0.346895,0.422586,0.593274,0.379787,0.30948,0.204408,0.421479,0.399004,0.501536,0.526366,0.202395,0.591413,0.643163,0.341844,0.377617,0.555883,0.330079,0.141269,-0.0616678,0.297618,0.183103,0.449736,0.529853,0.181027,0.194793,0.190353,0.386941,0.547274,0.536369,0.409236,0.500981,0.588631,0.610281,0.667642,0.510632,0.608281,0.416502,1,0.516286,0.474724,0.534966,0.582915,0.225691,0.31905,0.561296,0.501996,0.350493,0.395426,0.307321,0.275229,0.466776,0.471434,0.575999,0.597234,0.366818,0.55515,0.673002,0.13275,0.346276,0.599355,0.521585,0.160961,0.138804,0.412144,0.644309,0.52843,0.255724,0.139342,0.11791,0.525926,0.601816,0.536478,-0.0369725,0.482548
0.652142,0.521067,0.663948,0.59003,0.499458,0.49538,0.294333,0.213609,0.352596,0.425976,0.594018,0.518513,0.589743,0.531348,0.414356,0.528736,0.502118,0.433084,0.395588,0.511855,0.553804,0.150317,0.613213,0.592436,0.464626,0.300771,0.504581,0.382586,0.160714,0.12196,0.107694,0.354924,0.42572,0.435859,0.298087,0.272221,0.177803,0.427265,0.572008,0.651782,0.482604,0.391015,0.664234,0.720362,0.667357,0.67613,0.621798,0.630309,0.516286,1,0.487514,0.494022,0.558701,0.504401,0.584041,0.679705,0.584298,0.546157,0.620276,0.510467,0.297045,0.579916,0.497845,0.551075,0.498934,0.337518,0.449118,0.557907,0.30984,0.27069,0.522202,0.535607,0.251158,0.197809,0.368669,0.449204,0.344332,0.406058,0.230309,0.186502,0.380197,0.509422,0.554589,0.0214512,0.566654
0.457753,0.288944,0.51202,0.405969,0.542941,0.524511,0.348886,0.202842,0.357944,0.402136,0.419925,0.243729,0.425563,0.464043,0.424169,0.123692,0.17684,0.418393,0.305045,0.432756,0.459503,0.177779,0.488164,0.61769,0.38947,0.383245,0.331036,0.42248,0.176086,0.0404417,0.142367,0.290444,0.537412,0.455195,0.465721,0.392191,0.224181,0.580377,0.460093,0.500414,0.442129,0.415608,0.484651,0.504669,0.587962,0.558062,0.502022,0.591586,0.474724,0.487514,1,0.553655,0.550755,0.160497,0.276348,0.565455,0.634916,0.247752,0.264429,0.479466,0.242026,0.643246,0.182095,0.529301,0.460107,0.349656,0.444182,0.632657,0.306651,0.168662,0.390794,0.423885,0.258181,-0.126407,0.247725,0.364403,0.374121,0.333171,0.249458,0.0849541,0.548928,0.34286,0.448424,-0.0711143,0.576575
0.731901,0.675364,0.771351,0.680359,0.806364,0.757087,0.479153,0.377968,0.447886,0.687613,0.800366,0.420427,0.635295,0.676699,0.68863,0.437703,0.519852,0.568866,0.579727,0.837497,0.805346,0.437828,0.647849,0.811366,0.705007,0.686253,0.502762,0.585937,0.376423,-0.0376325,0.381071,0.583289,0.67227,0.649446,0.392392,0.458737,0.221807,0.565538,0.825833,0.637859,0.564731,0.521951,0.682156,0.71948,0.753699,0.633082,0.639548,0.553126,0.534966,0.494022,0.553655,1,0.812981,0.39309,0.604168,0.61623,0.610167,0.57135,0.562492,0.577725,0.446456,0.62132,0.640691,0.826093,0.850393,0.650067,0.662235,0.777436,0.292573,0.552271,0.627535,0.689366,0.262809,0.000607805,0.440507,0.709941,0.651215,0.532262,0.0345975,0.190555,0.599314,0.703332,0.619572,0.139942,0.697263
