1,0.791463,0.901519,0.758101,0.73946,0.673358,0.590049,0.459033,0.682163,0.454901,0.643334,0.395759,0.638575,0.812479,0.738496,0.507424,0.708343,0.852426,0.614786,0.812501,0.739491,0.473262,0.642754,0.767974,0.594516,0.703449,0.752845,0.624261,0.348301,0.634898,0.175318,0.657088,0.617588,0.675215,0.468846,0.524204,0.542563,0.516416,0.716633,0.714694,0.33218,0.708157,0.886449,0.666933,0.903149,0.788879,0.743131,0.794951,0.60542,0.306312,0.63881,0.522625,0.46608,0.433633,0.56509,0.697982,0.752494,0.761959,0.722111,0.0482357,0.456264,0.76499,0.558224,0.769926,0.727832,0.491862,0.687089,0.773722,0.527664,0.776576,0.722763,0.477191,0.193992,0.279356,0.464694,0.487464,0.563049,0.168368,0.411491,0.266859,0.563826,0.690573,0.58402,0.390347,0.620276
0.791463,1,0.677474,0.450126,0.513108,0.431617,0.441925,0.27525,0.628713,0.265425,0.422583,0.2938,0.560418,0.756744,0.672824,0.794078,0.582439,0.765077,0.581803,0.659687,0.608918,0.317472,0.549317,0.578737,0.457607,0.524089,0.554848,0.37355,0.326385,0.461889,0.295323,0.537322,0.484922,0.357709,0.295006,0.327625,0.509047,0.424588,0.508888,0.557811,0.191478,0.421922,0.740297,0.873617,0.684795,0.643386,0.548536,0.721839,0.490296,0.323429,0.507256,0.383127,0.283574,0.35825,0.555025,0.686626,0.688496,0.835039,0.661613,0.220886,0.298447,0.613139,0.430685,0.583991,0.556684,0.36026,0.418222,0.582061,0.371244,0.49701,0.465173,0.273563,0.0635466,0.0765974,0.448185,0.386292,0.237992,0.0258402,0.0254156,0.0779626,0.399337,0.476069,0.332743,0.179921,0.411652
0.901519,0.677474,1,0.817376,0.781415,0.686776,0.643526,0.490307,0.715768,0.655963,0.715181,0.622674,0.782468,0.752059,0.753037,0.362537,0.858669,0.880138,0.607521,0.847365,0.82462,0.637073,0.706801,0.903571,0.680772,0.78217,0.814684,0.685036,0.502464,0.650994,0.170048,0.575717,0.616879,0.714911,0.59345,0.452009,0.635964,0.577493,0.752398,0.735222,0.332807,0.744914,0.759232,0.492497,0.975555,0.824683,0.813822,0.781377,0.604284,0.339502,0.648032,0.656863,0.567486,0.651024,0.715346,0.578742,0.780463,0.66944,0.843179,0.201859,0.429101,0.737111,0.641538,0.84683,0.849654,0.617359,0.797691,0.875801,0.672893,0.793279,0.814575,0.489013,0.289884,0.460683,0.55582,0.552561,0.664853,0.235619,0.530097,0.353243,0.690877,0.739146,0.542914,0.486832,0.701344
0.758101,0.450126,0.817376,1,0.782157,0.611823,0.361828,0.310493,0.571883,0.575825,0.737534,0.507902,0.60112,0.464843,0.650134,0.224577,0.659569,0.677285,0.493928,0.696231,0.74392,0.418207,0.482013,0.719609,0.464125,0.719107,0.601025,0.626031,0.451818,0.515096,0.187552,0.533882,0.687359,0.727675,0.680452,0.580435,0.426513,0.508198,0.705446,0.689142,0.19948,0.664472,0.720009,0.280674,0.843839,0.739216,0.691016,0.654797,0.447486,0.132434,0.363873,0.590243,0.552461,0.497984,0.544103,0.477101,0.502874,0.511032,0.593373,0.0928512,0.39168,0.507016,0.534863,0.756381,0.680403,0.503271,0.627325,0.701884,0.429229,0.695943,0.690174,0.645822,0.32707,0.468399,0.49784,0.525925,0.658522,0.338291,0.496947,0.249875,0.572673,0.664735,0.461229,0.475422,0.757033
0.73946,0.513108,0.781415,0.782157,1,0.74221,0.456475,0.42753,0.638455,0.598962,0.599055,0.585113,0.732972,0.611269,0.719561,0.371448,0.693474,0.734332,0.705806,0.795378,0.866415,0.518338,0.626602,0.763713,0.659849,0.724254,0.65848,0.600628,0.527847,0.591041,0.195676,0.481363,0.622838,0.721738,0.633682,0.639516,0.464328,0.388016,0.602922,0.688548,0.26361,0.619364,0.652519,0.370393,0.809192,0.747354,0.710966,0.692735,0.617946,0.337132,0.558812,0.686769,0.64739,0.623627,0.677798,0.442791,0.597315,0.651598,0.718287,0.0734899,0.479424,0.627999,0.563005,0.792384,0.749219,0.55822,0.713921,0.765637,0.432871,0.674673,0.691827,0.672505,0.330923,0.496592,0.482012,0.615784,0.672327,0.313053,0.506738,0.303156,0.469611,0.721971,0.503018,0.494438,0.77899
0.673358,0.431617,0.686776,0.611823,0.74221,1,0.728109,0.589335,0.553392,0.694866,0.646921,0.484064,0.613825,0.689726,0.693712,0.224368,0.585721,0.643303,0.643811,0.724386,0.800498,0.551908,0.743576,0.749197,0.689394,0.661094,0.761352,0.630715,0.30674,0.538297,0.155278,0.490862,0.423248,0.534302,0.48255,0.498065,0.420906,0.546644,0.642054,0.588163,0.54373,0.618287,0.683294,0.376534,0.718401,0.65346,0.751576,0.709355,0.666025,0.389639,0.524175,0.622444,0.720854,0.508671,0.617523,0.543194,0.597049,0.620267,0.646624,0.0323633,0.40549,0.657659,0.519684,0.742415,0.728386,0.678378,0.703449,0.773073,0.580561,0.667816,0.745276,0.500803,0.340889,0.392261,0.278213,0.538363,0.46429,0.405962,0.436949,0.32392,0.527343,0.742967,0.590107,0.547275,0.598169
0.590049,0.441925,0.643526,0.361828,0.456475,0.728109,1,0.712564,0.476132,0.575201,0.500449,0.477179,0.556064,0.73206,0.60263,0.210764,0.570719,0.587952,0.551524,0.699232,0.652017,0.652016,0.765241,0.727601,0.734525,0.660769,0.846838,0.688845,0.237402,0.574467,0.0580695,0.455025,0.319747,0.38461,0.27434,0.364931,0.391656,0.593845,0.606641,0.506168,0.61037,0.581941,0.545442,0.431845,0.647329,0.594426,0.644716,0.675232,0.660111,0.47069,0.618767,0.605743,0.691604,0.527694,0.596932,0.561205,0.768798,0.590141,0.696998,0.19699,0.36621,0.652296,0.432753,0.632428,0.692444,0.698732,0.707856,0.746207,0.640181,0.685869,0.715504,0.300155,0.278462,0.246918,0.306778,0.466902,0.372335,0.387423,0.414211,0.500131,0.48045,0.684911,0.665869,0.475394,0.36481
0.459033,0.27525,0.490307,0.310493,0.42753,0.589335,0.712564,1,0.488094,0.426701,0.475738,0.304387,0.395657,0.638822,0.547983,0.00959772,0.44415,0.539282,0.555921,0.622101,0.604139,0.559156,0.62792,0.638369,0.640301,0.51475,0.721344,0.654393,0.289171,0.479529,0.00375637,0.293333,0.230116,0.40233,0.348391,0.245878,0.291135,0.404898,0.493087,0.263476,0.4599,0.470004,0.295056,0.269738,0.487376,0.522419,0.617086,0.522712,0.664246,0.571688,0.518374,0.630595,0.611915,0.364796,0.396218,0.431832,0.660501,0.314907,0.510196,0.243766,0.285671,0.502536,0.345781,0.606444,0.601849,0.609856,0.6572,0.582549,0.57903,0.59373,0.671263,0.283629,0.27054,0.338435,0.352766,0.523939,0.270983,0.166018,0.363158,0.463158,0.387765,0.598381,0.558833,0.341292,0.382819
0.682163,0.628713,0.715768,0.571883,0.638455,0.553392,0.476132,0.488094,1,0.445196,0.531392,0.585368,0.675397,0.66457,0.675357,0.368119,0.614574,0.801437,0.654921,0.695764,0.758623,0.547455,0.615937,0.712749,0.440996,0.583336,0.599816,0.455929,0.522887,0.571858,0.163472,0.530439,0.598314,0.626154,0.569106,0.378393,0.495717,0.366536,0.553609,0.532385,0.34646,0.53423,0.582509,0.43314,0.674228,0.505512,0.663693,0.656849,0.537753,0.318298,0.37964,0.626326,0.418138,0.489739,0.619986,0.411105,0.620568,0.577499,0.712405,0.167894,0.232675,0.51871,0.417934,0.721086,0.711733,0.447461,0.578339,0.677011,0.489031,0.503443,0.625358,0.446917,0.300039,0.472189,0.457981,0.619009,0.433023,0.240305,0.323503,0.0827905,0.55129,0.621218,0.400963,0.317392,0.600376
0.454901,0.265425,0.655963,0.575825,0.598962,0.694866,0.575201,0.426701,0.445196,1,0.730707,0.627718,0.649514,0.459885,0.619286,0.0133952,0.671228,0.50927,0.377395,0.593533,0.631306,0.615932,0.555899,0.693633,0.588881,0.579839,0.673761,0.512048,0.34883,0.507033,0.125249,0.243206,0.252313,0.479757,0.51827,0.410729,0.508536,0.540363,0.405088,0.436721,0.427129,0.55211,0.450497,0.19638,0.660232,0.580446,0.710888,0.56966,0.494517,0.416957,0.367355,0.680986,0.691863,0.661782,0.696403,0.313749,0.503835,0.435388,0.698196,0.207102,0.340318,0.439933,0.377891,0.616806,0.681922,0.666619,0.654471,0.670121,0.550232,0.611561,0.646023,0.396224,0.315059,0.513217,0.286174,0.370674,0.447571,0.495587,0.501033,0.34804,0.589583,0.592743,0.45343,0.636858,0.51416
0.643334,0.422583,0.715181,0.737534,0.599055,0.646921,0.500449,0.475738,0.531392,0.730707,1,0.534384,0.65916,0.533431,0.693069,0.186793,0.696396,0.549267,0.464009,0.637894,0.666896,0.518094,0.526076,0.661014,0.511235,0.570619,0.654856,0.5117,0.450197,0.638026,0.137571,0.391855,0.512215,0.602826,0.588809,0.465746,0.487425,0.520972,0.591766,0.541293,0.321056,0.589883,0.627691,0.265872,0.724815,0.642693,0.731903,0.62405,0.52946,0.396066,0.427667,0.710404,0.630688,0.490904,0.678279,0.407611,0.540792,0.497625,0.668638,0.150055,0.191123,0.520268,0.382543,0.752026,0.662112,0.610106,0.66891,0.640321,0.569942,0.712028,0.678739,0.555884,0.376801,0.391159,0.444812,0.465372,0.547869,0.227333,0.491335,0.291899,0.623102,0.6608,0.438565,0.575591,0.651946
0.395759,0.2938,0.622674,0.507902,0.585113,0.484064,0.477179,0.304387,0.585368,0.627718,0.534384,1,0.84841,0.403711,0.532444,0.214998,0.786246,0.551903,0.4844,0.628724,0.649018,0.674343,0.458033,0.683045,0.484163,0.569894,0.447189,0.408873,0.614542,0.635331,0.0203989,0.274995,0.448234,0.498198,0.579664,0.361925,0.487796,0.302812,0.555063,0.447774,0.16123,0.554029,0.310921,0.0856937,0.604302,0.442568,0.464624,0.39998,0.524558,0.17384,0.338927,0.601925,0.469298,0.865254,0.805786,0.14936,0.504963,0.440031,0.734717,0.0319067,0.0522459,0.344963,0.524972,0.656874,0.697565,0.469081,0.556013,0.654051,0.508904,0.468673,0.45645,0.492779,0.335893,0.486445,0.388015,0.44774,0.582125,0.310148,0.508055,0.385206,0.512143,0.626567,0.339896,0.350964,0.623357
0.638575,0.560418,0.782468,0.60112,0.732972,0.613825,0.556064,0.395657,0.675397,0.649514,0.65916,0.84841,1,0.701709,0.712805,0.395448,0.894397,0.732019,0.623022,0.807484,0.78918,0.70006,0.678807,0.812518,0.633562,0.720598,0.635336,0.537051,0.6318,0.71938,0.105492,0.428907,0.501778,0.632827,0.657825,0.438641,0.592458,0.429711,0.683501,0.662194,0.294502,0.621346,0.512252,0.390272,0.755089,0.643439,0.653763,0.613833,0.688853,0.369257,0.55866,0.719084,0.600215,0.816586,0.926016,0.433564,0.687018,0.667413,0.847893,0.0831555,0.206875,0.630744,0.641042,0.833569,0.829095,0.624197,0.751031,0.819784,0.577992,0.64079,0.645031,0.579733,0.422635,0.494411,0.48688,0.529486,0.604786,0.216118,0.485965,0.413515,0.524634,0.738947,0.484214,0.500373,0.709667
0.812479,0.756744,0.752059,0.464843,0.611269,0.689726,0.73206,0.638822,0.66457,0.459885,0.533431,0.403711,0.701709,1,0.795835,0.537252,0.64733,0.777196,0.656755,0.820183,0.7303,0.564439,0.809921,0.787362,0.678477,0.683519,0.811332,0.647201,0.383044,0.621709,0.0882126,0.602451,0.409184,0.494901,0.424257,0.305835,0.477368,0.494059,0.659181,0.658014,0.467876,0.563477,0.731667,0.729202,0.741143,0.730884,0.726608,0.815,0.765494,0.593507,0.712415,0.606847,0.560303,0.462311,0.644172,0.767993,0.870547,0.786325,0.741749,0.170827,0.454355,0.822744,0.58027,0.780075,0.763109,0.658868,0.730293,0.813715,0.636153,0.679814,0.745145,0.409995,0.361038,0.35047,0.418727,0.536981,0.393284,0.219674,0.304362,0.432485,0.50594,0.688096,0.671995,0.381433,0.548117
0.738496,0.672824,0.753037,0.650134,0.719561,0.693712,0.60263,0.547983,0.675357,0.619286,0.693069,0.532444,0.712805,0.795835,1,0.491216,0.691856,0.751977,0.614911,0.738259,0.757424,0.546754,0.656493,0.776603,0.520467,0.628814,0.731352,0.597072,0.51479,0.604239,0.060331,0.521324,0.466469,0.482702,0.55709,0.394665,0.463979,0.481821,0.586553,0.605847,0.29216,0.493626,0.739477,0.549164,0.783831,0.727965,0.743659,0.807254,0.620309,0.479629,0.585865,0.704068,0.605975,0.558634,0.681056,0.594093,0.778573,0.718141,0.783736,0.231119,0.411185,0.681106,0.429578,0.773796,0.70207,0.683829,0.653173,0.747243,0.549329,0.62395,0.707616,0.430488,0.323318,0.476306,0.444966,0.580747,0.46069,0.368745,0.425481,0.400972,0.597431,0.637326,0.477545,0.325787,0.714573
0.507424,0.794078,0.362537,0.224577,0.371448,0.224368,0.210764,0.00959772,0.368119,0.0133952,0.186793,0.214998,0.395448,0.537252,0.491216,1,0.310891,0.438924,0.527452,0.428466,0.423712,0.0467428,0.263195,0.262444,0.249158,0.267162,0.220484,0.1638,0.303537,0.417011,0.155644,0.445009,0.399919,0.127246,0.0964026,0.136002,0.156536,0.204205,0.348098,0.484744,-0.114808,0.148135,0.537241,0.701218,0.369683,0.358663,0.167976,0.433828,0.261058,0.169638,0.343152,0.171107,0.14197,0.214317,0.43281,0.478326,0.409988,0.777006,0.424764,0.0506459,0.198114,0.391167,0.316605,0.391615,0.273798,0.161162,0.0830706,0.291032,0.121369,0.169046,0.155803,0.33374,0.0363329,-0.0611563,0.357907,0.358753,0.154349,-0.0325629,-0.187807,0.0425022,0.274052,0.315377,0.214705,-0.0343342,0.320646
0.708343,0.582439,0.858669,0.659569,0.693474,0.585721,0.570719,0.44415,0.614574,0.671228,0.696396,0.786246,0.894397,0.64733,0.691856,0.310891,1,0.807666,0.534667,0.798434,0.743595,0.710739,0.600893,0.804433,0.628437,0.67897,0.6495,0.508605,0.594923,0.667278,0.0759978,0.390848,0.495412,0.632505,0.564324,0.447121,0.702488,0.457224,0.64964,0.566372,0.284834,0.705072,0.525077,0.426661,0.847566,0.725998,0.685201,0.598857,0.607902,0.304213,0.551158,0.640813,0.525579,0.807042,0.831499,0.435525,0.696314,0.621613,0.857414,0.156786,0.202616,0.601198,0.613587,0.767019,0.802567,0.558095,0.712665,0.784473,0.63804,0.727174,0.635909,0.389454,0.363908,0.381252,0.463796,0.453433,0.611178,0.123998,0.520202,0.350744,0.594245,0.707101,0.411501,0.500578,0.63148
0.852426,0.765077,0.880138,0.677285,0.734332,0.643303,0.587952,0.539282,0.801437,0.50927,0.549267,0.551903,0.732019,0.777196,0.751977,0.438924,0.807666,1,0.667442,0.849899,0.826631,0.62173,0.704789,0.845128,0.55935,0.727682,0.722092,0.629897,0.564283,0.589457,0.165694,0.587826,0.615076,0.637207,0.583846,0.449639,0.591299,0.430637,0.702949,0.628911,0.311728,0.635887,0.690916,0.634037,0.871977,0.743719,0.759479,0.787481,0.602323,0.316978,0.584999,0.597623,0.497699,0.601541,0.67262,0.596098,0.766946,0.718572,0.834462,0.234015,0.392343,0.684947,0.628232,0.785819,0.803236,0.541277,0.671981,0.797339,0.583192,0.666019,0.70936,0.360836,0.211285,0.373296,0.517005,0.59434,0.56137,0.222092,0.378241,0.19623,0.615986,0.682729,0.451973,0.367541,0.603361
0.614786,0.581803,0.607521,0.493928,0.705806,0.643811,0.551524,0.555921,0.654921,0.377395,0.464009,0.4844,0.623022,0.656755,0.614911,0.527452,0.534667,0.667442,1,0.769679,0.856826,0.48046,0.633506,0.635227,0.601869,0.560616,0.655369,0.626973,0.404135,0.634298,0.333694,0.448316,0.659602,0.592604,0.531146,0.460628,0.395998,0.476161,0.701853,0.611298,0.26738,0.466808,0.487593,0.471895,0.606043,0.599039,0.600568,0.608644,0.58633,0.368,0.514736,0.529947,0.537087,0.50064,0.648772,0.554516,0.623861,0.732982,0.625125,0.211161,0.36665,0.619749,0.588105,0.787801,0.749494,0.538708,0.588736,0.678289,0.388439,0.557704,0.64988,0.497614,0.309364,0.364985,0.477311,0.667425,0.52129,0.274962,0.33452,0.261314,0.469144,0.7568,0.482413,0.394676,0.562532
0.812501,0.659687,0.847365,0.696231,0.795378,0.724386,0.699232,0.622101,0.695764,0.593533,0.637894,0.628724,0.807484,0.820183,0.738259,0.428466,0.798434,0.849899,0.769679,1,0.889031,0.696006,0.783555,0.880435,0.774159,0.840439,0.812452,0.805952,0.483451,0.77261,0.30237,0.572065,0.62948,0.691816,0.666148,0.555303,0.52173,0.57722,0.819073,0.774349,0.397099,0.651352,0.650394,0.579966,0.852671,0.767826,0.738417,0.805984,0.772101,0.516779,0.629278,0.706104,0.689175,0.686889,0.776765,0.706285,0.807926,0.746268,0.798472,0.146101,0.454703,0.777209,0.710145,0.902419,0.924671,0.632761,0.762419,0.903156,0.569348,0.765807,0.808787,0.57688,0.42223,0.477608,0.496609,0.591738,0.658155,0.307342,0.491916,0.418397,0.552767,0.851297,0.703854,0.47314,0.662909
0.739491,0.608918,0.82462,0.74392,0.866415,0.800498,0.652017,0.604139,0.758623,0.631306,0.666896,0.649018,0.78918,0.7303,0.757424,0.423712,0.743595,0.826631,0.856826,0.889031,1,0.636967,0.758944,0.862377,0.735656,0.805406,0.778871,0.728402,0.57674,0.681133,0.274576,0.533984,0.696146,0.738756,0.66357,0.571122,0.488036,0.579643,0.783315,0.762307,0.383163,0.651753,0.636909,0.453554,0.828258,0.758882,0.784494,0.77649,0.68886,0.409125,0.555823,0.746268,0.726243,0.662962,0.783181,0.587521,0.716974,0.736965,0.813829,0.245499,0.427159,0.673165,0.683683,0.898865,0.882678,0.692567,0.777043,0.86651,0.569632,0.707846,0.809711,0.637304,0.443306,0.491237,0.624942,0.756833,0.634962,0.341671,0.466547,0.379328,0.625776,0.842065,0.577533,0.537276,0.75781
0.473262,0.317472,0.637073,0.418207,0.518338,0.551908,0.652016,0.559156,0.547455,0.615932,0.518094,0.674343,0.70006,0.564439,0.546754,0.0467428,0.710739,0.62173,0.48046,0.696006,0.636967,1,0.684494,0.751182,0.661051,0.591223,0.68358,0.618158,0.486631,0.644534,0.0767887,0.207276,0.418641,0.508973,0.547319,0.432937,0.453926,0.312935,0.577786,0.461647,0.456209,0.577978,0.310189,0.139487,0.623284,0.465495,0.588581,0.497096,0.605411,0.414323,0.527471,0.584538,0.511179,0.755071,0.725125,0.282278,0.61641,0.419372,0.72035,0.178127,0.221343,0.470885,0.548697,0.660488,0.740848,0.649537,0.654005,0.707921,0.541188,0.489381,0.71255,0.265442,0.371406,0.518151,0.306148,0.433449,0.615686,0.404358,0.605089,0.42051,0.592436,0.716872,0.56019,0.391549,0.473156
0.642754,0.549317,0.706801,0.482013,0.626602,0.743576,0.765241,0.62792,0.615937,0.555899,0.526076,0.458033,0.678807,0.809921,0.656493,0.263195,0.600893,0.704789,0.633506,0.783555,0.758944,0.684494,1,0.845622,0.729847,0.729651,0.870164,0.693237,0.341098,0.559541,0.195018,0.534463,0.449167,0.531669,0.514585,0.358936,0.423648,0.500941,0.668023,0.614742,0.624321,0.567369,0.543225,0.45963,0.703246,0.640599,0.748102,0.779993,0.772704,0.554014,0.70336,0.666991,0.658769,0.58709,0.681417,0.572415,0.809114,0.617974,0.721068,0.264848,0.349731,0.785978,0.555549,0.786506,0.798145,0.791928,0.794859,0.858871,0.597412,0.663317,0.831851,0.444269,0.328914,0.366298,0.477379,0.607743,0.433977,0.36277,0.388578,0.404577,0.447267,0.739537,0.683228,0.500508,0.527249
0.767974,0.578737,0.903571,0.719609,0.763713,0.749197,0.727601,0.638369,0.712749,0.693633,0.661014,0.683045,0.812518,0.787362,0.776603,0.262444,0.804433,0.845128,0.635227,0.880435,0.862377,0.751182,0.845622,1,0.737034,0.836265,0.881725,0.789658,0.555873,0.647065,0.207952,0.544281,0.557961,0.687658,0.654632,0.401342,0.537009,0.582325,0.78078,0.70427,0.458082,0.73738,0.645645,0.392598,0.891907,0.796325,0.851287,0.813143,0.758793,0.47345,0.680584,0.784746,0.690053,0.726586,0.776851,0.564678,0.83095,0.622932,0.84986,0.26038,0.362498,0.722768,0.694049,0.895958,0.899158,0.77497,0.856167,0.958244,0.717457,0.761326,0.868019,0.537959,0.389937,0.55691,0.595902,0.642751,0.640435,0.405985,0.583529,0.492372,0.662659,0.806801,0.648337,0.488864,0.757936
0.594516,0.457607,0.680772,0.464125,0.659849,0.689394,0.734525,0.640301,0.440996,0.588881,0.511235,0.484163,0.633562,0.678477,0.520467,0.249158,0.628437,0.55935,0.601869,0.774159,0.735656,0.661051,0.729847,0.737034,1,0.765275,0.777656,0.620481,0.278222,0.636117,0.193496,0.343787,0.403251,0.488524,0.414308,0.489791,0.403162,0.534069,0.549066,0.608555,0.488766,0.561546,0.462979,0.398918,0.700461,0.660254,0.598492,0.645552,0.697851,0.567549,0.609197,0.613696,0.672503,0.573373,0.674482,0.470588,0.684862,0.543327,0.621201,0.154514,0.444128,0.633492,0.533627,0.691303,0.722124,0.637347,0.786067,0.746414,0.570502,0.669088,0.728952,0.494893,0.333311,0.265347,0.406588,0.501017,0.482104,0.155982,0.463604,0.474842,0.421236,0.765029,0.675687,0.589304,0.47456
0.703449,0.524089,0.78217,0.719107,0.724254,0.661094,0.660769,0.51475,0.583336,0.579839,0.570619,0.569894,0.720598,0.683519,0.628814,0.267162,0.67897,0.727682,0.560616,0.840439,0.805406,0.591223,0.729651,0.836265,0.765275,1,0.751209,0.763683,0.413486,0.623868,0.231641,0.577106,0.619749,0.621632,0.62742,0.506049,0.38497,0.545786,0.738697,0.776248,0.393449,0.595334,0.628621,0.445362,0.810457,0.741953,0.694742,0.803581,0.720727,0.467501,0.593747,0.695504,0.737696,0.609523,0.690675,0.622681,0.739038,0.580896,0.693204,0.18988,0.488288,0.63453,0.647791,0.778977,0.812118,0.634944,0.80265,0.848,0.516249,0.694723,0.77607,0.659786,0.396321,0.347026,0.545015,0.573922,0.581093,0.380757,0.501382,0.438709,0.477894,0.775487,0.685946,0.546044,0.642845
0.752845,0.554848,0.814684,0.601025,0.65848,0.761352,0.846838,0.721344,0.599816,0.673761,0.654856,0.447189,0.635336,0.811332,0.731352,0.220484,0.6495,0.722092,0.655369,0.812452,0.778871,0.68358,0.870164,0.881725,0.777656,0.751209,1,0.809159,0.311855,0.595357,0.21734,0.484645,0.472076,0.593347,0.50517,0.411362,0.514752,0.68793,0.714873,0.659883,0.60259,0.672303,0.653727,0.472185,0.812626,0.802322,0.838166,0.810712,0.750974,0.581372,0.687084,0.714043,0.733712,0.554892,0.664734,0.643361,0.839646,0.644945,0.77228,0.37714,0.423649,0.771016,0.540427,0.795308,0.821174,0.846125,0.852543,0.879942,0.678726,0.8268,0.879013,0.437291,0.341255,0.451957,0.503283,0.607566,0.506253,0.423851,0.505037,0.459814,0.618577,0.777529,0.72048,0.54455,0.546049
0.624261,0.37355,0.685036,0.626031,0.600628,0.630715,0.688845,0.654393,0.455929,0.512048,0.5117,0.408873,0.537051,0.647201,0.597072,0.1638,0.508605,0.629897,0.626973,0.805952,0.728402,0.618158,0.693237,0.789658,0.620481,0.763683,0.809159,1,0.340939,0.570041,0.288473,0.499574,0.518641,0.562635,0.590342,0.382464,0.293446,0.609782,0.834461,0.677232,0.394059,0.553993,0.517183,0.312585,0.688256,0.67734,0.692999,0.680564,0.680512,0.483011,0.549339,0.638905,0.710416,0.524808,0.531408,0.677348,0.711464,0.520588,0.602033,0.216804,0.466638,0.609126,0.665514,0.765057,0.794396,0.691785,0.686552,0.800721,0.448616,0.661448,0.81585,0.526193,0.406483,0.54528,0.456833,0.521256,0.600924,0.513098,0.512672,0.521183,0.526676,0.745219,0.728527,0.38642,0.54297
0.348301,0.326385,0.502464,0.451818,0.527847,0.30674,0.237402,0.289171,0.522887,0.34883,0.450197,0.614542,0.6318,0.383044,0.51479,0.303537,0.594923,0.564283,0.404135,0.483451,0.57674,0.486631,0.341098,0.555873,0.278222,0.413486,0.311855,0.340939,1,0.440013,-0.073901,0.245277,0.451727,0.437029,0.492785,0.195605,0.224364,0.0901238,0.407262,0.339801,0.0786939,0.332115,0.290899,0.10234,0.482724,0.372431,0.399945,0.36652,0.307879,0.0809373,0.340812,0.499431,0.266739,0.503714,0.615783,0.0353135,0.367935,0.364885,0.592031,0.203108,0.102382,0.354153,0.464422,0.567455,0.453383,0.353396,0.390852,0.467392,0.521126,0.238117,0.376294,0.365177,0.302025,0.377821,0.386359,0.543515,0.600386,0.0963156,0.254345,0.119374,0.577904,0.387907,0.105959,0.166589,0.564297
0.634898,0.461889,0.650994,0.515096,0.591041,0.538297,0.574467,0.479529,0.571858,0.507033,0.638026,0.635331,0.71938,0.621709,0.604239,0.417011,0.667278,0.589457,0.634298,0.77261,0.681133,0.644534,0.559541,0.647065,0.636117,0.623868,0.595357,0.570041,0.440013,1,0.0692606,0.537623,0.593449,0.639071,0.501461,0.46938,0.308132,0.400318,0.684411,0.644299,0.335151,0.588889,0.502486,0.344458,0.657754,0.445807,0.499718,0.545839,0.64656,0.324359,0.53506,0.595455,0.51025,0.629532,0.73077,0.412509,0.650085,0.633022,0.655565,-0.137277,0.255292,0.548923,0.53499,0.757036,0.712909,0.527918,0.587944,0.64648,0.422559,0.580573,0.629109,0.564587,0.356937,0.329688,0.42468,0.572514,0.645445,0.221294,0.551746,0.482455,0.544796,0.809611,0.670205,0.403563,0.609827
0.175318,0.295323,0.170048,0.187552,0.195676,0.155278,0.0580695,0.00375637,0.163472,0.125249,0.137571,0.0203989,0.105492,0.0882126,0.060331,0.155644,0.0759978,0.165694,0.333694,0.30237,0.274576,0.0767887,0.195018,0.207952,0.193496,0.231641,0.21734,0.288473,-0.073901,0.0692606,1,0.052307,0.330633,0.206978,0.222657,0.187038,0.171736,0.323614,0.258667,0.298466,-0.0212833,0.0512605,0.122569,0.222465,0.153423,0.198327,0.153554,0.305281,0.209994,0.251427,0.0613883,0.187313,0.238646,0.0529479,0.226327,0.306154,0.139824,0.220365,0.149626,0.142806,0.16237,0.188685,0.180858,0.286411,0.348126,0.0664865,0.108994,0.269389,-0.0924085,0.147451,0.234925,0.17892,-0.0203915,0.152887,0.18699,0.0103956,0.069684,0.142486,0.0609007,0.0184798,-0.0333054,0.241255,0.0931788,0.21123,0.170129
0.657088,0.537322,0.575717,0.533882,0.481363,0.490862,0.455025,0.293333,0.530439,0.243206,0.391855,0.274995,0.428907,0.602451,0.521324,0.445009,0.390848,0.587826,0.448316,0.572065,0.533984,0.207276,0.534463,0.544281,0.343787,0.577106,0.484645,0.499574,0.245277,0.537623,0.052307,1,0.62758,0.50674,0.374675,0.180389,0.0660218,0.384157,0.643741,0.607636,0.429767,0.538824,0.647758,0.46584,0.588929,0.487427,0.556001,0.585005,0.491869,0.225333,0.385184,0.482508,0.411601,0.357807,0.369633,0.559233,0.584863,0.627608,0.433139,-0.159566,0.282201,0.470405,0.570345,0.60354,0.536976,0.3959,0.436486,0.545537,0.340028,0.473742,0.495529,0.491071,0.34183,0.178802,0.493641,0.588432,0.471996,0.245755,0.326772,0.251931,0.423327,0.627266,0.60925,0.311008,0.568153
0.617588,0.484922,0.616879,0.687359,0.622838,0.423248,0.319747,0.230116,0.598314,0.252313,0.512215,0.448234,0.501778,0.409184,0.466469,0.399919,0.495412,0.615076,0.659602,0.62948,0.696146,0.418641,0.449167,0.557961,0.403251,0.619749,0.472076,0.518641,0.451727,0.593449,0.330633,0.62758,1,0.686827,0.574372,0.453002,0.231729,0.317129,0.704872,0.672814,0.162127,0.505328,0.541586,0.256841,0.628027,0.525758,0.4865,0.556408,0.40644,0.201009,0.403384,0.491917,0.427579,0.401704,0.545373,0.370984,0.469692,0.570356,0.539636,0.135958,0.237559,0.38515,0.57527,0.678559,0.605871,0.388759,0.486565,0.569461,0.255034,0.461661,0.545204,0.569222,0.342411,0.286747,0.609437,0.683678,0.743136,0.311923,0.501362,0.151411,0.531094,0.722286,0.437362,0.410147,0.659802
0.675215,0.357709,0.714911,0.727675,0.721738,0.534302,0.38461,0.40233,0.626154,0.479757,0.602826,0.498198,0.632827,0.494901,0.482702,0.127246,0.632505,0.637207,0.592604,0.691816,0.738756,0.508973,0.531669,0.687658,0.488524,0.621632,0.593347,0.562635,0.437029,0.639071,0.206978,0.50674,0.686827,1,0.517264,0.55598,0.436915,0.480468,0.683827,0.645446,0.408951,0.776267,0.484012,0.169628,0.692928,0.571075,0.68181,0.487806,0.555349,0.2196,0.402202,0.626781,0.508426,0.499777,0.549627,0.419685,0.495871,0.50229,0.619706,0.0326794,0.205293,0.487268,0.594692,0.729245,0.710694,0.513358,0.684585,0.716888,0.377235,0.714695,0.668285,0.594775,0.51221,0.453767,0.616925,0.642324,0.685887,0.255141,0.589681,0.347141,0.495919,0.722958,0.549209,0.551491,0.701841
0.468846,0.295006,0.59345,0.680452,0.633682,0.48255,0.27434,0.348391,0.569106,0.51827,0.588809,0.579664,0.657825,0.424257,0.55709,0.0964026,0.564324,0.583846,0.531146,0.666148,0.66357,0.547319,0.514585,0.654632,0.414308,0.62742,0.50517,0.590342,0.492785,0.501461,0.222657,0.374675,0.574372,0.517264,1,0.437743,0.284442,0.277158,0.615434,0.487895,0.175039,0.415862,0.391676,0.163482,0.584343,0.536789,0.611353,0.5354,0.515939,0.277378,0.310231,0.554777,0.536912,0.598623,0.635362,0.313209,0.480604,0.398322,0.554484,0.133623,0.279065,0.448357,0.486261,0.722754,0.717888,0.478034,0.586495,0.628042,0.394791,0.466988,0.626432,0.542936,0.334376,0.595634,0.34576,0.420575,0.661404,0.402562,0.486998,0.197446,0.457173,0.627303,0.385708,0.354123,0.648846
0.524204,0.327625,0.452009,0.580435,0.639516,0.498065,0.364931,0.245878,0.378393,0.410729,0.465746,0.361925,0.438641,0.305835,0.394665,0.136002,0.447121,0.449639,0.460628,0.555303,0.571122,0.432937,0.358936,0.401342,0.489791,0.506049,0.411362,0.382464,0.195605,0.46938,0.187038,0.180389,0.453002,0.55598,0.437743,1,0.365842,0.283768,0.401924,0.401204,0.240075,0.499632,0.479697,0.277732,0.525868,0.44617,0.421964,0.45843,0.357652,0.0138254,0.174084,0.394641,0.436583,0.386035,0.455665,0.299538,0.340919,0.467118,0.452946,-0.114835,0.389372,0.336675,0.239336,0.44155,0.444712,0.250755,0.464449,0.442759,0.0813205,0.571111,0.408416,0.437819,0.120712,0.146441,0.198826,0.263717,0.458764,0.284683,0.423104,0.208514,0.137877,0.535436,0.389954,0.51307,0.406083
0.542563,0.509047,0.635964,0.426513,0.464328,0.420906,0.391656,0.291135,0.495717,0.508536,0.487425,0.487796,0.592458,0.477368,0.463979,0.156536,0.702488,0.591299,0.395998,0.52173,0.488036,0.453926,0.423648,0.537009,0.403162,0.38497,0.514752,0.293446,0.224364,0.308132,0.171736,0.0660218,0.231729,0.436915,0.284442,0.365842,1,0.385979,0.382078,0.284116,0.190106,0.498988,0.441767,0.452986,0.629587,0.615586,0.567351,0.495606,0.442891,0.308741,0.397291,0.39985,0.298803,0.476563,0.518608,0.418047,0.534899,0.436147,0.667296,0.30504,0.163641,0.385822,0.257928,0.447615,0.569424,0.330817,0.564936,0.577386,0.411594,0.65736,0.428949,0.0869153,0.117059,0.321994,0.213982,0.122793,0.242308,0.125919,0.258132,0.122006,0.261038,0.353897,0.100559,0.419352,0.279454
0.516416,0.424588,0.577493,0.508198,0.388016,0.546644,0.593845,0.404898,0.366536,0.540363,0.520972,0.302812,0.429711,0.494059,0.481821,0.204205,0.457224,0.430637,0.476161,0.57722,0.579643,0.312935,0.500941,0.582325,0.534069,0.545786,0.68793,0.609782,0.0901238,0.400318,0.323614,0.384157,0.317129,0.480468,0.277158,0.283768,0.385979,1,0.614805,0.6348,0.48737,0.553241,0.44528,0.357139,0.558626,0.554811,0.568181,0.52323,0.442467,0.353024,0.210074,0.502402,0.562351,0.319325,0.479559,0.615485,0.480371,0.52204,0.501404,0.352968,0.0943589,0.503645,0.43989,0.538806,0.587617,0.600191,0.561027,0.665952,0.324538,0.66515,0.529771,0.359407,0.432208,0.342029,0.467069,0.427109,0.263239,0.227675,0.305804,0.302956,0.476811,0.559592,0.505578,0.392314,0.353097
0.716633,0.508888,0.752398,0.705446,0.602922,0.642054,0.606641,0.493087,0.553609,0.405088,0.591766,0.555063,0.683501,0.659181,0.586553,0.348098,0.64964,0.702949,0.701853,0.819073,0.783315,0.577786,0.668023,0.78078,0.549066,0.738697,0.714873,0.834461,0.407262,0.684411,0.258667,0.643741,0.704872,0.683827,0.615434,0.401924,0.382078,0.614805,1,0.77367,0.344601,0.697549,0.59088,0.358316,0.743135,0.669538,0.669471,0.636057,0.66255,0.272654,0.484266,0.581744,0.586187,0.589112,0.648042,0.668304,0.67771,0.64929,0.645383,0.101764,0.237214,0.593086,0.801906,0.838224,0.815089,0.62503,0.670179,0.807029,0.457293,0.699941,0.728642,0.57577,0.462864,0.442356,0.596448,0.621833,0.670796,0.344225,0.518397,0.446994,0.597619,0.839986,0.669407,0.399815,0.66478
0.714694,0.557811,0.735222,0.689142,0.688548,0.588163,0.506168,0.263476,0.532385,0.436721,0.541293,0.447774,0.662194,0.658014,0.605847,0.484744,0.566372,0.628911,0.611298,0.774349,0.762307,0.461647,0.614742,0.70427,0.608555,0.776248,0.659883,0.677232,0.339801,0.644299,0.298466,0.607636,0.672814,0.645446,0.487895,0.401204,0.284116,0.6348,0.77367,1,0.295996,0.519273,0.663607,0.448192,0.729344,0.636364,0.547071,0.69617,0.531985,0.383844,0.47152,0.560736,0.590774,0.441575,0.64753,0.650806,0.557934,0.684002,0.602624,0.150109,0.380954,0.659517,0.717703,0.758798,0.72253,0.587884,0.627591,0.763111,0.367237,0.59058,0.669553,0.635697,0.520418,0.436676,0.584051,0.622151,0.599842,0.27949,0.438314,0.349416,0.594921,0.740711,0.666639,0.40372,0.656866
0.33218,0.191478,0.332807,0.19948,0.26361,0.54373,0.61037,0.4599,0.34646,0.427129,0.321056,0.16123,0.294502,0.467876,0.29216,-0.114808,0.284834,0.311728,0.26738,0.397099,0.383163,0.456209,0.624321,0.458082,0.488766,0.393449,0.60259,0.394059,0.0786939,0.335151,-0.0212833,0.429767,0.162127,0.408951,0.175039,0.240075,0.190106,0.48737,0.344601,0.295996,1,0.496182,0.309883,0.220451,0.354774,0.325615,0.533376,0.394702,0.527739,0.308105,0.273592,0.373595,0.37103,0.304593,0.314624,0.339611,0.427698,0.345861,0.335584,0.0617217,0.0899651,0.431651,0.291796,0.344992,0.419405,0.553401,0.501595,0.506283,0.438396,0.499142,0.501828,0.137064,0.419379,0.195051,0.143901,0.389157,0.240151,0.30975,0.313678,0.186225,0.344643,0.488733,0.567044,0.406164,0.19199
0.708157,0.421922,0.744914,0.664472,0.619364,0.618287,0.581941,0.470004,0.53423,0.55211,0.589883,0.554029,0.621346,0.563477,0.493626,0.148135,0.705072,0.635887,0.466808,0.651352,0.651753,0.577978,0.567369,0.73738,0.561546,0.595334,0.672303,0.553993,0.332115,0.588889,0.0512605,0.538824,0.505328,0.776267,0.415862,0.499632,0.498988,0.553241,0.697549,0.519273,0.496182,1,0.571482,0.235777,0.726346,0.672003,0.741391,0.487512,0.633107,0.138706,0.435264,0.612094,0.517561,0.607051,0.585988,0.447942,0.605532,0.573158,0.670249,-0.00321318,0.103337,0.425388,0.615656,0.674708,0.685249,0.560895,0.699428,0.742325,0.489094,0.794731,0.614103,0.487603,0.413194,0.367192,0.54241,0.502819,0.576887,0.290107,0.606791,0.439081,0.528481,0.772233,0.63779,0.542502,0.666868
0.886449,0.740297,0.759232,0.720009,0.652519,0.683294,0.545442,0.295056,0.582509,0.450497,0.627691,0.310921,0.512252,0.731667,0.739477,0.537241,0.525077,0.690916,0.487593,0.650394,0.636909,0.310189,0.543225,0.645645,0.462979,0.628621,0.653727,0.517183,0.290899,0.502486,0.122569,0.647758,0.541586,0.484012,0.391676,0.479697,0.441767,0.44528,0.59088,0.663607,0.309883,0.571482,1,0.669608,0.808671,0.752595,0.681287,0.806097,0.504395,0.242017,0.529501,0.45902,0.447297,0.299428,0.483843,0.680565,0.652597,0.754191,0.607445,0.0174908,0.514122,0.644201,0.432934,0.655241,0.573167,0.443278,0.544301,0.65999,0.513366,0.658532,0.623071,0.4654,0.177753,0.235594,0.31096,0.395836,0.439361,0.331527,0.292244,0.204607,0.526982,0.572821,0.515341,0.36876,0.596445
0.666933,0.873617,0.492497,0.280674,0.370393,0.376534,0.431845,0.269738,0.43314,0.19638,0.265872,0.0856937,0.390272,0.729202,0.549164,0.701218,0.426661,0.634037,0.471895,0.579966,0.453554,0.139487,0.45963,0.392598,0.398918,0.445362,0.472185,0.312585,0.10234,0.344458,0.222465,0.46584,0.256841,0.169628,0.163482,0.277732,0.452986,0.357139,0.358316,0.448192,0.220451,0.235777,0.669608,1,0.532403,0.586973,0.411408,0.671767,0.451709,0.354087,0.40203,0.222282,0.266967,0.183774,0.378526,0.763788,0.616156,0.777079,0.486766,0.161797,0.440111,0.588312,0.304061,0.413676,0.441645,0.260484,0.305747,0.441049,0.300918,0.46217,0.349553,0.132406,0.0197716,-0.0390719,0.186239,0.208849,0.0330397,0.0199828,-0.140547,0.0430143,0.201797,0.334295,0.319393,0.199655,0.166355
0.903149,0.684795,0.975555,0.843839,0.809192,0.718401,0.647329,0.487376,0.674228,0.660232,0.724815,0.604302,0.755089,0.741143,0.783831,0.369683,0.847566,0.871977,0.606043,0.852671,0.828258,0.623284,0.703246,0.891907,0.700461,0.810457,0.812626,0.688256,0.482724,0.657754,0.153423,0.588929,0.628027,0.692928,0.584343,0.525868,0.629587,0.558626,0.743135,0.729344,0.354774,0.726346,0.808671,0.532403,1,0.865889,0.819167,0.820831,0.62046,0.338096,0.644721,0.647646,0.578722,0.659698,0.697788,0.608762,0.793198,0.690556,0.813417,0.17314,0.481593,0.72121,0.631568,0.836398,0.82785,0.622544,0.783235,0.861201,0.668995,0.815184,0.813703,0.497481,0.289731,0.399577,0.526221,0.550391,0.657418,0.290097,0.538593,0.368613,0.666437,0.752084,0.559546,0.507512,0.708183
0.788879,0.643386,0.824683,0.739216,0.747354,0.65346,0.594426,0.522419,0.505512,0.580446,0.642693,0.442568,0.643439,0.730884,0.727965,0.358663,0.725998,0.743719,0.599039,0.767826,0.758882,0.465495,0.640599,0.796325,0.660254,0.741953,0.802322,0.67734,0.372431,0.445807,0.198327,0.487427,0.525758,0.571075,0.536789,0.44617,0.615586,0.554811,0.669538,0.636364,0.325615,0.672003,0.752595,0.586973,0.865889,1,0.810719,0.778364,0.657886,0.456955,0.611651,0.644265,0.647937,0.548961,0.626817,0.684238,0.768906,0.697605,0.727993,0.354011,0.490311,0.646499,0.599638,0.760257,0.74794,0.637105,0.755566,0.801607,0.658006,0.843838,0.718549,0.497527,0.359694,0.365408,0.533095,0.509159,0.505865,0.314521,0.408398,0.403876,0.528286,0.695007,0.562337,0.548466,0.655916
0.743131,0.548536,0.813822,0.691016,0.710966,0.751576,0.644716,0.617086,0.663693,0.710888,0.731903,0.464624,0.653763,0.726608,0.743659,0.167976,0.685201,0.759479,0.600568,0.738417,0.784494,0.588581,0.748102,0.851287,0.598492,0.694742,0.838166,0.692999,0.399945,0.499718,0.153554,0.556001,0.4865,0.68181,0.611353,0.421964,0.567351,0.568181,0.669471,0.547071,0.533376,0.741391,0.681287,0.411408,0.819167,0.810719,1,0.770677,0.689597,0.47233,0.59088,0.745884,0.665824,0.578857,0.596606,0.62421,0.761274,0.603374,0.744189,0.289247,0.377573,0.618414,0.576397,0.791396,0.811575,0.730658,0.807014,0.832325,0.646304,0.788779,0.841857,0.443506,0.43387,0.468178,0.514769,0.540321,0.549328,0.431669,0.542563,0.357933,0.595814,0.712398,0.558568,0.578259,0.666987
0.794951,0.721839,0.781377,0.654797,0.692735,0.709355,0.675232,0.522712,0.656849,0.56966,0.62405,0.39998,0.613833,0.815,0.807254,0.433828,0.598857,0.787481,0.608644,0.805984,0.77649,0.497096,0.779993,0.813143,0.645552,0.803581,0.810712,0.680564,0.36652,0.545839,0.305281,0.585005,0.556408,0.487806,0.5354,0.45843,0.495606,0.52323,0.636057,0.69617,0.394702,0.487512,0.806097,0.671767,0.820831,0.778364,0.770677,1,0.657497,0.520742,0.643508,0.659247,0.61309,0.434059,0.610862,0.703086,0.822867,0.698525,0.723741,0.307203,0.584231,0.747786,0.491953,0.755816,0.755346,0.621077,0.742119,0.820534,0.541479,0.689264,0.757929,0.446706,0.213035,0.338686,0.462153,0.530891,0.466762,0.41745,0.40606,0.337278,0.496012,0.6525,0.554376,0.47422,0.607979
0.60542,0.490296,0.604284,0.447486,0.617946,0.666025,0.660111,0.664246,0.537753,0.494517,0.52946,0.524558,0.688853,0.765494,0.620309,0.261058,0.607902,0.602323,0.58633,0.772101,0.68886,0.605411,0.772704,0.758793,0.697851,0.720727,0.750974,0.680512,0.307879,0.64656,0.209994,0.491869,0.40644,0.555349,0.515939,0.357652,0.442891,0.442467,0.66255,0.531985,0.527739,0.633107,0.504395,0.451709,0.62046,0.657886,0.689597,0.657497,1,0.61716,0.64906,0.717844,0.709993,0.617615,0.642032,0.618892,0.811121,0.607936,0.688892,0.0651642,0.232227,0.598289,0.510551,0.744848,0.787048,0.727089,0.744468,0.788627,0.500921,0.69577,0.726204,0.579991,0.38701,0.389387,0.429368,0.506354,0.392391,0.295092,0.419408,0.538272,0.308318,0.754099,0.689511,0.43431,0.564802
0.306312,0.323429,0.339502,0.132434,0.337132,0.389639,0.47069,0.571688,0.318298,0.416957,0.396066,0.17384,0.369257,0.593507,0.479629,0.169638,0.304213,0.316978,0.368,0.516779,0.409125,0.414323,0.554014,0.47345,0.567549,0.467501,0.581372,0.483011,0.0809373,0.324359,0.251427,0.225333,0.201009,0.2196,0.277378,0.0138254,0.308741,0.353024,0.272654,0.383844,0.308105,0.138706,0.242017,0.354087,0.338096,0.456955,0.47233,0.520742,0.61716,1,0.549809,0.577388,0.622185,0.267633,0.397472,0.50598,0.554038,0.324201,0.44756,0.364495,0.234972,0.440089,0.215936,0.468453,0.51278,0.563578,0.526541,0.506407,0.355106,0.407434,0.548432,0.320819,0.388874,0.333791,0.313113,0.318613,0.150196,0.218479,0.193323,0.331947,0.219536,0.412836,0.476901,0.298796,0.249809
0.63881,0.507256,0.648032,0.363873,0.558812,0.524175,0.618767,0.518374,0.37964,0.367355,0.427667,0.338927,0.55866,0.712415,0.585865,0.343152,0.551158,0.584999,0.514736,0.629278,0.555823,0.527471,0.70336,0.680584,0.609197,0.593747,0.687084,0.549339,0.340812,0.53506,0.0613883,0.385184,0.403384,0.402202,0.310231,0.174084,0.397291,0.210074,0.484266,0.47152,0.273592,0.435264,0.529501,0.40203,0.644721,0.611651,0.59088,0.643508,0.64906,0.549809,1,0.491872,0.47293,0.435507,0.520024,0.456468,0.760813,0.49121,0.627973,0.175599,0.37871,0.728456,0.388116,0.655195,0.609982,0.571901,0.685241,0.685772,0.557966,0.552255,0.716336,0.350785,0.111621,0.173057,0.343447,0.378899,0.451296,0.190494,0.390633,0.442922,0.342336,0.53536,0.492496,0.278585,0.475435
0.522625,0.383127,0.656863,0.590243,0.686769,0.622444,0.605743,0.630595,0.626326,0.680986,0.710404,0.601925,0.719084,0.606847,0.704068,0.171107,0.640813,0.597623,0.529947,0.706104,0.746268,0.584538,0.666991,0.784746,0.613696,0.695504,0.714043,0.638905,0.499431,0.595455,0.187313,0.482508,0.491917,0.626781,0.554777,0.394641,0.39985,0.502402,0.581744,0.560736,0.373595,0.612094,0.45902,0.222282,0.647646,0.644265,0.745884,0.659247,0.717844,0.577388,0.491872,1,0.836071,0.623745,0.713791,0.403461,0.685604,0.491766,0.748769,0.235904,0.243505,0.444294,0.466884,0.775833,0.744358,0.735131,0.770091,0.747673,0.520949,0.646066,0.677878,0.659951,0.458163,0.566065,0.631668,0.675671,0.485863,0.335509,0.535605,0.524034,0.448881,0.725816,0.573013,0.580392,0.736158
0.46608,0.283574,0.567486,0.552461,0.64739,0.720854,0.691604,0.611915,0.418138,0.691863,0.630688,0.469298,0.600215,0.560303,0.605975,0.14197,0.525579,0.497699,0.537087,0.689175,0.726243,0.511179,0.658769,0.690053,0.672503,0.737696,0.733712,0.710416,0.266739,0.51025,0.238646,0.411601,0.427579,0.508426,0.536912,0.436583,0.298803,0.562351,0.586187,0.590774,0.37103,0.517561,0.447297,0.266967,0.578722,0.647937,0.665824,0.61309,0.709993,0.622185,0.47293,0.836071,1,0.545354,0.657039,0.516278,0.605584,0.526547,0.673149,0.225187,0.342598,0.464661,0.409431,0.700967,0.713301,0.774688,0.712965,0.710062,0.44401,0.659122,0.707652,0.67403,0.434875,0.430571,0.487654,0.572798,0.407544,0.458934,0.414014,0.497328,0.369179,0.727068,0.63918,0.639381,0.564858
