1,0.796247,0.928409,0.652107,0.673132,0.677296,0.446182,0.570225,0.46797,0.641813,0.641668,0.501357,0.793129,0.867872,0.623465,0.614601,0.774493,0.599258,0.598136,0.735829,0.787962,0.395617,0.593071,0.790222,0.500962,0.838774,0.797,0.593006,0.587394,0.243833,0.267681,0.512383,0.661809,0.636847,0.34782,0.48717,0.376951,0.461114,0.750527,0.717768,0.529317,0.615241,0.826157,0.74175,0.89595,0.653542,0.688356,0.642894,0.433791,0.757702,0.56605,0.533183,0.617403,0.534455,0.731741,0.80783,0.697292,0.728146,0.771903,0.47322,0.317836,0.531048,0.677014,0.666353,0.834343,0.505516,0.671215,0.8014,0.0697893,0.470994,0.72305,0.46362,0.0989059,0.109269,0.0234468,0.696934,0.70699,0.675954,0.0787698,0.259119,0.599665,0.788921,0.710796,0.308928,0.353676
0.796247,1,0.75724,0.558951,0.675037,0.745173,0.411412,0.404847,0.503648,0.30089,0.412985,0.363039,0.696578,0.833141,0.748356,0.786669,0.61451,0.44983,0.340504,0.533322,0.57321,0.330734,0.466268,0.576279,0.284975,0.658605,0.757944,0.579591,0.526892,0.153399,0.152939,0.405135,0.59286,0.461563,0.226836,0.232014,0.0957422,0.374049,0.639574,0.667727,0.434728,0.46972,0.755309,0.808314,0.746658,0.469974,0.540573,0.475527,0.59043,0.594179,0.393565,0.386346,0.451213,0.25923,0.505977,0.754259,0.588795,0.808709,0.633038,0.411714,0.262158,0.574912,0.554905,0.506393,0.660968,0.382668,0.595565,0.577441,-0.034551,0.38153,0.620448,0.485792,0.0968741,0.105227,0.0869536,0.620725,0.456058,0.499386,0.0626188,0.0900202,0.631957,0.625833,0.609413,0.265834,0.199905
0.928409,0.75724,1,0.761857,0.780172,0.682214,0.458053,0.660885,0.471082,0.635963,0.710596,0.561559,0.867544,0.843294,0.616364,0.629314,0.792267,0.656767,0.660025,0.834371,0.852239,0.413979,0.530854,0.845428,0.552931,0.854218,0.879614,0.661897,0.579935,0.197224,0.349752,0.522773,0.730155,0.695214,0.494316,0.513153,0.265934,0.464906,0.763323,0.762606,0.531822,0.654171,0.885415,0.732846,0.930095,0.715989,0.697323,0.719548,0.546056,0.729055,0.555192,0.562373,0.653108,0.5455,0.740195,0.795164,0.661763,0.718393,0.757465,0.432869,0.396935,0.603661,0.647024,0.772088,0.827815,0.523573,0.649101,0.846189,0.151576,0.507027,0.745177,0.507905,0.0335338,0.127189,0.0645291,0.716755,0.71212,0.680135,0.041044,0.227602,0.541215,0.828543,0.771548,0.345838,0.475219
0.652107,0.558951,0.761857,1,0.702835,0.517822,0.285016,0.389082,0.135596,0.563174,0.650908,0.479505,0.730891,0.623289,0.494592,0.498563,0.61069,0.402323,0.464204,0.624476,0.648082,0.456505,0.194632,0.622754,0.503005,0.662106,0.619102,0.432669,0.436869,0.119592,0.442899,0.226676,0.466796,0.428352,0.354523,0.416301,0.131596,0.283635,0.517713,0.520129,0.180953,0.497978,0.732483,0.530833,0.758666,0.723048,0.597489,0.482948,0.388987,0.432424,0.397825,0.439567,0.574511,0.653345,0.658375,0.567558,0.481519,0.562269,0.617303,0.204603,0.473573,0.356248,0.431734,0.559265,0.600945,0.331979,0.443711,0.63587,0.19911,0.514072,0.485326,0.377917,0.0278484,0.139172,-0.244671,0.385572,0.405326,0.451716,0.184124,0.111276,0.311427,0.57655,0.597479,0.154333,0.507429
0.673132,0.675037,0.780172,0.702835,1,0.552724,0.346904,0.498763,0.368773,0.439033,0.587762,0.465294,0.704753,0.707996,0.534385,0.557717,0.648343,0.365891,0.43459,0.618389,0.603312,0.247632,0.391648,0.612047,0.470766,0.710485,0.656992,0.601132,0.343719,0.175067,0.155336,0.298819,0.502039,0.434171,0.174348,0.259058,0.0989178,0.357356,0.587836,0.559468,0.333285,0.527044,0.710408,0.635323,0.669481,0.536943,0.452989,0.531488,0.525948,0.536649,0.453743,0.377047,0.501849,0.459693,0.50639,0.589626,0.383764,0.690422,0.503245,0.383547,0.381081,0.590988,0.477439,0.569333,0.581665,0.404578,0.482391,0.587615,0.137494,0.584348,0.484763,0.461878,0.0709883,0.0308355,0.0242327,0.519048,0.453292,0.449895,0.212749,0.122422,0.445704,0.581801,0.57204,0.38994,0.315952
0.677296,0.745173,0.682214,0.517822,0.552724,1,0.395512,0.487803,0.389528,0.285933,0.387114,0.22606,0.551341,0.7111,0.662225,0.634197,0.514666,0.448029,0.325649,0.594676,0.572677,0.279714,0.449514,0.554283,0.405618,0.731735,0.692303,0.549605,0.386039,0.251814,0.248525,0.392927,0.570449,0.50344,0.304106,0.35376,0.141497,0.449066,0.613684,0.630726,0.357393,0.302786,0.726925,0.609304,0.65505,0.416504,0.502428,0.481957,0.605511,0.471578,0.454284,0.330173,0.329908,0.317655,0.465346,0.647584,0.674584,0.592345,0.529086,0.297744,0.151299,0.449555,0.638786,0.510991,0.675824,0.331365,0.591629,0.618211,-0.107613,0.298889,0.610992,0.544702,0.121718,0.183466,0.0289365,0.494265,0.445046,0.536601,-0.0350708,0.0576474,0.625396,0.604969,0.753388,0.1925,0.354619
0.446182,0.411412,0.458053,0.285016,0.346904,0.395512,1,0.267322,0.0390275,0.0932314,0.349116,0.126846,0.417917,0.286217,0.313107,0.395487,0.516247,0.260909,0.268717,0.343008,0.310128,0.167307,0.255158,0.286745,0.320127,0.402007,0.570845,0.316182,0.177994,0.0579726,0.0248911,0.227026,0.327511,0.211989,0.16592,0.266342,0.290659,0.318476,0.483004,0.601206,0.153991,0.202463,0.361103,0.36631,0.456549,0.465471,0.337756,0.164321,0.444822,0.327783,0.0574858,0.0588076,0.429159,0.0813406,0.314122,0.416189,0.344914,0.401598,0.270352,0.383729,0.250047,0.25921,0.248355,0.228308,0.426358,-0.100223,0.412105,0.3719,-0.115431,0.179007,0.195424,0.101923,0.0995514,0.140294,0.106084,0.252171,0.252813,0.300609,0.00494303,0.176401,0.241192,0.344389,0.272433,-0.00459482,0.509275
0.570225,0.404847,0.660885,0.389082,0.498763,0.487803,0.267322,1,0.608454,0.484514,0.409427,0.498855,0.555353,0.655293,0.503377,0.176371,0.44292,0.601965,0.590249,0.736724,0.73279,0.170572,0.628336,0.760261,0.355923,0.560014,0.683054,0.523599,0.425841,0.166169,0.420237,0.478434,0.626344,0.593454,0.442845,0.303958,0.00358864,0.341706,0.63148,0.551351,0.546547,0.627294,0.647041,0.596354,0.598403,0.465631,0.624215,0.734308,0.516972,0.598117,0.575484,0.470102,0.431131,0.442058,0.529923,0.621306,0.456524,0.31918,0.464813,0.202304,0.164507,0.589469,0.604113,0.630379,0.69702,0.478398,0.608849,0.826733,0.301716,0.448406,0.736997,0.476053,0.178269,0.249503,0.232732,0.657442,0.811637,0.678772,-0.044824,0.0932618,0.44247,0.719135,0.634767,0.253846,0.231563
0.46797,0.503648,0.471082,0.135596,0.368773,0.389528,0.0390275,0.608454,1,0.219846,0.0822639,0.277316,0.45664,0.628568,0.450568,0.259774,0.248022,0.647845,0.469587,0.508203,0.555532,0.10424,0.531184,0.596014,0.0309375,0.474063,0.533601,0.455506,0.427836,0.0281926,0.279618,0.57914,0.559608,0.562108,0.433213,0.0898562,-0.0994695,0.395773,0.50156,0.376087,0.531226,0.426249,0.47315,0.571414,0.419946,0.173545,0.407307,0.570239,0.475143,0.638824,0.559306,0.403557,0.234427,0.148715,0.285984,0.555431,0.330809,0.412246,0.353499,0.0522677,-0.0918313,0.644854,0.533792,0.430164,0.504009,0.428889,0.424934,0.571373,0.0718238,0.163102,0.647655,0.485271,0.0796614,0.229878,0.233881,0.656013,0.652671,0.462159,-0.0816752,0.155503,0.376432,0.601866,0.4601,0.1726,-0.0262995
0.641813,0.30089,0.635963,0.563174,0.439033,0.285933,0.0932314,0.484514,0.219846,1,0.581878,0.496565,0.532521,0.577861,0.135075,0.24322,0.523571,0.439763,0.418494,0.487955,0.604718,0.108942,0.402876,0.641722,0.287613,0.577434,0.462465,0.34662,0.547057,0.16025,0.306356,0.279386,0.431902,0.39439,0.396979,0.326903,0.333507,0.159011,0.442688,0.454605,0.39097,0.453524,0.592285,0.426368,0.647448,0.530468,0.4926,0.453804,0.290797,0.497737,0.371584,0.652049,0.387189,0.641715,0.63025,0.57304,0.362775,0.374936,0.638611,0.310477,0.357723,0.31367,0.539937,0.42528,0.553487,0.341755,0.456106,0.646337,0.19957,0.535258,0.523808,0.252382,0.171431,0.045145,-0.121779,0.325581,0.578355,0.478551,0.0720705,-0.00676495,0.268584,0.557127,0.595724,0.176817,0.0933673
0.641668,0.412985,0.710596,0.650908,0.587762,0.387114,0.349116,0.409427,0.0822639,0.581878,1,0.421055,0.578875,0.524579,0.245993,0.435888,0.569245,0.314266,0.46196,0.642424,0.607791,0.223591,0.353338,0.597662,0.616393,0.518406,0.541824,0.277443,0.319062,0.230513,0.298247,0.27779,0.371157,0.457308,0.200269,0.273592,0.294331,0.269836,0.438468,0.558981,0.146948,0.467839,0.622972,0.504413,0.62235,0.443806,0.481824,0.521451,0.278931,0.482453,0.372345,0.491074,0.69974,0.504577,0.530571,0.498523,0.468138,0.508526,0.511625,0.424281,0.462182,0.347819,0.327463,0.627341,0.537982,0.28162,0.329746,0.612294,0.252815,0.465834,0.384387,0.25484,-0.182627,0.0476799,0.0341122,0.403958,0.342183,0.495937,0.159228,0.150089,0.394929,0.550693,0.53378,0.273697,0.461658
0.501357,0.363039,0.561559,0.479505,0.465294,0.22606,0.126846,0.498855,0.277316,0.496565,0.421055,1,0.64287,0.540548,0.298211,0.316467,0.58514,0.528029,0.407863,0.520211,0.514226,0.226397,0.399046,0.563084,0.124429,0.403515,0.489594,0.313175,0.569969,0.0724777,0.291608,0.3442,0.457138,0.480405,0.252922,0.281545,0.07526,0.270131,0.581913,0.494431,0.436395,0.460368,0.522017,0.455339,0.61064,0.520939,0.464121,0.589574,0.150225,0.360677,0.406393,0.350055,0.511204,0.634395,0.730295,0.546857,0.160856,0.395927,0.698206,0.138574,0.389111,0.476383,0.429805,0.47269,0.531507,0.347736,0.59288,0.569921,0.304876,0.583715,0.510015,0.308579,0.162288,-0.00257358,0.0737144,0.362409,0.533641,0.427117,0.261506,-0.0234324,0.192257,0.554469,0.510493,0.0970899,0.0309171
0.793129,0.696578,0.867544,0.730891,0.704753,0.551341,0.417917,0.555353,0.45664,0.532521,0.578875,0.64287,1,0.737081,0.567092,0.585403,0.788685,0.645826,0.665995,0.727,0.83141,0.405489,0.399522,0.772964,0.470204,0.730702,0.786491,0.551632,0.59604,0.170317,0.455512,0.407142,0.647743,0.639455,0.493525,0.460693,0.218218,0.446736,0.697754,0.730361,0.475337,0.554639,0.803845,0.684685,0.852035,0.694466,0.600801,0.55901,0.484206,0.688425,0.406639,0.455262,0.577853,0.509788,0.720256,0.740987,0.431056,0.730496,0.731141,0.38178,0.279633,0.578657,0.654468,0.732611,0.773406,0.458891,0.592624,0.782259,0.231106,0.501957,0.743329,0.517436,0.066545,0.241337,0.0789349,0.628292,0.597787,0.611706,0.146207,0.284754,0.42095,0.782696,0.698197,0.26363,0.446082
0.867872,0.833141,0.843294,0.623289,0.707996,0.7111,0.286217,0.655293,0.628568,0.577861,0.524579,0.540548,0.737081,1,0.683901,0.635254,0.641375,0.628368,0.531248,0.744276,0.772685,0.276264,0.586048,0.791291,0.36449,0.797462,0.822324,0.599737,0.623111,0.173551,0.3874,0.493919,0.698731,0.627326,0.396124,0.385781,0.206482,0.435845,0.756027,0.708705,0.568531,0.596315,0.833648,0.847113,0.829297,0.561332,0.730149,0.751157,0.577901,0.713516,0.598434,0.556275,0.547267,0.499843,0.633278,0.878445,0.63292,0.712343,0.717501,0.373294,0.300485,0.607028,0.662836,0.641744,0.807536,0.553114,0.660634,0.799454,0.152041,0.453868,0.774709,0.565743,0.120041,0.131954,0.0172185,0.711182,0.711901,0.639992,0.00633075,0.112904,0.642801,0.790572,0.766075,0.219222,0.153043
0.623465,0.748356,0.616364,0.494592,0.534385,0.662225,0.313107,0.503377,0.450568,0.135075,0.245993,0.298211,0.567092,0.683901,1,0.508595,0.45671,0.502789,0.321693,0.511467,0.523052,0.436707,0.383528,0.522309,0.344429,0.555019,0.643071,0.523958,0.315068,0.275231,0.183444,0.404951,0.523158,0.501348,0.14657,0.160821,-0.0588871,0.428665,0.510695,0.459947,0.361792,0.386845,0.574209,0.69521,0.591117,0.404311,0.609511,0.463309,0.427061,0.462072,0.383658,0.242391,0.330841,0.267686,0.427279,0.578961,0.545959,0.565622,0.419549,0.152065,0.311439,0.488606,0.477211,0.463851,0.64438,0.403487,0.57662,0.515316,0.0770449,0.324106,0.559316,0.562312,-0.0709029,-0.0123341,0.086102,0.569253,0.493468,0.545232,0.186034,0.164907,0.596412,0.560607,0.570224,0.170127,0.304184
0.614601,0.786669,0.629314,0.498563,0.557717,0.634197,0.395487,0.176371,0.259774,0.24322,0.435888,0.316467,0.585403,0.635254,0.508595,1,0.535434,0.199531,0.201027,0.453263,0.407495,0.200147,0.155159,0.308454,0.279076,0.552642,0.619118,0.446416,0.230692,0.280889,0.190926,0.157036,0.515209,0.37611,0.178107,0.115129,0.202874,0.241254,0.513112,0.580463,0.363634,0.170116,0.581128,0.648043,0.604339,0.418512,0.489958,0.350211,0.573964,0.496829,0.226308,0.299353,0.4237,0.152715,0.417358,0.606661,0.482282,0.870578,0.610895,0.280546,0.228063,0.414572,0.305827,0.371635,0.439144,0.309496,0.42241,0.340824,-0.200743,0.286597,0.353233,0.328694,-0.0310159,0.0562096,-0.147083,0.416445,0.175535,0.259281,-0.0738787,5.1487e-05,0.395427,0.460382,0.571825,0.103341,0.116921
0.774493,0.61451,0.792267,0.61069,0.648343,0.514666,0.516247,0.44292,0.248022,0.523571,0.569245,0.58514,0.788685,0.641375,0.45671,0.535434,1,0.516001,0.435624,0.698729,0.704138,0.286477,0.381756,0.60347,0.52507,0.69767,0.663032,0.479183,0.479517,0.336955,0.34351,0.359844,0.64983,0.653747,0.195644,0.50175,0.303102,0.335705,0.720419,0.625804,0.421904,0.424941,0.695056,0.601312,0.757762,0.650469,0.510696,0.484346,0.331639,0.593564,0.276702,0.213034,0.456185,0.559841,0.761117,0.658546,0.4068,0.667438,0.782164,0.436706,0.24994,0.468958,0.625892,0.608114,0.728574,0.500216,0.648253,0.64658,-0.00810744,0.507528,0.54077,0.386389,0.256331,0.282622,0.00566582,0.528878,0.594058,0.57807,0.329594,0.187488,0.426612,0.607288,0.563067,0.273898,0.442007
0.599258,0.44983,0.656767,0.402323,0.365891,0.448029,0.260909,0.601965,0.647845,0.439763,0.314266,0.528029,0.645826,0.628368,0.502789,0.199531,0.516001,1,0.533944,0.601138,0.71966,0.316284,0.540461,0.756444,0.121045,0.607453,0.635773,0.437027,0.624002,-0.0690822,0.411505,0.735395,0.623631,0.650419,0.590026,0.44158,-0.0530396,0.51171,0.556539,0.503009,0.482974,0.492589,0.630294,0.487273,0.625847,0.41791,0.449556,0.657819,0.416581,0.563857,0.519172,0.506451,0.352484,0.395477,0.541525,0.635438,0.414791,0.322503,0.520491,0.127116,0.260112,0.533893,0.54686,0.554411,0.694325,0.375705,0.568941,0.728902,0.146172,0.143381,0.761669,0.554375,0.0485662,0.0977024,0.372234,0.552375,0.739027,0.631614,0.00199643,0.184606,0.419834,0.717623,0.571299,0.236983,0.304262
0.598136,0.340504,0.660025,0.464204,0.43459,0.325649,0.268717,0.590249,0.469587,0.418494,0.46196,0.407863,0.665995,0.531248,0.321693,0.201027,0.435624,0.533944,1,0.685474,0.782576,0.472545,0.42881,0.741464,0.386697,0.503892,0.599211,0.484044,0.388088,0.156099,0.39079,0.384027,0.55391,0.621376,0.583829,0.388301,0.104844,0.389762,0.54372,0.443264,0.275697,0.620001,0.59549,0.395494,0.605782,0.465986,0.595859,0.608425,0.224202,0.576517,0.470851,0.432408,0.488149,0.488027,0.552101,0.453227,0.406407,0.35704,0.401433,0.157447,0.167836,0.310942,0.520695,0.710558,0.694234,0.43096,0.337099,0.738356,0.472052,0.325373,0.600149,0.488778,-0.0994555,0.12924,0.0702969,0.55055,0.669855,0.609958,-0.00593848,0.501925,0.296087,0.695113,0.525289,0.0293535,0.512436
0.735829,0.533322,0.834371,0.624476,0.618389,0.594676,0.343008,0.736724,0.508203,0.487955,0.642424,0.520211,0.727,0.744276,0.511467,0.453263,0.698729,0.601138,0.685474,1,0.885969,0.305509,0.506808,0.799935,0.602153,0.774834,0.782396,0.56287,0.402387,0.294732,0.540738,0.491826,0.673428,0.75078,0.428449,0.432636,0.249159,0.43681,0.793304,0.667975,0.530335,0.606889,0.776324,0.662487,0.766664,0.530596,0.648311,0.791565,0.439377,0.698495,0.576017,0.368681,0.629474,0.526645,0.625091,0.705087,0.601578,0.540158,0.643868,0.406702,0.249962,0.558236,0.58372,0.861789,0.809253,0.57729,0.5782,0.843778,0.261457,0.45836,0.727127,0.505028,0.0335024,0.303081,0.124863,0.792005,0.728857,0.654781,0.0426732,0.284981,0.533153,0.807997,0.706027,0.179786,0.439968
0.787962,0.57321,0.852239,0.648082,0.603312,0.572677,0.310128,0.73279,0.555532,0.604718,0.607791,0.514226,0.83141,0.772685,0.523052,0.407495,0.704138,0.71966,0.782576,0.885969,1,0.392486,0.584202,0.889382,0.57094,0.770296,0.79538,0.539187,0.566321,0.27346,0.601066,0.599601,0.718534,0.791807,0.5114,0.443106,0.118938,0.484562,0.741191,0.666467,0.491809,0.633663,0.836203,0.664706,0.777317,0.566707,0.662518,0.752817,0.504122,0.730615,0.573465,0.514793,0.527819,0.565121,0.67506,0.732673,0.57393,0.539121,0.684704,0.32275,0.185846,0.581516,0.708434,0.838751,0.855869,0.585154,0.640391,0.906439,0.333453,0.439951,0.852925,0.605073,0.130305,0.338575,0.171514,0.739348,0.794602,0.733084,0.0476112,0.380969,0.57426,0.865582,0.732204,0.238692,0.450714
0.395617,0.330734,0.413979,0.456505,0.247632,0.279714,0.167307,0.170572,0.10424,0.108942,0.223591,0.226397,0.405489,0.276264,0.436707,0.200147,0.286477,0.316284,0.472545,0.305509,0.392486,1,0.00031738,0.361838,0.12601,0.250426,0.353382,0.384302,0.159452,-0.073575,-0.045456,0.167009,0.387795,0.308891,0.171649,0.221582,-0.018392,0.0885153,0.276458,0.110998,-0.0173607,0.503024,0.401065,0.17432,0.421565,0.244998,0.44175,0.212299,-0.00690271,0.106526,0.163088,0.221823,0.317001,0.475198,0.477512,0.134236,0.338275,0.214682,0.283935,0.0133868,0.26589,-0.0681581,0.181347,0.442844,0.516954,0.185237,0.131365,0.315234,0.280917,0.13797,0.271326,0.316516,0.0585205,-0.0236798,-0.127954,0.197571,0.344597,0.340116,0.255871,0.361667,0.298961,0.401402,0.352684,-0.00461165,0.455066
0.593071,0.466268,0.530854,0.194632,0.391648,0.449514,0.255158,0.628336,0.531184,0.402876,0.353338,0.399046,0.399522,0.586048,0.383528,0.155159,0.381756,0.540461,0.42881,0.506808,0.584202,0.00031738,1,0.662556,0.278163,0.506357,0.571738,0.45517,0.508157,0.0727352,0.267812,0.696091,0.392893,0.412531,0.170476,0.211548,0.00943153,0.458657,0.601274,0.567432,0.364662,0.530447,0.58811,0.544817,0.466149,0.250481,0.347978,0.679395,0.406721,0.55113,0.715645,0.420357,0.381463,0.345118,0.408037,0.58465,0.358552,0.293052,0.454241,0.279994,0.099971,0.718657,0.549628,0.440045,0.564847,0.304088,0.700154,0.6602,0.193713,0.334301,0.681298,0.430612,0.150472,0.198191,0.35517,0.503481,0.626531,0.444505,0.0806165,0.176426,0.568339,0.587134,0.446624,0.242395,0.0310813
0.790222,0.576279,0.845428,0.622754,0.612047,0.554283,0.286745,0.760261,0.596014,0.641722,0.597662,0.563084,0.772964,0.791291,0.522309,0.308454,0.60347,0.756444,0.741464,0.799935,0.889382,0.361838,0.662556,1,0.444178,0.74091,0.766362,0.551857,0.66211,0.110804,0.447758,0.627651,0.6467,0.702691,0.552747,0.463444,0.108176,0.512178,0.734158,0.699471,0.546761,0.696549,0.826658,0.694424,0.843521,0.570753,0.622969,0.811918,0.441038,0.733144,0.669477,0.552647,0.638475,0.566239,0.705835,0.755067,0.620649,0.450242,0.632341,0.322204,0.25822,0.593384,0.724017,0.807268,0.84959,0.486032,0.637829,0.946268,0.416726,0.475043,0.840378,0.509647,0.0510388,0.214641,0.267112,0.737657,0.84978,0.701517,0.0560699,0.287722,0.522495,0.856622,0.728462,0.256879,0.41352
0.500962,0.284975,0.552931,0.503005,0.470766,0.405618,0.320127,0.355923,0.0309375,0.287613,0.616393,0.124429,0.470204,0.36449,0.344429,0.279076,0.52507,0.121045,0.386697,0.602153,0.57094,0.12601,0.278163,0.444178,1,0.5142,0.444746,0.305198,0.126994,0.448759,0.280217,0.227399,0.356701,0.475263,0.0412267,0.28481,0.281281,0.30162,0.37348,0.444549,0.134623,0.217718,0.403612,0.367572,0.424378,0.351726,0.419379,0.373757,0.215486,0.37424,0.223131,0.135317,0.36581,0.330638,0.394901,0.298561,0.455365,0.387973,0.36127,0.29321,0.169808,0.330431,0.356076,0.558027,0.439411,0.359767,0.30357,0.454506,0.140293,0.437886,0.3153,0.246142,-0.108655,0.187763,-0.0548289,0.467843,0.301169,0.364462,0.232576,0.352732,0.335523,0.404489,0.363472,0.303949,0.604078
0.838774,0.658605,0.854218,0.662106,0.710485,0.731735,0.402007,0.560014,0.474063,0.577434,0.518406,0.403515,0.730702,0.797462,0.555019,0.552642,0.69767,0.607453,0.503892,0.774834,0.770296,0.250426,0.506357,0.74091,0.5142,1,0.749441,0.610106,0.47069,0.282634,0.387503,0.511248,0.661876,0.620791,0.444306,0.541346,0.310305,0.525215,0.782756,0.656895,0.556323,0.511636,0.824147,0.608346,0.802835,0.613135,0.538229,0.644931,0.561155,0.68437,0.609699,0.379991,0.48331,0.456424,0.581686,0.712215,0.640609,0.629013,0.65988,0.421278,0.243844,0.529411,0.648664,0.663182,0.758589,0.51122,0.627482,0.772751,0.00668941,0.395387,0.722813,0.540374,0.184908,0.174334,0.0377854,0.642732,0.648237,0.61435,-0.000143145,0.261612,0.542871,0.789489,0.708591,0.326553,0.358211
0.797,0.757944,0.879614,0.619102,0.656992,0.692303,0.570845,0.683054,0.533601,0.462465,0.541824,0.489594,0.786491,0.822324,0.643071,0.619118,0.663032,0.635773,0.599211,0.782396,0.79538,0.353382,0.571738,0.766362,0.444746,0.749441,1,0.634292,0.56135,0.128249,0.390188,0.564279,0.732772,0.617778,0.519614,0.416173,0.241741,0.520496,0.785898,0.849464,0.598688,0.620642,0.826903,0.762228,0.837726,0.646092,0.699755,0.717819,0.676713,0.660535,0.498735,0.480256,0.568114,0.375613,0.603059,0.811373,0.620879,0.644346,0.664116,0.407909,0.305511,0.663911,0.585878,0.702109,0.799792,0.427638,0.702638,0.81031,0.106724,0.417839,0.728489,0.569287,0.0913027,0.15029,0.117976,0.712351,0.64729,0.63036,-0.105466,0.132936,0.622154,0.814161,0.740997,0.161094,0.37922
0.593006,0.579591,0.661897,0.432669,0.601132,0.549605,0.316182,0.523599,0.455506,0.34662,0.277443,0.313175,0.551632,0.599737,0.523958,0.446416,0.479183,0.437027,0.484044,0.56287,0.539187,0.384302,0.45517,0.551857,0.305198,0.610106,0.634292,1,0.385585,-0.00546292,0.124465,0.386413,0.543453,0.313977,0.388426,0.293101,0.0915186,0.410253,0.611982,0.513995,0.318668,0.486799,0.649596,0.585967,0.630808,0.384945,0.479146,0.518286,0.426828,0.420193,0.410246,0.428941,0.477843,0.359599,0.499655,0.575787,0.481354,0.528613,0.518643,0.271555,0.372853,0.403593,0.433785,0.581955,0.647702,0.296941,0.385255,0.541307,0.259848,0.34636,0.598277,0.395318,0.0858152,0.00377653,0.0423486,0.538885,0.536251,0.416833,0.0681241,0.231718,0.448948,0.622051,0.60135,0.138059,0.318467
0.587394,0.526892,0.579935,0.436869,0.343719,0.386039,0.177994,0.425841,0.427836,0.547057,0.319062,0.569969,0.59604,0.623111,0.315068,0.230692,0.479517,0.624002,0.388088,0.402387,0.566321,0.159452,0.508157,0.66211,0.126994,0.47069,0.56135,0.385585,1,-0.165877,0.330419,0.550865,0.43441,0.448683,0.546405,0.491252,0.0109516,0.487358,0.557121,0.629996,0.417104,0.367984,0.634606,0.593603,0.683498,0.566898,0.383684,0.520763,0.29789,0.373678,0.379529,0.49737,0.411357,0.396403,0.609721,0.73882,0.367868,0.328013,0.680563,0.202191,0.231943,0.414467,0.597076,0.430358,0.570009,0.262441,0.577887,0.644751,0.294041,0.347003,0.701516,0.214631,0.195347,0.199009,0.0992003,0.455824,0.56776,0.484179,-0.0397861,0.0376006,0.346587,0.588272,0.539257,0.143952,0.126849
0.243833,0.153399,0.197224,0.119592,0.175067,0.251814,0.0579726,0.166169,0.0281926,0.16025,0.230513,0.0724777,0.170317,0.173551,0.275231,0.280889,0.336955,-0.0690822,0.156099,0.294732,0.27346,-0.073575,0.0727352,0.110804,0.448759,0.282634,0.128249,-0.00546292,-0.165877,1,0.124829,0.00918357,0.260064,0.49097,-0.182,-0.0835221,0.0798237,0.199178,0.254071,0.027248,0.146207,-0.0251101,0.133021,0.171438,0.0891932,0.0903136,0.175661,0.09788,0.0489718,0.276733,0.0871394,-0.136034,-0.0402716,0.0797286,0.11834,0.0480931,0.248661,0.378003,0.209105,0.00923394,-0.147436,0.0668116,0.389198,0.224171,0.242488,0.442307,0.260267,0.180689,-0.137049,0.254876,0.0631658,0.365057,0.00550739,0.0521795,-0.112084,0.226932,0.167824,0.324085,0.118795,0.141788,0.212604,0.208123,0.278399,0.0636951,0.0700363
0.267681,0.152939,0.349752,0.442899,0.155336,0.248525,0.0248911,0.420237,0.279618,0.306356,0.298247,0.291608,0.455512,0.3874,0.183444,0.190926,0.34351,0.411505,0.39079,0.540738,0.601066,-0.045456,0.267812,0.447758,0.280217,0.387503,0.390188,0.124465,0.330419,0.124829,1,0.276447,0.339904,0.421698,0.404198,0.367182,-0.0234271,0.32632,0.403033,0.394207,0.284,0.17687,0.500114,0.414264,0.371752,0.421708,0.382784,0.525664,0.340634,0.403265,0.353842,0.147841,0.238111,0.310763,0.335342,0.481495,0.183481,0.208511,0.408996,-0.014914,-0.0431618,0.359353,0.338124,0.432483,0.392982,0.363625,0.411843,0.527743,0.240576,0.157915,0.526662,0.368551,0.0428999,0.455746,-0.0118364,0.313978,0.338693,0.384142,-0.0645245,0.163554,0.203612,0.411759,0.368684,-0.0284595,0.242665
0.512383,0.405135,0.522773,0.226676,0.298819,0.392927,0.227026,0.478434,0.57914,0.279386,0.27779,0.3442,0.407142,0.493919,0.404951,0.157036,0.359844,0.735395,0.384027,0.491826,0.599601,0.167009,0.696091,0.627651,0.227399,0.511248,0.564279,0.386413,0.550865,0.00918357,0.276447,1,0.519853,0.53511,0.350218,0.25732,-0.152951,0.658717,0.534379,0.477508,0.477221,0.300239,0.516035,0.469128,0.445886,0.31512,0.27911,0.650056,0.359897,0.505782,0.542108,0.387962,0.336148,0.25703,0.417931,0.548407,0.484608,0.246268,0.489141,0.0395829,0.0686103,0.61151,0.4268,0.389993,0.543842,0.220314,0.654854,0.61054,0.176404,0.21261,0.663263,0.435459,0.10538,0.117262,0.362398,0.618255,0.621821,0.458917,0.0251738,0.0897689,0.484113,0.64305,0.448932,0.223072,0.180299
0.661809,0.59286,0.730155,0.466796,0.502039,0.570449,0.327511,0.626344,0.559608,0.431902,0.371157,0.457138,0.647743,0.698731,0.523158,0.515209,0.64983,0.623631,0.55391,0.673428,0.718534,0.387795,0.392893,0.6467,0.356701,0.661876,0.732772,0.543453,0.43441,0.260064,0.339904,0.519853,1,0.722449,0.486734,0.445141,0.113207,0.326294,0.708541,0.557296,0.559135,0.474714,0.666127,0.553797,0.664324,0.466001,0.607019,0.597007,0.496462,0.536671,0.306574,0.405911,0.327524,0.450098,0.657556,0.577907,0.453751,0.57329,0.670415,0.165191,0.0506562,0.496894,0.600774,0.600971,0.749272,0.531717,0.571774,0.690742,-0.0235414,0.387144,0.607907,0.531674,0.206498,0.300979,-0.0886311,0.643739,0.678422,0.608076,0.0869451,0.0720501,0.462953,0.769865,0.692894,0.277949,0.30892
0.636847,0.461563,0.695214,0.428352,0.434171,0.50344,0.211989,0.593454,0.562108,0.39439,0.457308,0.480405,0.639455,0.627326,0.501348,0.37611,0.653747,0.650419,0.621376,0.75078,0.791807,0.308891,0.412531,0.702691,0.475263,0.620791,0.617778,0.313977,0.448683,0.49097,0.421698,0.53511,0.722449,1,0.394406,0.410429,-0.00778719,0.407831,0.640322,0.480966,0.430782,0.439314,0.639515,0.527172,0.612795,0.448793,0.541738,0.65936,0.30877,0.588909,0.501428,0.268445,0.314819,0.425563,0.589713,0.531767,0.489466,0.484642,0.583265,0.13163,0.0657382,0.464871,0.660793,0.679377,0.696131,0.675007,0.566973,0.703761,0.13632,0.2903,0.644248,0.599142,0.00349111,0.281534,0.0837952,0.623207,0.729408,0.656525,0.0655496,0.332173,0.413338,0.661366,0.631025,0.234443,0.346138
0.34782,0.226836,0.494316,0.354523,0.174348,0.304106,0.16592,0.442845,0.433213,0.396979,0.200269,0.252922,0.493525,0.396124,0.14657,0.178107,0.195644,0.590026,0.583829,0.428449,0.5114,0.171649,0.170476,0.552747,0.0412267,0.444306,0.519614,0.388426,0.546405,-0.182,0.404198,0.350218,0.486734,0.394406,1,0.458735,0.00939756,0.320177,0.377126,0.443917,0.390038,0.347804,0.484998,0.251284,0.524324,0.479139,0.38427,0.414213,0.413026,0.358213,0.29005,0.458815,0.277013,0.10901,0.316863,0.453031,0.342848,0.151938,0.32961,0.049752,0.115075,0.191887,0.360463,0.435861,0.418433,0.206173,0.198696,0.576192,0.222459,0.0177459,0.569213,0.25196,-0.0291036,0.117474,0.0484863,0.385205,0.476352,0.414003,-0.469427,0.12929,0.0896408,0.572113,0.500616,0.0427306,0.331318
0.48717,0.232014,0.513153,0.416301,0.259058,0.35376,0.266342,0.303958,0.0898562,0.326903,0.273592,0.281545,0.460693,0.385781,0.160821,0.115129,0.50175,0.44158,0.388301,0.432636,0.443106,0.221582,0.211548,0.463444,0.28481,0.541346,0.416173,0.293101,0.491252,-0.0835221,0.367182,0.25732,0.445141,0.410429,0.458735,1,0.330162,0.403358,0.502425,0.412759,0.353982,0.324141,0.544465,0.261861,0.580155,0.605064,0.263489,0.432947,0.0726865,0.250545,0.333445,0.0950155,0.29369,0.373994,0.513232,0.412555,0.316921,0.15879,0.418474,0.249318,0.0319482,0.100592,0.446411,0.44751,0.548183,0.367995,0.33906,0.514161,0.00899897,0.0744157,0.447021,0.214753,0.0902435,0.272473,-0.0887413,0.301872,0.421141,0.49263,-0.0617327,0.14006,0.270903,0.435023,0.3715,0.16513,0.380354
0.376951,0.0957422,0.265934,0.131596,0.0989178,0.141497,0.290659,0.00358864,-0.0994695,0.333507,0.294331,0.07526,0.218218,0.206482,-0.0588871,0.202874,0.303102,-0.0530396,0.104844,0.249159,0.118938,-0.018392,0.00943153,0.108176,0.281281,0.310305,0.241741,0.0915186,0.0109516,0.0798237,-0.0234271,-0.152951,0.113207,-0.00778719,0.00939756,0.330162,1,0.00466503,0.236106,0.350854,0.281066,0.121976,0.106389,0.127552,0.328992,0.166768,0.184094,0.0159943,-0.131144,0.283269,-0.0588962,0.11246,0.295845,0.195816,0.198265,0.251961,0.176128,0.241062,0.221819,0.614857,0.0677503,-0.0170859,0.128161,0.213595,0.281751,0.00255958,0.015497,0.157401,-0.184826,0.144798,0.00613636,-0.0663458,-0.0910036,-0.00299202,-0.264167,0.211778,0.0125661,0.100461,-0.00211933,-0.0281445,0.147191,0.18535,0.181854,-0.0858219,0.0525467
0.461114,0.374049,0.464906,0.283635,0.357356,0.449066,0.318476,0.341706,0.395773,0.159011,0.269836,0.270131,0.446736,0.435845,0.428665,0.241254,0.335705,0.51171,0.389762,0.43681,0.484562,0.0885153,0.458657,0.512178,0.30162,0.525215,0.520496,0.410253,0.487358,0.199178,0.32632,0.658717,0.326294,0.407831,0.320177,0.403358,0.00466503,1,0.569127,0.486749,0.471284,0.111222,0.493449,0.505761,0.452331,0.459565,0.243852,0.561529,0.286326,0.413967,0.502319,0.128319,0.408867,0.144449,0.368512,0.533796,0.556992,0.357251,0.423535,-0.0123936,0.0380585,0.372792,0.526821,0.446028,0.546959,0.256049,0.566455,0.549404,0.136674,0.213879,0.523056,0.445617,-0.033184,-0.0286795,0.236905,0.520086,0.413259,0.562424,-0.0894315,0.214932,0.458394,0.595866,0.469675,-0.000815627,0.307047
0.750527,0.639574,0.763323,0.517713,0.587836,0.613684,0.483004,0.63148,0.50156,0.442688,0.438468,0.581913,0.697754,0.756027,0.510695,0.513112,0.720419,0.556539,0.54372,0.793304,0.741191,0.276458,0.601274,0.734158,0.37348,0.782756,0.785898,0.611982,0.557121,0.254071,0.403033,0.534379,0.708541,0.640322,0.377126,0.502425,0.236106,0.569127,1,0.749985,0.604186,0.584507,0.788112,0.678779,0.785217,0.617261,0.532599,0.70476,0.460799,0.6154,0.582089,0.258599,0.60366,0.441802,0.663739,0.734363,0.564497,0.580216,0.746178,0.366894,0.0956284,0.528965,0.729524,0.705177,0.835003,0.438146,0.757639,0.785629,0.12878,0.43833,0.736992,0.453486,0.312845,0.370448,0.0624218,0.699341,0.73356,0.592501,0.0680619,0.24642,0.548155,0.842149,0.725081,0.191311,0.24619
0.717768,0.667727,0.762606,0.520129,0.559468,0.630726,0.601206,0.551351,0.376087,0.454605,0.558981,0.494431,0.730361,0.708705,0.459947,0.580463,0.625804,0.503009,0.443264,0.667975,0.666467,0.110998,0.567432,0.699471,0.444549,0.656895,0.849464,0.513995,0.629996,0.027248,0.394207,0.477508,0.557296,0.480966,0.443917,0.412759,0.350854,0.486749,0.749985,1,0.5313,0.460544,0.75035,0.758648,0.80535,0.597048,0.515292,0.594838,0.564996,0.576318,0.423915,0.425157,0.645341,0.28046,0.558151,0.826357,0.527353,0.592047,0.661728,0.564009,0.265343,0.630896,0.548219,0.632577,0.683031,0.193405,0.662334,0.735488,0.148503,0.445658,0.677439,0.351329,0.0317529,0.249343,0.118065,0.618512,0.49973,0.482414,-0.0755182,0.0757584,0.514891,0.707878,0.692364,0.164601,0.317972
0.529317,0.434728,0.531822,0.180953,0.333285,0.357393,0.153991,0.546547,0.531226,0.39097,0.146948,0.436395,0.475337,0.568531,0.361792,0.363634,0.421904,0.482974,0.275697,0.530335,0.491809,-0.0173607,0.364662,0.546761,0.134623,0.556323,0.598688,0.318668,0.417104,0.146207,0.284,0.477221,0.559135,0.430782,0.390038,0.353982,0.281066,0.471284,0.604186,0.5313,1,0.303004,0.474597,0.53009,0.571075,0.444908,0.348675,0.55727,0.372113,0.589848,0.35627,0.187851,0.260209,0.11908,0.430602,0.608066,0.482618,0.367495,0.515249,0.27893,-0.0990527,0.499459,0.4836,0.445904,0.539316,0.428319,0.600167,0.575425,-0.0637267,0.372649,0.561346,0.332864,0.196824,0.0744124,0.237726,0.70785,0.57839,0.48957,-0.1813,-0.132622,0.417811,0.614464,0.482404,0.186503,-0.0498243
0.615241,0.46972,0.654171,0.497978,0.527044,0.302786,0.202463,0.627294,0.426249,0.453524,0.467839,0.460368,0.554639,0.596315,0.386845,0.170116,0.424941,0.492589,0.620001,0.606889,0.633663,0.503024,0.530447,0.696549,0.217718,0.511636,0.620642,0.486799,0.367984,-0.0251101,0.17687,0.300239,0.474714,0.439314,0.347804,0.324141,0.121976,0.111222,0.584507,0.460544,0.303004,1,0.679649,0.415635,0.617651,0.356578,0.500437,0.565758,0.280089,0.466017,0.600855,0.421657,0.452711,0.453331,0.442192,0.407059,0.346285,0.26443,0.361466,0.436957,0.284138,0.388669,0.433293,0.685532,0.648305,0.391152,0.361364,0.67798,0.325367,0.317713,0.59806,0.478376,0.155038,0.0869254,0.16284,0.452827,0.651277,0.531956,0.0591457,0.333845,0.521199,0.649,0.44245,0.300842,0.241134
0.826157,0.755309,0.885415,0.732483,0.710408,0.726925,0.361103,0.647041,0.47315,0.592285,0.622972,0.522017,0.803845,0.833648,0.574209,0.581128,0.695056,0.630294,0.59549,0.776324,0.836203,0.401065,0.58811,0.826658,0.403612,0.824147,0.826903,0.649596,0.634606,0.133021,0.500114,0.516035,0.666127,0.639515,0.484998,0.544465,0.106389,0.493449,0.788112,0.75035,0.474597,0.679649,1,0.759435,0.873701,0.650209,0.601948,0.732047,0.606265,0.619459,0.664784,0.459651,0.564214,0.547239,0.684429,0.788244,0.613483,0.638149,0.720269,0.412164,0.302957,0.578546,0.682487,0.768788,0.835029,0.48859,0.68867,0.857724,0.255673,0.486082,0.827919,0.622965,0.147751,0.244468,0.0893853,0.599888,0.673151,0.70565,0.0415439,0.253223,0.658291,0.811882,0.791536,0.251777,0.379166
0.74175,0.808314,0.732846,0.530833,0.635323,0.609304,0.36631,0.596354,0.571414,0.426368,0.504413,0.455339,0.684685,0.847113,0.69521,0.648043,0.601312,0.487273,0.395494,0.662487,0.664706,0.17432,0.544817,0.694424,0.367572,0.608346,0.762228,0.585967,0.593603,0.171438,0.414264,0.469128,0.553797,0.527172,0.251284,0.261861,0.127552,0.505761,0.678779,0.758648,0.53009,0.415635,0.759435,1,0.75891,0.507176,0.631356,0.667026,0.533895,0.663618,0.482494,0.413186,0.610139,0.359685,0.569744,0.896703,0.56199,0.737809,0.655313,0.368251,0.258057,0.660252,0.58082,0.586855,0.72491,0.397855,0.664038,0.692852,0.240773,0.510541,0.679417,0.431714,-0.0282479,0.209033,0.072295,0.718706,0.573504,0.585868,0.0999842,0.0514343,0.623184,0.656049,0.696956,0.106568,0.172744
0.89595,0.746658,0.930095,0.758666,0.669481,0.65505,0.456549,0.598403,0.419946,0.647448,0.62235,0.61064,0.852035,0.829297,0.591117,0.604339,0.757762,0.625847,0.605782,0.766664,0.777317,0.421565,0.466149,0.843521,0.424378,0.802835,0.837726,0.630808,0.683498,0.0891932,0.371752,0.445886,0.664324,0.612795,0.524324,0.580155,0.328992,0.452331,0.785217,0.80535,0.571075,0.617651,0.873701,0.75891,1,0.782514,0.695783,0.677057,0.447483,0.679217,0.522148,0.497538,0.71835,0.565835,0.809734,0.846733,0.651153,0.653822,0.796314,0.45516,0.430925,0.517362,0.654306,0.73388,0.842643,0.447646,0.665044,0.847519,0.2031,0.525328,0.751278,0.383883,0.0669439,0.146407,0.0273833,0.673658,0.69587,0.647395,0.0416919,0.15172,0.484738,0.799662,0.757882,0.183985,0.417496
0.653542,0.469974,0.715989,0.723048,0.536943,0.416504,0.465471,0.465631,0.173545,0.530468,0.443806,0.520939,0.694466,0.561332,0.404311,0.418512,0.650469,0.41791,0.465986,0.530596,0.566707,0.244998,0.250481,0.570753,0.351726,0.613135,0.646092,0.384945,0.566898,0.0903136,0.421708,0.31512,0.466001,0.448793,0.479139,0.605064,0.166768,0.459565,0.617261,0.597048,0.444908,0.356578,0.650209,0.507176,0.782514,1,0.603095,0.4885,0.390524,0.468291,0.392558,0.28595,0.538681,0.470288,0.708956,0.647547,0.481486,0.465312,0.688471,0.111207,0.324397,0.34516,0.515854,0.396567,0.561751,0.352098,0.6422,0.663334,0.0985491,0.469685,0.524865,0.209235,0.198754,0.155276,-0.176846,0.389745,0.537775,0.520922,-0.0391115,0.0498121,0.168517,0.558547,0.517655,0.068921,0.410288
0.688356,0.540573,0.697323,0.597489,0.452989,0.502428,0.337756,0.624215,0.407307,0.4926,0.481824,0.464121,0.600801,0.730149,0.609511,0.489958,0.510696,0.449556,0.595859,0.648311,0.662518,0.44175,0.347978,0.622969,0.419379,0.538229,0.699755,0.479146,0.383684,0.175661,0.382784,0.27911,0.607019,0.541738,0.38427,0.263489,0.184094,0.243852,0.532599,0.515292,0.348675,0.500437,0.601948,0.631356,0.695783,0.603095,1,0.624836,0.437068,0.594968,0.424841,0.438526,0.509289,0.58861,0.693472,0.647649,0.545426,0.479062,0.612652,0.0726233,0.381641,0.376399,0.473318,0.525255,0.678804,0.494943,0.492752,0.679303,0.251045,0.438537,0.535841,0.388027,0.0890697,0.0785203,-0.208179,0.465681,0.649921,0.614683,0.0323488,0.234182,0.395158,0.619848,0.578966,-0.0668367,0.364023
0.642894,0.475527,0.719548,0.482948,0.531488,0.481957,0.164321,0.734308,0.570239,0.453804,0.521451,0.589574,0.55901,0.751157,0.463309,0.350211,0.484346,0.657819,0.608425,0.791565,0.752817,0.212299,0.679395,0.811918,0.373757,0.644931,0.717819,0.518286,0.520763,0.09788,0.525664,0.650056,0.597007,0.65936,0.414213,0.432947,0.0159943,0.561529,0.70476,0.594838,0.55727,0.565758,0.732047,0.667026,0.677057,0.4885,0.624836,1,0.414857,0.644819,0.768154,0.419948,0.586199,0.527663,0.634261,0.702606,0.585561,0.399286,0.614794,0.114558,0.272563,0.603174,0.488884,0.712107,0.706903,0.594963,0.634829,0.803374,0.350174,0.353109,0.719647,0.535018,-0.00488619,0.0879681,0.214208,0.676795,0.746765,0.595368,-0.0522739,0.181242,0.502675,0.730577,0.597785,0.126585,0.213434
0.433791,0.59043,0.546056,0.388987,0.525948,0.605511,0.444822,0.516972,0.475143,0.290797,0.278931,0.150225,0.484206,0.577901,0.427061,0.573964,0.331639,0.416581,0.224202,0.439377,0.504122,-0.00690271,0.406721,0.441038,0.215486,0.561155,0.676713,0.426828,0.29789,0.0489718,0.340634,0.359897,0.496462,0.30877,0.413026,0.0726865,-0.131144,0.286326,0.460799,0.564996,0.372113,0.280089,0.606265,0.533895,0.447483,0.390524,0.437068,0.414857,1,0.443311,0.361962,0.388076,0.19538,0.0463933,0.218323,0.554457,0.374795,0.521911,0.366776,0.135635,0.120155,0.617703,0.392824,0.291248,0.365532,0.232446,0.517652,0.506763,-0.124143,0.252133,0.511249,0.411196,0.262427,0.22718,0.175833,0.348719,0.374294,0.352707,-0.248902,0.0287677,0.40537,0.509332,0.510095,0.233481,0.168781
0.757702,0.594179,0.729055,0.432424,0.536649,0.471578,0.327783,0.598117,0.638824,0.497737,0.482453,0.360677,0.688425,0.713516,0.462072,0.496829,0.593564,0.563857,0.576517,0.698495,0.730615,0.106526,0.55113,0.733144,0.37424,0.68437,0.660535,0.420193,0.373678,0.276733,0.403265,0.505782,0.536671,0.588909,0.358213,0.250545,0.283269,0.413967,0.6154,0.576318,0.589848,0.466017,0.619459,0.663618,0.679217,0.468291,0.594968,0.644819,0.443311,1,0.544512,0.411411,0.491822,0.342516,0.526987,0.728477,0.533047,0.618562,0.591701,0.341537,0.0373816,0.597374,0.583059,0.595722,0.67169,0.547743,0.516082,0.747007,0.0674469,0.283891,0.654219,0.432139,0.0612643,0.246819,0.174447,0.735835,0.679155,0.518562,-0.0821941,0.205925,0.446867,0.708496,0.496882,0.153751,0.194899
0.56605,0.393565,0.555192,0.397825,0.453743,0.454284,0.0574858,0.575484,0.559306,0.371584,0.372345,0.406393,0.406639,0.598434,0.383658,0.226308,0.276702,0.519172,0.470851,0.576017,0.573465,0.163088,0.715645,0.669477,0.223131,0.609699,0.498735,0.410246,0.379529,0.0871394,0.353842,0.542108,0.306574,0.501428,0.29005,0.333445,-0.0588962,0.502319,0.582089,0.423915,0.35627,0.600855,0.664784,0.482494,0.522148,0.392558,0.424841,0.768154,0.361962,0.544512,1,0.337298,0.465054,0.403326,0.419428,0.504764,0.507833,0.288682,0.425491,0.110183,0.161765,0.553771,0.500953,0.536385,0.531593,0.4681,0.55629,0.674364,0.198472,0.226166,0.668751,0.505345,0.0627881,0.0671555,0.201668,0.435859,0.629432,0.509334,-0.0905782,0.309086,0.498314,0.601561,0.479209,0.13192,0.077353
0.533183,0.386346,0.562373,0.439567,0.377047,0.330173,0.0588076,0.470102,0.403557,0.652049,0.491074,0.350055,0.455262,0.556275,0.242391,0.299353,0.213034,0.506451,0.432408,0.368681,0.514793,0.221823,0.420357,0.552647,0.135317,0.379991,0.480256,0.428941,0.49737,-0.136034,0.147841,0.387962,0.405911,0.268445,0.458815,0.0950155,0.11246,0.128319,0.258599,0.425157,0.187851,0.421657,0.459651,0.413186,0.497538,0.28595,0.438526,0.419948,0.388076,0.411411,0.337298,1,0.444304,0.398731,0.388135,0.546508,0.372001,0.397966,0.462087,0.180805,0.368154,0.35559,0.297232,0.343417,0.416632,0.139702,0.238802,0.521312,0.172527,0.193366,0.515632,0.215694,-0.052586,-0.00890556,-0.019252,0.37244,0.426913,0.304445,-0.150848,-0.113815,0.291079,0.550671,0.573922,0.212472,0.0315136
