1,0.894095,0.940404,0.894192,0.807587,0.782485,0.737766,0.665976,0.497922,0.787887,0.859174,0.77972,0.902139,0.903448,0.766736,0.737042,0.876833,0.650688,0.852767,0.845111,0.921156,0.806318,0.724636,0.90264,0.568239,0.778151,0.849474,0.756257,0.277378,0.560599,0.381597,0.619643,0.668486,0.8632,0.543886,0.512129,0.330987,0.636705,0.836473,0.812762,0.449155,0.628984,0.82248,0.677499,0.903957,0.854498,0.828691,0.707091,0.652288,0.646096,0.561008,0.799868,0.772815,0.74197,0.842675,0.831044,0.480878,0.740513,0.87165,0.403517,0.459691,0.571456,0.797674,0.895379,0.903573,0.650094,0.80653,0.931824,0.60007,0.580108,0.888128,0.654856,0.627316,0.58467,0.559035,0.774103,0.806669,0.291599,0.362,0.564637,0.659712,0.848069,0.839647,0.717701,0.694939
0.894095,1,0.948623,0.883406,0.746325,0.747856,0.663359,0.529047,0.564304,0.689159,0.868953,0.749902,0.882423,0.903706,0.782314,0.821055,0.861755,0.667604,0.800897,0.871643,0.878707,0.705425,0.732002,0.865218,0.600723,0.620236,0.810977,0.676984,0.396458,0.408387,0.298436,0.59114,0.679355,0.789107,0.472147,0.479023,0.422172,0.742108,0.906756,0.852554,0.326991,0.584587,0.892106,0.800815,0.915878,0.910787,0.854351,0.693562,0.522644,0.537348,0.451525,0.838466,0.853259,0.796914,0.888138,0.822292,0.484695,0.828814,0.890251,0.446077,0.403011,0.562943,0.830868,0.889364,0.903636,0.614727,0.648536,0.89652,0.504791,0.692336,0.917552,0.780446,0.513485,0.491368,0.532879,0.733143,0.751466,0.401242,0.332001,0.49422,0.62572,0.860374,0.84344,0.612987,0.564807
0.940404,0.948623,1,0.934963,0.800356,0.772374,0.738858,0.576351,0.587476,0.734293,0.876332,0.78754,0.89994,0.935063,0.842737,0.781391,0.886585,0.647522,0.871908,0.901155,0.93909,0.786524,0.783063,0.88221,0.640834,0.701101,0.821911,0.685927,0.412737,0.481801,0.307012,0.667801,0.750119,0.849503,0.56156,0.503453,0.407662,0.643158,0.931945,0.862348,0.393458,0.664156,0.892258,0.75781,0.949421,0.917414,0.885075,0.708066,0.581115,0.656994,0.436533,0.868366,0.839335,0.817999,0.882934,0.849769,0.450534,0.779736,0.913361,0.430126,0.514637,0.579206,0.848517,0.904885,0.93273,0.654172,0.736845,0.934575,0.611461,0.71719,0.912,0.710768,0.617494,0.560793,0.554743,0.78456,0.79736,0.367842,0.350181,0.53122,0.639349,0.866344,0.863782,0.657879,0.633342
0.894192,0.883406,0.934963,1,0.781094,0.688659,0.758397,0.495189,0.619534,0.656457,0.88483,0.725676,0.836383,0.884966,0.807174,0.712507,0.877382,0.595481,0.836928,0.924504,0.912846,0.776849,0.721272,0.869111,0.656616,0.674453,0.803007,0.681263,0.385889,0.559933,0.356331,0.633726,0.634305,0.800229,0.499144,0.505403,0.393099,0.611501,0.886681,0.845267,0.37419,0.648256,0.844507,0.680538,0.93846,0.845695,0.790234,0.653284,0.515694,0.622255,0.37015,0.829108,0.849545,0.793039,0.851263,0.76761,0.352008,0.749072,0.881067,0.43649,0.412315,0.508088,0.812427,0.873323,0.88834,0.611684,0.678296,0.853654,0.523338,0.592529,0.869816,0.767097,0.59326,0.558213,0.59352,0.773737,0.820466,0.375436,0.298608,0.623911,0.560162,0.853302,0.830757,0.600874,0.613118
0.807587,0.746325,0.800356,0.781094,1,0.82016,0.616113,0.580535,0.531683,0.745428,0.770675,0.735111,0.80961,0.879003,0.753855,0.630722,0.822223,0.678201,0.710579,0.809419,0.81995,0.680141,0.586449,0.883495,0.564216,0.757975,0.775072,0.691674,0.294556,0.37779,0.393622,0.702805,0.579667,0.713727,0.473583,0.510708,0.360023,0.664143,0.716984,0.729403,0.465068,0.595369,0.753393,0.562637,0.83002,0.790014,0.809024,0.593963,0.654275,0.58045,0.585144,0.742481,0.647369,0.691871,0.687277,0.815373,0.415368,0.586174,0.746243,0.300936,0.369819,0.572569,0.73969,0.773424,0.809782,0.525153,0.79664,0.829402,0.472455,0.416495,0.697623,0.580874,0.635845,0.619661,0.534235,0.58142,0.668589,0.325918,0.317194,0.458261,0.552388,0.709874,0.65257,0.739338,0.518399
0.782485,0.747856,0.772374,0.688659,0.82016,1,0.538145,0.477026,0.436061,0.637029,0.730874,0.757729,0.829818,0.842155,0.758807,0.637214,0.763063,0.772705,0.749484,0.736677,0.737414,0.647885,0.552609,0.850798,0.553061,0.701877,0.728647,0.707641,0.362933,0.338911,0.232126,0.654656,0.574274,0.770961,0.44871,0.585786,0.307594,0.710856,0.648352,0.716224,0.499262,0.575318,0.748543,0.560271,0.784547,0.789637,0.806762,0.67337,0.561583,0.476943,0.532638,0.591495,0.599087,0.702996,0.71382,0.689974,0.422553,0.579026,0.711387,0.167308,0.481141,0.546097,0.733873,0.815815,0.775267,0.675894,0.745001,0.820236,0.45111,0.383852,0.74657,0.552401,0.59289,0.469511,0.464374,0.52799,0.607562,0.354786,0.410441,0.235147,0.557445,0.626322,0.652215,0.704828,0.478951
0.737766,0.663359,0.738858,0.758397,0.616113,0.538145,1,0.429098,0.541296,0.45298,0.606937,0.459916,0.640262,0.697772,0.674163,0.555506,0.638598,0.47377,0.643023,0.683925,0.710331,0.608841,0.556415,0.69497,0.485782,0.506133,0.70417,0.482985,0.181481,0.414,0.425583,0.422885,0.64031,0.62743,0.602533,0.503601,0.304037,0.431885,0.675461,0.631314,0.367603,0.522364,0.737233,0.580289,0.70615,0.698929,0.659533,0.54673,0.593538,0.742493,0.20398,0.773636,0.683512,0.569162,0.651495,0.618931,0.429834,0.622792,0.686154,0.480704,0.27877,0.38602,0.615984,0.746746,0.685698,0.361533,0.546369,0.693858,0.5495,0.441568,0.697882,0.582489,0.546954,0.492069,0.43552,0.590892,0.692448,0.173209,0.203692,0.50248,0.302909,0.656094,0.638491,0.542532,0.449648
0.665976,0.529047,0.576351,0.495189,0.580535,0.477026,0.429098,1,0.31569,0.64828,0.569029,0.336027,0.516187,0.546779,0.512148,0.296016,0.547431,0.423141,0.550931,0.452068,0.602661,0.612972,0.581525,0.651616,0.409495,0.536196,0.60203,0.593588,0.178411,0.396546,0.433105,0.483924,0.358782,0.532039,0.270614,0.254779,0.379251,0.383023,0.412371,0.331182,0.403542,0.366161,0.455251,0.319639,0.485797,0.506915,0.512958,0.292271,0.713099,0.484223,0.529414,0.54091,0.388983,0.403745,0.385736,0.510004,0.426454,0.281348,0.451727,0.220076,0.086726,0.504096,0.433023,0.516159,0.596423,0.441883,0.650078,0.660143,0.478491,0.406609,0.506956,0.339726,0.543086,0.65504,0.427969,0.471688,0.574155,0.147622,0.397267,0.35426,0.494447,0.487738,0.391533,0.730006,0.696991
0.497922,0.564304,0.587476,0.619534,0.531683,0.436061,0.541296,0.31569,1,0.359671,0.503242,0.251605,0.442015,0.62254,0.628963,0.348072,0.4696,0.612822,0.556131,0.507683,0.51775,0.380685,0.596522,0.549094,0.607556,0.335241,0.56729,0.40833,0.293322,0.395499,0.31365,0.646677,0.623097,0.489906,0.462446,0.325763,0.347521,0.364016,0.511395,0.442808,0.278713,0.472237,0.585289,0.329598,0.563542,0.480758,0.479423,0.565962,0.443268,0.357773,0.291551,0.564651,0.473166,0.462054,0.448312,0.336993,0.256765,0.313453,0.486567,0.320025,0.315529,0.483532,0.507216,0.564811,0.514594,0.206816,0.459033,0.575061,0.320808,0.421782,0.557303,0.549128,0.503577,0.314983,0.450805,0.361544,0.43693,0.137232,0.0784031,0.343549,0.233317,0.367098,0.474753,0.386088,0.449627
0.787887,0.689159,0.734293,0.656457,0.745428,0.637029,0.45298,0.64828,0.359671,1,0.649924,0.627829,0.749312,0.747388,0.620079,0.555667,0.753353,0.510636,0.671796,0.658152,0.751277,0.646789,0.554441,0.748463,0.48752,0.732825,0.677735,0.675244,0.148049,0.363737,0.237947,0.55792,0.555946,0.626975,0.303094,0.291511,0.322225,0.552332,0.627094,0.618959,0.411096,0.427546,0.662348,0.527799,0.747003,0.654451,0.671382,0.567007,0.536733,0.514922,0.678239,0.583871,0.516405,0.633263,0.643891,0.674814,0.406845,0.542031,0.708693,0.304248,0.35423,0.556426,0.589311,0.61275,0.679297,0.559258,0.754781,0.74057,0.49307,0.413151,0.64702,0.395129,0.445971,0.535348,0.550707,0.508387,0.498794,0.155598,0.281556,0.504428,0.67316,0.644329,0.583733,0.597624,0.626623
0.859174,0.868953,0.876332,0.88483,0.770675,0.730874,0.606937,0.569029,0.503242,0.649924,1,0.765649,0.87214,0.825662,0.706313,0.713588,0.868014,0.633106,0.773313,0.842287,0.853747,0.749958,0.65073,0.848074,0.561674,0.564271,0.715581,0.687046,0.418433,0.455724,0.341331,0.621699,0.561335,0.759636,0.429635,0.562956,0.470874,0.715654,0.832408,0.776422,0.383985,0.523157,0.794264,0.675019,0.845793,0.815885,0.814258,0.540113,0.558984,0.585727,0.359443,0.828626,0.819623,0.718645,0.807495,0.768658,0.337767,0.752638,0.812146,0.495309,0.347734,0.463354,0.808168,0.859148,0.899379,0.688652,0.628617,0.839522,0.46514,0.614603,0.797721,0.79513,0.592133,0.600935,0.547986,0.692548,0.744594,0.485624,0.359031,0.461414,0.520383,0.817138,0.735995,0.63711,0.713509
0.77972,0.749902,0.78754,0.725676,0.735111,0.757729,0.459916,0.336027,0.251605,0.627829,0.765649,1,0.862419,0.817541,0.641527,0.718977,0.822251,0.487226,0.67001,0.787487,0.771337,0.623734,0.492052,0.751243,0.313537,0.716985,0.668653,0.577596,0.408782,0.29319,0.266224,0.499293,0.538861,0.741259,0.442362,0.464697,0.235986,0.605185,0.74456,0.792539,0.428124,0.552507,0.693741,0.622499,0.806419,0.735069,0.770977,0.67584,0.454375,0.373195,0.493858,0.594003,0.632982,0.662838,0.731139,0.803159,0.392677,0.690151,0.769022,0.222439,0.51597,0.440298,0.749134,0.739574,0.746072,0.588869,0.637384,0.75274,0.42932,0.459268,0.720452,0.542552,0.428622,0.434093,0.347403,0.735475,0.622537,0.44058,0.349689,0.392139,0.57217,0.759546,0.696076,0.556391,0.398762
0.902139,0.882423,0.89994,0.836383,0.80961,0.829818,0.640262,0.516187,0.442015,0.749312,0.87214,0.862419,1,0.881354,0.760866,0.866379,0.928034,0.618921,0.82233,0.886345,0.886387,0.688118,0.580029,0.883931,0.566281,0.70831,0.805942,0.72653,0.318169,0.359509,0.284946,0.594852,0.6267,0.822023,0.525726,0.578227,0.388118,0.745902,0.861173,0.883754,0.44955,0.584318,0.873835,0.799726,0.907386,0.853048,0.84356,0.688383,0.585127,0.569874,0.452531,0.784131,0.788859,0.752057,0.912309,0.876729,0.532126,0.853928,0.915304,0.336202,0.406526,0.545088,0.858475,0.8998,0.892585,0.643979,0.710629,0.873707,0.534214,0.515724,0.844027,0.649035,0.559168,0.469316,0.527989,0.71722,0.73452,0.383212,0.427169,0.46563,0.62596,0.879328,0.775181,0.682506,0.56411
0.903448,0.903706,0.935063,0.884966,0.879003,0.842155,0.697772,0.546779,0.62254,0.747388,0.825662,0.817541,0.881354,1,0.841512,0.749099,0.889249,0.717524,0.816128,0.878297,0.893648,0.738075,0.679144,0.912092,0.606837,0.782146,0.839733,0.726783,0.372353,0.451307,0.397936,0.659564,0.705606,0.819697,0.574752,0.536305,0.356347,0.679577,0.847722,0.828575,0.445278,0.674565,0.865865,0.667642,0.933755,0.887903,0.865623,0.776152,0.620741,0.565845,0.565163,0.77974,0.765031,0.787101,0.809711,0.826236,0.477486,0.694302,0.855031,0.38231,0.536241,0.571913,0.809625,0.879584,0.871915,0.603301,0.769817,0.904704,0.536478,0.57026,0.859407,0.683246,0.586778,0.538672,0.562421,0.756569,0.729475,0.343703,0.322922,0.523778,0.594855,0.783163,0.79944,0.656576,0.575249
0.766736,0.782314,0.842737,0.807174,0.753855,0.758807,0.674163,0.512148,0.628963,0.620079,0.706313,0.641527,0.760866,0.841512,1,0.618547,0.726338,0.5719,0.764738,0.811837,0.821117,0.656194,0.720629,0.806413,0.643314,0.576961,0.805144,0.592319,0.529417,0.391571,0.348365,0.730563,0.678291,0.797678,0.517386,0.574587,0.372734,0.574429,0.771338,0.738017,0.443604,0.596235,0.819474,0.613075,0.856919,0.80091,0.737473,0.657323,0.611126,0.62179,0.347735,0.707966,0.66884,0.688705,0.749382,0.717976,0.474567,0.622966,0.809154,0.285215,0.480296,0.621671,0.7757,0.78972,0.804882,0.503754,0.683801,0.824125,0.533296,0.528673,0.788254,0.651714,0.585218,0.5177,0.520126,0.674674,0.662672,0.324018,0.358628,0.468134,0.439108,0.691069,0.638203,0.638568,0.51651
0.737042,0.821055,0.781391,0.712507,0.630722,0.637214,0.555506,0.296016,0.348072,0.555667,0.713588,0.718977,0.866379,0.749099,0.618547,1,0.77278,0.487061,0.613153,0.746314,0.720837,0.44353,0.429402,0.657526,0.426605,0.5664,0.640795,0.496653,0.215791,0.236602,0.0915193,0.43561,0.521214,0.611246,0.453996,0.501419,0.3328,0.685879,0.817892,0.831446,0.0988485,0.404413,0.83742,0.887224,0.782082,0.775576,0.702972,0.590225,0.417208,0.488687,0.272407,0.759063,0.799804,0.573326,0.89347,0.827348,0.500895,0.916465,0.871896,0.22473,0.417083,0.333772,0.696514,0.766579,0.774152,0.407685,0.425714,0.675552,0.532425,0.451741,0.684395,0.526262,0.295246,0.223245,0.298342,0.606768,0.564722,0.292862,0.270333,0.470232,0.513398,0.795105,0.728272,0.425591,0.305903
0.876833,0.861755,0.886585,0.877382,0.822223,0.763063,0.638598,0.547431,0.4696,0.753353,0.868014,0.822251,0.928034,0.889249,0.726338,0.77278,1,0.566435,0.8473,0.899028,0.903331,0.719293,0.568744,0.884986,0.556035,0.715696,0.767446,0.76026,0.279307,0.421343,0.303253,0.568673,0.573471,0.820396,0.449826,0.418247,0.446495,0.679393,0.830361,0.847635,0.510249,0.667995,0.81596,0.680864,0.897176,0.803189,0.795804,0.627548,0.587072,0.551985,0.487528,0.736563,0.748384,0.809162,0.838447,0.8056,0.382628,0.750961,0.855753,0.344209,0.322517,0.518379,0.789668,0.849608,0.846799,0.63002,0.707233,0.829696,0.470484,0.494347,0.807555,0.677805,0.531755,0.509521,0.564767,0.754184,0.761999,0.311454,0.368108,0.560915,0.654424,0.859378,0.745758,0.642942,0.542467
0.650688,0.667604,0.647522,0.595481,0.678201,0.772705,0.47377,0.423141,0.612822,0.510636,0.633106,0.487226,0.618921,0.717524,0.5719,0.487061,0.566435,1,0.552855,0.544838,0.574434,0.550337,0.450297,0.72867,0.59441,0.540822,0.676337,0.574374,0.319145,0.361342,0.291308,0.623065,0.498127,0.561344,0.274044,0.549106,0.157112,0.679345,0.523629,0.574336,0.292778,0.353507,0.607721,0.447821,0.662632,0.639109,0.708335,0.598362,0.436279,0.280282,0.538526,0.572657,0.555066,0.575408,0.571195,0.438983,0.341036,0.426394,0.553564,0.273502,0.432549,0.38743,0.613039,0.746533,0.668397,0.52521,0.562864,0.657143,0.292655,0.339388,0.663457,0.538566,0.581615,0.466021,0.407821,0.312648,0.476144,0.248088,0.255073,0.118574,0.445576,0.468954,0.53464,0.617606,0.560925
0.852767,0.800897,0.871908,0.836928,0.710579,0.749484,0.643023,0.550931,0.556131,0.671796,0.773313,0.67001,0.82233,0.816128,0.764738,0.613153,0.8473,0.552855,1,0.832004,0.908665,0.795604,0.746061,0.813409,0.658063,0.591383,0.755304,0.661724,0.298128,0.501457,0.198514,0.658514,0.702513,0.88964,0.512562,0.36428,0.50027,0.530254,0.77809,0.765912,0.613372,0.775914,0.755451,0.554699,0.833472,0.761304,0.762663,0.633097,0.565457,0.573374,0.393074,0.682081,0.668434,0.804021,0.778597,0.692409,0.349568,0.600309,0.799433,0.308322,0.500931,0.642009,0.812041,0.824174,0.832173,0.726036,0.820492,0.883325,0.568004,0.576857,0.846713,0.648817,0.608993,0.487891,0.628023,0.716779,0.791613,0.317111,0.425961,0.432598,0.641179,0.73699,0.740507,0.608878,0.596133
0.845111,0.871643,0.901155,0.924504,0.809419,0.736677,0.683925,0.452068,0.507683,0.658152,0.842287,0.787487,0.886345,0.878297,0.811837,0.746314,0.899028,0.544838,0.832004,1,0.911326,0.756706,0.649048,0.885355,0.669745,0.640627,0.815346,0.668223,0.41945,0.405578,0.298753,0.596327,0.615783,0.829452,0.538596,0.498225,0.454437,0.702541,0.894316,0.894817,0.475184,0.660054,0.859251,0.703598,0.947656,0.881347,0.823833,0.639387,0.496003,0.54573,0.378433,0.793034,0.840095,0.830887,0.870444,0.828892,0.435669,0.763918,0.900141,0.374777,0.340549,0.532696,0.897759,0.88228,0.902258,0.647609,0.699078,0.868313,0.473389,0.539367,0.872155,0.764511,0.568351,0.571246,0.624139,0.766598,0.802193,0.435032,0.415136,0.552917,0.584903,0.891848,0.78459,0.649708,0.5488
0.921156,0.878707,0.93909,0.912846,0.81995,0.737414,0.710331,0.602661,0.51775,0.751277,0.853747,0.771337,0.886387,0.893648,0.821117,0.720837,0.903331,0.574434,0.908665,0.911326,1,0.826952,0.76836,0.892641,0.611893,0.685899,0.837629,0.704201,0.31127,0.480531,0.353783,0.660049,0.697993,0.876818,0.537409,0.455139,0.448083,0.647108,0.880155,0.845918,0.519413,0.735188,0.813448,0.663875,0.924734,0.871958,0.843224,0.640072,0.639788,0.620558,0.433329,0.814955,0.784315,0.803407,0.857319,0.83871,0.450842,0.723149,0.902901,0.4287,0.460556,0.647551,0.877119,0.872435,0.925465,0.687422,0.806428,0.914475,0.607342,0.641004,0.891652,0.686886,0.608088,0.601343,0.623737,0.815345,0.836212,0.371595,0.437778,0.549861,0.662677,0.869039,0.806947,0.698644,0.63224
0.806318,0.705425,0.786524,0.776849,0.680141,0.647885,0.608841,0.612972,0.380685,0.646789,0.749958,0.623734,0.688118,0.738075,0.656194,0.44353,0.719293,0.550337,0.795604,0.756706,0.826952,1,0.672017,0.795727,0.604112,0.613251,0.718159,0.697579,0.301749,0.580263,0.248305,0.650507,0.578706,0.77364,0.444676,0.326142,0.321935,0.50745,0.683654,0.642248,0.482319,0.678561,0.647982,0.458515,0.774822,0.741159,0.71677,0.464343,0.485397,0.583204,0.446165,0.687612,0.622889,0.819151,0.672317,0.625298,0.328223,0.467966,0.720216,0.41494,0.453751,0.410654,0.711726,0.779682,0.803571,0.709465,0.752795,0.817696,0.402963,0.6221,0.732541,0.658745,0.628021,0.758132,0.493588,0.65117,0.79918,0.388331,0.543657,0.359317,0.670804,0.731155,0.73867,0.665128,0.737859
0.724636,0.732002,0.783063,0.721272,0.586449,0.552609,0.556415,0.581525,0.596522,0.554441,0.65073,0.492052,0.580029,0.679144,0.720629,0.429402,0.568744,0.450297,0.746061,0.649048,0.76836,0.672017,1,0.67754,0.5512,0.455167,0.625619,0.519278,0.364597,0.39859,0.345089,0.625188,0.688864,0.68706,0.431788,0.323078,0.457165,0.376988,0.708464,0.53482,0.392516,0.634551,0.615747,0.469513,0.687544,0.744099,0.676861,0.522767,0.547193,0.492442,0.327893,0.678856,0.603614,0.602903,0.605027,0.624024,0.381877,0.473209,0.625279,0.378165,0.420636,0.71909,0.690264,0.639745,0.759496,0.527863,0.689887,0.82195,0.584626,0.718924,0.743824,0.577056,0.59349,0.539629,0.556159,0.638571,0.654542,0.360915,0.291863,0.402836,0.475407,0.631593,0.627313,0.58577,0.59174
0.90264,0.865218,0.88221,0.869111,0.883495,0.850798,0.69497,0.651616,0.549094,0.748463,0.848074,0.751243,0.883931,0.912092,0.806413,0.657526,0.884986,0.72867,0.813409,0.885355,0.892641,0.795727,0.67754,1,0.691915,0.758892,0.879823,0.847643,0.315545,0.470941,0.446412,0.634925,0.620639,0.816022,0.483273,0.563727,0.378003,0.733669,0.784342,0.792874,0.538935,0.687453,0.834057,0.643817,0.915159,0.864677,0.858009,0.692404,0.668662,0.544979,0.546273,0.768152,0.744229,0.802461,0.789551,0.788042,0.545872,0.687128,0.815016,0.377765,0.313717,0.63615,0.837559,0.895094,0.889872,0.6783,0.820209,0.903496,0.446624,0.476621,0.863811,0.721488,0.696495,0.654947,0.624055,0.690175,0.819466,0.384706,0.436739,0.478563,0.633045,0.838445,0.740477,0.82523,0.650999
0.568239,0.600723,0.640834,0.656616,0.564216,0.553061,0.485782,0.409495,0.607556,0.48752,0.561674,0.313537,0.566281,0.606837,0.643314,0.426605,0.556035,0.59441,0.658063,0.669745,0.611893,0.604112,0.5512,0.691915,1,0.462804,0.650609,0.570163,0.301947,0.482616,0.0970776,0.535364,0.528476,0.556902,0.397255,0.417579,0.278076,0.472681,0.594202,0.568265,0.266007,0.530217,0.681401,0.478237,0.688189,0.649231,0.570338,0.463315,0.318488,0.428634,0.155446,0.589552,0.582702,0.704212,0.596447,0.464183,0.349378,0.453677,0.577334,0.243793,0.2917,0.4384,0.641328,0.672593,0.647282,0.544652,0.553383,0.624406,0.25952,0.332958,0.615459,0.606856,0.604449,0.477751,0.553376,0.352159,0.618587,0.269494,0.372824,0.326404,0.518094,0.609723,0.537865,0.528491,0.527919
0.778151,0.620236,0.701101,0.674453,0.757975,0.701877,0.506133,0.536196,0.335241,0.732825,0.564271,0.716985,0.70831,0.782146,0.576961,0.5664,0.715696,0.540822,0.591383,0.640627,0.685899,0.613251,0.455167,0.758892,0.462804,1,0.692968,0.689538,0.156781,0.513803,0.351427,0.521221,0.462717,0.609003,0.463946,0.440871,0.0982717,0.501418,0.574141,0.627773,0.280567,0.567788,0.621246,0.479552,0.717306,0.631487,0.622565,0.639264,0.491982,0.43415,0.614605,0.528813,0.498891,0.579641,0.585483,0.686626,0.354263,0.480507,0.656063,0.132874,0.401232,0.448439,0.503246,0.638057,0.629666,0.435272,0.709506,0.679524,0.403968,0.289898,0.586877,0.289684,0.524694,0.469489,0.376319,0.604282,0.614899,0.0896412,0.297434,0.50318,0.646142,0.63536,0.659072,0.629772,0.435954
0.849474,0.810977,0.821911,0.803007,0.775072,0.728647,0.70417,0.60203,0.56729,0.677735,0.715581,0.668653,0.805942,0.839733,0.805144,0.640795,0.767446,0.676337,0.755304,0.815346,0.837629,0.718159,0.625619,0.879823,0.650609,0.692968,1,0.650238,0.431006,0.481198,0.441452,0.654594,0.639261,0.785704,0.507321,0.521315,0.28469,0.692089,0.737095,0.797047,0.438827,0.543394,0.824807,0.653344,0.862164,0.791364,0.744771,0.685798,0.601758,0.493502,0.56127,0.72989,0.6838,0.709614,0.769528,0.742179,0.62503,0.64338,0.830024,0.249694,0.342736,0.560036,0.803279,0.878132,0.813341,0.556954,0.716914,0.841287,0.484662,0.448113,0.851806,0.677942,0.652846,0.612838,0.493469,0.687734,0.80125,0.336427,0.50204,0.477414,0.605008,0.774807,0.741387,0.756113,0.598576
0.756257,0.676984,0.685927,0.681263,0.691674,0.707641,0.482985,0.593588,0.40833,0.675244,0.687046,0.577596,0.72653,0.726783,0.592319,0.496653,0.76026,0.574374,0.661724,0.668223,0.704201,0.697579,0.519278,0.847643,0.570163,0.689538,0.650238,1,0.120765,0.54251,0.327869,0.477376,0.421572,0.682125,0.383188,0.42863,0.182536,0.53849,0.604198,0.586297,0.373185,0.668758,0.641865,0.464249,0.720161,0.660114,0.587585,0.513803,0.575914,0.492308,0.500195,0.552599,0.517257,0.711466,0.639703,0.563212,0.419421,0.505792,0.615064,0.262781,0.188084,0.448999,0.572735,0.727118,0.701162,0.570486,0.684186,0.689413,0.216239,0.354824,0.627165,0.546502,0.646323,0.475963,0.540213,0.554382,0.63307,0.111312,0.329639,0.34528,0.543746,0.696136,0.589468,0.652748,0.60605
0.277378,0.396458,0.412737,0.385889,0.294556,0.362933,0.181481,0.178411,0.293322,0.148049,0.418433,0.408782,0.318169,0.372353,0.529417,0.215791,0.279307,0.319145,0.298128,0.41945,0.31127,0.301749,0.364597,0.315545,0.301947,0.156781,0.431006,0.120765,1,0.25221,0.171949,0.459454,0.362094,0.359706,0.269187,0.345931,0.195023,0.269104,0.425488,0.435577,0.106078,0.0612067,0.411644,0.285471,0.411841,0.418675,0.392031,0.311025,0.197731,0.186354,0.102906,0.373239,0.382767,0.326682,0.30981,0.297089,0.135203,0.233951,0.379896,-0.00236327,0.238832,0.166684,0.428841,0.439324,0.418112,0.39445,0.200774,0.381682,0.226555,0.383184,0.357311,0.475307,0.448544,0.332045,0.185741,0.337469,0.329618,0.297489,0.364534,0.106327,0.160023,0.314227,0.294146,0.265781,0.300542
0.560599,0.408387,0.481801,0.559933,0.37779,0.338911,0.414,0.396546,0.395499,0.363737,0.455724,0.29319,0.359509,0.451307,0.391571,0.236602,0.421343,0.361342,0.501457,0.405578,0.480531,0.580263,0.39859,0.470941,0.482616,0.513803,0.481198,0.54251,0.25221,1,0.0827789,0.427649,0.420993,0.520219,0.380256,0.277482,0.0710898,0.144387,0.429794,0.343097,0.157159,0.482531,0.395914,0.157204,0.468412,0.331224,0.262242,0.408352,0.292848,0.390297,0.259685,0.393526,0.338964,0.430882,0.408702,0.265937,0.00662189,0.20335,0.424498,0.104196,0.367428,0.176608,0.286552,0.486071,0.458289,0.415668,0.500114,0.416095,0.257662,0.30586,0.36791,0.451848,0.559947,0.38248,0.423548,0.432588,0.57965,-0.0506831,0.170516,0.468061,0.515455,0.441336,0.48013,0.331507,0.518234
0.381597,0.298436,0.307012,0.356331,0.393622,0.232126,0.425583,0.433105,0.31365,0.237947,0.341331,0.266224,0.284946,0.397936,0.348365,0.0915193,0.303253,0.291308,0.198514,0.298753,0.353783,0.248305,0.345089,0.446412,0.0970776,0.351427,0.441452,0.327869,0.171949,0.0827789,1,0.148344,0.112755,0.229567,0.264322,0.457659,0.0435607,0.269098,0.243576,0.166486,0.307046,0.154789,0.198105,0.139751,0.28005,0.32271,0.262305,0.221012,0.452151,0.220349,0.264218,0.314903,0.269653,0.11285,0.181154,0.346157,0.306648,0.1963,0.193139,0.490073,-0.0890556,0.40626,0.303973,0.343125,0.330664,0.112983,0.307265,0.38826,0.104843,0.212836,0.377232,0.291182,0.390948,0.302064,0.406404,0.424521,0.310329,0.187593,0.175369,0.238472,-0.0950925,0.269123,0.134034,0.405818,0.367652
0.619643,0.59114,0.667801,0.633726,0.702805,0.654656,0.422885,0.483924,0.646677,0.55792,0.621699,0.499293,0.594852,0.659564,0.730563,0.43561,0.568673,0.623065,0.658514,0.596327,0.660049,0.650507,0.625188,0.634925,0.535364,0.521221,0.654594,0.477376,0.459454,0.427649,0.148344,1,0.614804,0.691818,0.397526,0.393251,0.40683,0.526491,0.57687,0.557272,0.313379,0.482643,0.621965,0.420259,0.644387,0.588098,0.613645,0.448737,0.494756,0.450963,0.484924,0.618291,0.497563,0.554133,0.553919,0.546723,0.239583,0.372537,0.660332,0.132724,0.454482,0.509489,0.617746,0.652667,0.699945,0.410667,0.620016,0.700691,0.419758,0.525705,0.555884,0.451896,0.575555,0.601164,0.317132,0.401731,0.542002,0.261308,0.397796,0.242483,0.50432,0.506945,0.583699,0.661981,0.576187
0.668486,0.679355,0.750119,0.634305,0.579667,0.574274,0.64031,0.358782,0.623097,0.555946,0.561335,0.538861,0.6267,0.705606,0.678291,0.521214,0.573471,0.498127,0.702513,0.615783,0.697993,0.578706,0.688864,0.620639,0.528476,0.462717,0.639261,0.421572,0.362094,0.420993,0.112755,0.614804,1,0.653928,0.636043,0.372955,0.421698,0.422773,0.717471,0.608038,0.439964,0.589653,0.750343,0.56095,0.685502,0.691124,0.753221,0.762878,0.509215,0.527964,0.330008,0.72764,0.62002,0.587003,0.597915,0.563064,0.424129,0.525169,0.685686,0.358387,0.583281,0.601043,0.644009,0.66848,0.674492,0.418346,0.679921,0.724395,0.688701,0.633474,0.670088,0.449069,0.519511,0.417011,0.373513,0.508119,0.54723,0.2335,0.257928,0.29735,0.536609,0.547345,0.694131,0.52085,0.41428
0.8632,0.789107,0.849503,0.800229,0.713727,0.770961,0.62743,0.532039,0.489906,0.626975,0.759636,0.741259,0.822023,0.819697,0.797678,0.611246,0.820396,0.561344,0.88964,0.829452,0.876818,0.77364,0.68706,0.816022,0.556902,0.609003,0.785704,0.682125,0.359706,0.520219,0.229567,0.691818,0.653928,1,0.539609,0.423091,0.350548,0.567619,0.773496,0.786026,0.55124,0.714354,0.734457,0.518635,0.830958,0.759332,0.717236,0.629755,0.608041,0.534584,0.510129,0.639647,0.630251,0.758048,0.759676,0.707698,0.393724,0.581885,0.788637,0.227446,0.460974,0.521108,0.794072,0.856453,0.840501,0.622486,0.771684,0.867863,0.492523,0.521861,0.834893,0.667436,0.603908,0.541605,0.51749,0.759429,0.747776,0.23685,0.388384,0.412408,0.572573,0.758357,0.73285,0.674164,0.637694
0.543886,0.472147,0.56156,0.499144,0.473583,0.44871,0.602533,0.270614,0.462446,0.303094,0.429635,0.442362,0.525726,0.574752,0.517386,0.453996,0.449826,0.274044,0.512562,0.538596,0.537409,0.444676,0.431788,0.483273,0.397255,0.463946,0.507321,0.383188,0.269187,0.380256,0.264322,0.397526,0.636043,0.539609,1,0.38188,0.24538,0.299029,0.529959,0.47717,0.261042,0.537007,0.591523,0.328504,0.478357,0.536943,0.46432,0.495747,0.453142,0.600171,0.0783388,0.568992,0.470885,0.351588,0.421094,0.533053,0.439385,0.365483,0.515478,0.293785,0.339972,0.258431,0.506799,0.581231,0.516715,0.315056,0.471362,0.583096,0.421948,0.427373,0.462249,0.366093,0.464753,0.297467,0.294443,0.595588,0.532645,0.151119,0.341719,0.345748,0.174086,0.438598,0.556426,0.360078,0.355425
0.512129,0.479023,0.503453,0.505403,0.510708,0.585786,0.503601,0.254779,0.325763,0.291511,0.562956,0.464697,0.578227,0.536305,0.574587,0.501419,0.418247,0.549106,0.36428,0.498225,0.455139,0.326142,0.323078,0.563727,0.417579,0.440871,0.521315,0.42863,0.345931,0.277482,0.457659,0.393251,0.372955,0.423091,0.38188,1,0.22367,0.59381,0.549278,0.444781,0.164176,0.257579,0.580648,0.545,0.519476,0.532742,0.531907,0.448757,0.338802,0.41078,0.0580376,0.559534,0.568268,0.307198,0.551502,0.52203,0.265283,0.53582,0.516987,0.401504,0.289292,0.347011,0.493806,0.595082,0.587711,0.283535,0.338156,0.472054,0.276599,0.247398,0.444563,0.390451,0.569252,0.308444,0.412361,0.350045,0.356062,0.188849,0.0867184,0.150382,0.0755409,0.448621,0.302849,0.484722,0.439452
0.330987,0.422172,0.407662,0.393099,0.360023,0.307594,0.304037,0.379251,0.347521,0.322225,0.470874,0.235986,0.388118,0.356347,0.372734,0.3328,0.446495,0.157112,0.50027,0.454437,0.448083,0.321935,0.457165,0.378003,0.278076,0.0982717,0.28469,0.182536,0.195023,0.0710898,0.0435607,0.40683,0.421698,0.350548,0.24538,0.22367,1,0.444858,0.412873,0.290404,0.441927,0.375697,0.467709,0.362014,0.343603,0.369644,0.488655,0.233157,0.361199,0.2814,0.0421705,0.472511,0.45087,0.342787,0.33751,0.409234,0.0948414,0.319426,0.418379,0.256682,0.0396006,0.507962,0.40225,0.31057,0.453205,0.348773,0.357359,0.452742,0.388244,0.393204,0.317837,0.364446,0.256346,0.41262,0.420155,0.240729,0.373171,0.250561,0.203772,0.228484,0.289294,0.322378,0.229872,0.39298,0.3687
0.636705,0.742108,0.643158,0.611501,0.664143,0.710856,0.431885,0.383023,0.364016,0.552332,0.715654,0.605185,0.745902,0.679577,0.574429,0.685879,0.679393,0.679345,0.530254,0.702541,0.647108,0.50745,0.376988,0.733669,0.472681,0.501418,0.692089,0.53849,0.269104,0.144387,0.269098,0.526491,0.422773,0.567619,0.299029,0.59381,0.444858,1,0.61968,0.660473,0.300795,0.331147,0.731707,0.676832,0.679363,0.70555,0.70744,0.477872,0.400016,0.309473,0.408905,0.629278,0.707024,0.60181,0.706604,0.639421,0.411116,0.673313,0.723235,0.356282,0.173107,0.417398,0.682326,0.739447,0.727331,0.495052,0.466486,0.651804,0.218943,0.357429,0.685012,0.583508,0.326511,0.501629,0.364488,0.408043,0.494982,0.411655,0.425853,0.191558,0.460177,0.618756,0.581273,0.643019,0.469592
0.836473,0.906756,0.931945,0.886681,0.716984,0.648352,0.675461,0.412371,0.511395,0.627094,0.832408,0.74456,0.861173,0.847722,0.771338,0.817892,0.830361,0.523629,0.77809,0.894316,0.880155,0.683654,0.708464,0.784342,0.594202,0.574141,0.737095,0.604198,0.425488,0.429794,0.243576,0.57687,0.717471,0.773496,0.529959,0.549278,0.412873,0.61968,1,0.873454,0.28126,0.599468,0.869528,0.812445,0.908821,0.885562,0.824845,0.626052,0.452109,0.582116,0.281889,0.873601,0.865097,0.773755,0.911775,0.854292,0.408023,0.828079,0.904538,0.446893,0.44443,0.505492,0.818529,0.846841,0.900353,0.534839,0.598391,0.827131,0.580322,0.727477,0.835334,0.701496,0.581859,0.457943,0.576856,0.750983,0.728766,0.321268,0.246572,0.528915,0.555133,0.891291,0.798323,0.538908,0.541301
0.812762,0.852554,0.862348,0.845267,0.729403,0.716224,0.631314,0.331182,0.442808,0.618959,0.776422,0.792539,0.883754,0.828575,0.738017,0.831446,0.847635,0.574336,0.765912,0.894817,0.845918,0.642248,0.53482,0.792874,0.568265,0.627773,0.797047,0.586297,0.435577,0.343097,0.166486,0.557272,0.608038,0.786026,0.47717,0.444781,0.290404,0.660473,0.873454,1,0.28595,0.537817,0.851025,0.775091,0.921554,0.851408,0.803103,0.675252,0.504267,0.473318,0.401857,0.771107,0.826852,0.760884,0.88771,0.80769,0.462062,0.824851,0.909863,0.215399,0.390441,0.420084,0.816436,0.864007,0.842277,0.580417,0.618733,0.791175,0.548823,0.472319,0.84232,0.66443,0.496489,0.373565,0.443716,0.711303,0.723507,0.269493,0.356802,0.474094,0.58215,0.864272,0.819692,0.547705,0.419526
0.449155,0.326991,0.393458,0.37419,0.465068,0.499262,0.367603,0.403542,0.278713,0.411096,0.383985,0.428124,0.44955,0.445278,0.443604,0.0988485,0.510249,0.292778,0.613372,0.475184,0.519413,0.482319,0.392516,0.538935,0.266007,0.280567,0.438827,0.373185,0.106078,0.157159,0.307046,0.313379,0.439964,0.55124,0.261042,0.164176,0.441927,0.300795,0.28126,0.28595,1,0.519135,0.282326,0.0494468,0.416392,0.306441,0.478573,0.475715,0.450467,0.179224,0.333055,0.209574,0.180169,0.424961,0.271833,0.312371,0.273559,0.140353,0.33071,0.247035,0.162386,0.61197,0.541488,0.405899,0.413567,0.45243,0.695333,0.547774,0.296365,0.166389,0.494466,0.313433,0.385389,0.472435,0.54051,0.417282,0.468296,0.307641,0.350058,0.265835,0.35104,0.313233,0.228476,0.561227,0.360752
0.628984,0.584587,0.664156,0.648256,0.595369,0.575318,0.522364,0.366161,0.472237,0.427546,0.523157,0.552507,0.584318,0.674565,0.596235,0.404413,0.667995,0.353507,0.775914,0.660054,0.735188,0.678561,0.634551,0.687453,0.530217,0.567788,0.543394,0.668758,0.0612067,0.482531,0.154789,0.482643,0.589653,0.714354,0.537007,0.257579,0.375697,0.331147,0.599468,0.537817,0.519135,1,0.546941,0.321558,0.643235,0.584178,0.586287,0.549449,0.469359,0.422898,0.249256,0.500598,0.43937,0.687991,0.527093,0.543909,0.277736,0.353786,0.560842,0.258031,0.424237,0.560808,0.598172,0.597445,0.621307,0.497727,0.71026,0.66555,0.301689,0.476554,0.594991,0.472902,0.537916,0.405437,0.466577,0.677643,0.717226,0.195201,0.267861,0.34988,0.509354,0.588463,0.565217,0.527417,0.344704
0.82248,0.892106,0.892258,0.844507,0.753393,0.748543,0.737233,0.455251,0.585289,0.662348,0.794264,0.693741,0.873835,0.865865,0.819474,0.83742,0.81596,0.607721,0.755451,0.859251,0.813448,0.647982,0.615747,0.834057,0.681401,0.621246,0.824807,0.641865,0.411644,0.395914,0.198105,0.621965,0.750343,0.734457,0.591523,0.580648,0.467709,0.731707,0.869528,0.851025,0.282326,0.546941,1,0.869077,0.896179,0.877645,0.827119,0.702897,0.543724,0.666979,0.337703,0.861681,0.853542,0.773857,0.872317,0.802707,0.533167,0.841024,0.908591,0.320085,0.412613,0.483751,0.76723,0.873013,0.843872,0.53273,0.606192,0.818972,0.55916,0.539064,0.800369,0.701302,0.542385,0.472475,0.439363,0.599707,0.694194,0.314968,0.33896,0.445034,0.558441,0.811165,0.806031,0.595548,0.50969
0.677499,0.800815,0.75781,0.680538,0.562637,0.560271,0.580289,0.319639,0.329598,0.527799,0.675019,0.622499,0.799726,0.667642,0.613075,0.887224,0.680864,0.447821,0.554699,0.703598,0.663875,0.458515,0.469513,0.643817,0.478237,0.479552,0.653344,0.464249,0.285471,0.157204,0.139751,0.420259,0.56095,0.518635,0.328504,0.545,0.362014,0.676832,0.812445,0.775091,0.0494468,0.321558,0.869077,1,0.754489,0.780207,0.722998,0.51431,0.343296,0.516104,0.200567,0.797691,0.806511,0.635366,0.868962,0.779506,0.493651,0.930831,0.844382,0.296897,0.311566,0.395916,0.648003,0.724734,0.734531,0.369383,0.351765,0.64213,0.494691,0.533912,0.678128,0.52801,0.366496,0.282478,0.256308,0.453079,0.541553,0.318526,0.265983,0.288568,0.5111,0.789018,0.707061,0.454328,0.323555
0.903957,0.915878,0.949421,0.93846,0.83002,0.784547,0.70615,0.485797,0.563542,0.747003,0.845793,0.806419,0.907386,0.933755,0.856919,0.782082,0.897176,0.662632,0.833472,0.947656,0.924734,0.774822,0.687544,0.915159,0.688189,0.717306,0.862164,0.720161,0.411841,0.468412,0.28005,0.644387,0.685502,0.830958,0.478357,0.519476,0.343603,0.679363,0.908821,0.921554,0.416392,0.643235,0.896179,0.754489,1,0.90478,0.868774,0.748227,0.548696,0.559104,0.471319,0.815777,0.833485,0.847357,0.905738,0.828942,0.47912,0.795862,0.934352,0.350624,0.470746,0.557833,0.875251,0.902068,0.91268,0.643658,0.74302,0.888714,0.547295,0.554664,0.90227,0.73791,0.601042,0.555365,0.59309,0.746639,0.786368,0.366488,0.349179,0.565182,0.661149,0.897805,0.830806,0.663326,0.576428
0.854498,0.910787,0.917414,0.845695,0.790014,0.789637,0.698929,0.506915,0.480758,0.654451,0.815885,0.735069,0.853048,0.887903,0.80091,0.775576,0.803189,0.639109,0.761304,0.881347,0.871958,0.741159,0.744099,0.864677,0.649231,0.631487,0.791364,0.660114,0.418675,0.331224,0.32271,0.588098,0.691124,0.759332,0.536943,0.532742,0.369644,0.70555,0.885562,0.851408,0.306441,0.584178,0.877645,0.780207,0.90478,1,0.891644,0.637375,0.577274,0.600582,0.404682,0.867372,0.882974,0.78914,0.863029,0.847155,0.519014,0.793881,0.865874,0.429072,0.429284,0.549854,0.849937,0.894817,0.922255,0.653322,0.679237,0.897724,0.583493,0.652094,0.873246,0.71778,0.551342,0.521821,0.508222,0.686492,0.722774,0.435687,0.441904,0.402882,0.579804,0.844023,0.832224,0.655267,0.533216
0.828691,0.854351,0.885075,0.790234,0.809024,0.806762,0.659533,0.512958,0.479423,0.671382,0.814258,0.770977,0.84356,0.865623,0.737473,0.702972,0.795804,0.708335,0.762663,0.823833,0.843224,0.71677,0.676861,0.858009,0.570338,0.622565,0.744771,0.587585,0.392031,0.262242,0.262305,0.613645,0.753221,0.717236,0.46432,0.531907,0.488655,0.70744,0.824845,0.803103,0.478573,0.586287,0.827119,0.722998,0.868774,0.891644,1,0.714275,0.597762,0.511807,0.428266,0.835369,0.817741,0.742128,0.768686,0.804104,0.470565,0.724392,0.818554,0.413981,0.47812,0.634709,0.845425,0.826962,0.870253,0.670479,0.746094,0.877981,0.618092,0.601766,0.830357,0.616661,0.578008,0.601765,0.486688,0.591521,0.705273,0.465971,0.3716,0.33946,0.62636,0.770529,0.754044,0.732668,0.53226
0.707091,0.693562,0.708066,0.653284,0.593963,0.67337,0.54673,0.292271,0.565962,0.567007,0.540113,0.67584,0.688383,0.776152,0.657323,0.590225,0.627548,0.598362,0.633097,0.639387,0.640072,0.464343,0.522767,0.692404,0.463315,0.639264,0.685798,0.513803,0.311025,0.408352,0.221012,0.448737,0.762878,0.629755,0.495747,0.448757,0.233157,0.477872,0.626052,0.675252,0.475715,0.549449,0.702897,0.51431,0.748227,0.637375,0.714275,1,0.501663,0.280213,0.500792,0.54692,0.595711,0.528396,0.605008,0.564356,0.510079,0.558128,0.678079,0.214494,0.556047,0.564797,0.631826,0.671301,0.625148,0.416039,0.712621,0.702355,0.544882,0.325731,0.711817,0.424167,0.409103,0.277728,0.404388,0.585904,0.515968,0.203153,0.178342,0.443833,0.516014,0.544291,0.655991,0.533187,0.320383
0.652288,0.522644,0.581115,0.515694,0.654275,0.561583,0.593538,0.713099,0.443268,0.536733,0.558984,0.454375,0.585127,0.620741,0.611126,0.417208,0.587072,0.436279,0.565457,0.496003,0.639788,0.485397,0.547193,0.668662,0.318488,0.491982,0.601758,0.575914,0.197731,0.292848,0.452151,0.494756,0.509215,0.608041,0.453142,0.338802,0.361199,0.400016,0.452109,0.504267,0.450467,0.469359,0.543724,0.343296,0.548696,0.577274,0.597762,0.501663,1,0.525762,0.456896,0.58454,0.494376,0.356631,0.420685,0.583223,0.524911,0.40754,0.511556,0.155293,0.20045,0.53101,0.500125,0.578818,0.610663,0.377574,0.71961,0.663672,0.591834,0.242885,0.532409,0.378791,0.466731,0.452139,0.366215,0.502747,0.508319,0.0462554,0.324256,0.356191,0.299864,0.490447,0.409662,0.694506,0.484084
0.646096,0.537348,0.656994,0.622255,0.58045,0.476943,0.742493,0.484223,0.357773,0.514922,0.585727,0.373195,0.569874,0.565845,0.62179,0.488687,0.551985,0.280282,0.573374,0.54573,0.620558,0.583204,0.492442,0.544979,0.428634,0.43415,0.493502,0.492308,0.186354,0.390297,0.220349,0.450963,0.527964,0.534584,0.600171,0.41078,0.2814,0.309473,0.582116,0.473318,0.179224,0.422898,0.666979,0.516104,0.559104,0.600582,0.511807,0.280213,0.525762,1,0.0797979,0.7095,0.548928,0.52021,0.545447,0.589921,0.283549,0.519204,0.591966,0.429931,0.315814,0.22323,0.434711,0.604456,0.603051,0.369413,0.466551,0.607821,0.47541,0.479436,0.466666,0.439726,0.493861,0.42288,0.27678,0.460661,0.499045,0.0683595,0.226648,0.355308,0.227362,0.518079,0.555699,0.386057,0.491357
0.561008,0.451525,0.436533,0.37015,0.585144,0.532638,0.20398,0.529414,0.291551,0.678239,0.359443,0.493858,0.452531,0.565163,0.347735,0.272407,0.487528,0.538526,0.393074,0.378433,0.433329,0.446165,0.327893,0.546273,0.155446,0.614605,0.56127,0.500195,0.102906,0.259685,0.264218,0.484924,0.330008,0.510129,0.0783388,0.0580376,0.0421705,0.408905,0.281889,0.401857,0.333055,0.249256,0.337703,0.200567,0.471319,0.404682,0.428266,0.500792,0.456896,0.0797979,1,0.261027,0.225162,0.38503,0.312781,0.378095,0.336089,0.183812,0.379741,-0.0148818,0.253232,0.345085,0.329828,0.439328,0.414432,0.271407,0.605715,0.53769,0.280578,0.173273,0.469631,0.216704,0.267679,0.391704,0.209077,0.332165,0.276498,0.0318475,0.193806,0.2011,0.521102,0.323481,0.41918,0.543111,0.408509
0.799868,0.838466,0.868366,0.829108,0.742481,0.591495,0.773636,0.54091,0.564651,0.583871,0.828626,0.594003,0.784131,0.77974,0.707966,0.759063,0.736563,0.572657,0.682081,0.793034,0.814955,0.687612,0.678856,0.768152,0.589552,0.528813,0.72989,0.552599,0.373239,0.393526,0.314903,0.618291,0.72764,0.639647,0.568992,0.559534,0.472511,0.629278,0.873601,0.771107,0.209574,0.500598,0.861681,0.797691,0.815777,0.867372,0.835369,0.54692,0.58454,0.7095,0.261027,1,0.889743,0.64448,0.801502,0.802025,0.458812,0.787476,0.841928,0.534604,0.337857,0.464808,0.758355,0.835722,0.890572,0.479435,0.578673,0.808259,0.630769,0.695939,0.738702,0.662956,0.610633,0.570456,0.438558,0.623798,0.720156,0.346476,0.332211,0.449583,0.49158,0.807285,0.776189,0.630414,0.581346
0.772815,0.853259,0.839335,0.849545,0.647369,0.599087,0.683512,0.388983,0.473166,0.516405,0.819623,0.632982,0.788859,0.765031,0.66884,0.799804,0.748384,0.555066,0.668434,0.840095,0.784315,0.622889,0.603614,0.744229,0.582702,0.498891,0.6838,0.517257,0.382767,0.338964,0.269653,0.497563,0.62002,0.630251,0.470885,0.568268,0.45087,0.707024,0.865097,0.826852,0.180169,0.43937,0.853542,0.806511,0.833485,0.882974,0.817741,0.595711,0.494376,0.548928,0.225162,0.889743,1,0.653483,0.846163,0.758003,0.377843,0.857765,0.852729,0.478786,0.329913,0.421077,0.769613,0.823195,0.859421,0.548481,0.525052,0.757404,0.576927,0.552642,0.787901,0.698141,0.402109,0.408343,0.456761,0.601101,0.649801,0.392098,0.322119,0.446089,0.473688,0.806145,0.791124,0.53638,0.480778
