1,0.796759,0.943488,0.792676,0.757832,0.791963,0.687262,0.767775,0.675763,0.778694,0.789274,0.76929,0.847607,0.781936,0.594796,0.742685,0.851523,0.660305,0.729523,0.788705,0.852499,0.709783,0.749913,0.830868,0.707751,0.71756,0.795348,0.675484,0.722741,0.486046,0.583508,0.647989,0.755102,0.825265,0.765675,0.478397,0.199554,0.655419,0.845548,0.691702,0.617904,0.62531,0.917088,0.789761,0.941724,0.828182,0.825261,0.750676,0.762303,0.587904,0.624444,0.709311,0.825025,0.716807,0.767043,0.852861,0.605379,0.759563,0.899984,0.591162,0.409937,0.758862,0.729299,0.75703,0.876146,0.769068,0.729735,0.755841,0.654114,0.639548,0.780343,0.647675,0.464735,0.627374,0.511255,0.697962,0.860727,0.617422,0.353069,0.0701885,0.590328,0.779185,0.750209,0.497845,0.804621
0.796759,1,0.746946,0.737467,0.754595,0.740877,0.727933,0.663665,0.616143,0.738067,0.792603,0.802499,0.874591,0.74793,0.532705,0.911304,0.747138,0.532153,0.709544,0.839367,0.818605,0.591644,0.594015,0.63277,0.478764,0.6093,0.78752,0.611131,0.597352,0.511427,0.536677,0.50959,0.679276,0.795338,0.703509,0.269633,0.198145,0.559905,0.865052,0.785748,0.474262,0.588752,0.756141,0.842954,0.777406,0.725984,0.74592,0.652637,0.756145,0.572266,0.580291,0.729522,0.814131,0.720509,0.790591,0.74712,0.576722,0.901573,0.815446,0.363592,0.326416,0.547455,0.679096,0.750557,0.827737,0.733706,0.591303,0.562934,0.487677,0.586613,0.809771,0.691577,0.585648,0.586436,0.356422,0.737199,0.735832,0.608916,0.496273,0.24793,0.553755,0.798372,0.817761,0.510394,0.683836
0.943488,0.746946,1,0.855013,0.81521,0.832822,0.625837,0.77086,0.646583,0.789871,0.820752,0.776946,0.844652,0.681352,0.60639,0.632587,0.850129,0.650356,0.763479,0.775196,0.861437,0.786037,0.776712,0.847142,0.671356,0.731059,0.759477,0.666672,0.663413,0.486647,0.548991,0.70221,0.737645,0.79708,0.760336,0.43322,0.285925,0.613413,0.810566,0.632389,0.601575,0.628977,0.907917,0.693974,0.956312,0.814204,0.786752,0.734873,0.736759,0.549583,0.624341,0.747503,0.833849,0.74942,0.76098,0.790213,0.587329,0.664909,0.882092,0.596238,0.399491,0.810734,0.737587,0.742976,0.846439,0.805063,0.822994,0.800098,0.702441,0.62175,0.812458,0.553636,0.427847,0.64569,0.542958,0.680056,0.825272,0.593974,0.36198,0.14,0.620316,0.723872,0.675095,0.502632,0.858998
0.792676,0.737467,0.855013,1,0.842611,0.845967,0.645049,0.661193,0.658539,0.725097,0.779992,0.674582,0.744192,0.62375,0.704381,0.637958,0.681385,0.728861,0.747427,0.73974,0.805518,0.71585,0.741563,0.847889,0.637585,0.6623,0.777784,0.656338,0.635363,0.406746,0.530868,0.62246,0.70114,0.713516,0.611767,0.460701,0.33117,0.60976,0.724004,0.639314,0.588543,0.70369,0.873627,0.640125,0.863839,0.746552,0.783522,0.784147,0.769377,0.603592,0.707163,0.79866,0.773046,0.718557,0.716122,0.741455,0.745124,0.609585,0.820899,0.535689,0.304991,0.732155,0.75003,0.729256,0.807295,0.761239,0.826882,0.82899,0.600246,0.66468,0.818975,0.609734,0.425451,0.577905,0.452516,0.692222,0.701043,0.520291,0.348224,0.183523,0.652965,0.691611,0.650499,0.457585,0.820571
0.757832,0.754595,0.81521,0.842611,1,0.860087,0.701278,0.672163,0.659647,0.663965,0.766808,0.655121,0.733474,0.519321,0.472734,0.653449,0.586615,0.690315,0.844503,0.871646,0.823631,0.70587,0.784845,0.811616,0.581969,0.756147,0.879154,0.597104,0.672702,0.644511,0.557609,0.680432,0.693045,0.779413,0.74877,0.336872,0.443503,0.605795,0.75703,0.671812,0.625985,0.740474,0.80907,0.63678,0.834448,0.759581,0.829067,0.724142,0.827626,0.514903,0.724665,0.744305,0.746657,0.748018,0.770867,0.654008,0.648832,0.618447,0.806026,0.459654,0.409594,0.707788,0.801168,0.780564,0.820574,0.822971,0.79535,0.780525,0.578498,0.682422,0.89998,0.679451,0.560758,0.664542,0.40583,0.803235,0.753024,0.648579,0.477833,0.142558,0.650229,0.74284,0.748922,0.560579,0.835715
0.791963,0.740877,0.832822,0.845967,0.860087,1,0.608983,0.650068,0.674867,0.656954,0.735388,0.630316,0.683327,0.591976,0.634957,0.584357,0.62889,0.709665,0.748929,0.733206,0.730975,0.633632,0.743974,0.804866,0.497736,0.663439,0.787974,0.681003,0.652516,0.487733,0.545072,0.562962,0.652453,0.654335,0.678331,0.45678,0.354108,0.598713,0.688663,0.638593,0.573563,0.629314,0.84757,0.68832,0.873026,0.711847,0.761061,0.647082,0.804412,0.499697,0.61637,0.717228,0.835338,0.68559,0.715903,0.728604,0.678211,0.59613,0.810634,0.4383,0.25588,0.690569,0.679115,0.665833,0.751109,0.713238,0.785929,0.762427,0.626854,0.540731,0.764485,0.556192,0.481054,0.639984,0.415641,0.723525,0.731259,0.518312,0.396218,0.131793,0.657011,0.653837,0.62509,0.495865,0.753595
0.687262,0.727933,0.625837,0.645049,0.701278,0.608983,1,0.777501,0.44985,0.641285,0.685303,0.480982,0.649652,0.70795,0.366258,0.709876,0.619117,0.480947,0.646959,0.717619,0.640604,0.506076,0.607923,0.612156,0.510437,0.523683,0.80762,0.552549,0.577236,0.459725,0.316236,0.572061,0.635788,0.655059,0.504367,0.0596439,0.342831,0.492466,0.660765,0.651401,0.566339,0.543658,0.714483,0.697185,0.701915,0.767365,0.735683,0.673984,0.659448,0.642733,0.58536,0.663294,0.678703,0.57099,0.619897,0.76459,0.668375,0.679487,0.711311,0.291533,0.104881,0.475197,0.634443,0.586128,0.650501,0.594779,0.495796,0.525592,0.38545,0.620122,0.711382,0.639888,0.46807,0.436359,0.259634,0.56125,0.605322,0.584209,0.333621,0.142398,0.503574,0.676997,0.761395,0.331041,0.736536
0.767775,0.663665,0.77086,0.661193,0.672163,0.650068,0.777501,1,0.421939,0.650741,0.736319,0.592663,0.693211,0.629427,0.5058,0.580219,0.71481,0.436589,0.63619,0.677428,0.668353,0.634023,0.630793,0.672964,0.499984,0.657148,0.693887,0.645382,0.503055,0.413388,0.343911,0.628447,0.642429,0.675727,0.542813,0.199565,0.27412,0.496052,0.624091,0.4678,0.469573,0.558744,0.739981,0.622544,0.746015,0.69713,0.623802,0.636612,0.615386,0.701088,0.534922,0.69799,0.698548,0.558121,0.559116,0.727557,0.58767,0.604526,0.711536,0.497593,0.343582,0.573386,0.62038,0.584742,0.662085,0.631327,0.598369,0.621258,0.470567,0.643165,0.717221,0.508013,0.425046,0.423233,0.400453,0.458598,0.594627,0.525073,0.194268,0.050768,0.51345,0.577375,0.599542,0.342485,0.799641
0.675763,0.616143,0.646583,0.658539,0.659647,0.674867,0.44985,0.421939,1,0.420603,0.464506,0.686336,0.663373,0.536125,0.367762,0.603161,0.606613,0.841881,0.657139,0.613283,0.701989,0.663366,0.671649,0.781992,0.648198,0.538973,0.700558,0.44409,0.578656,0.513587,0.652249,0.564204,0.732618,0.638276,0.675068,0.393566,0.278526,0.709286,0.691216,0.634595,0.448275,0.686307,0.69605,0.637195,0.71088,0.634243,0.778162,0.684641,0.717181,0.537823,0.734999,0.498239,0.597133,0.655273,0.686394,0.594879,0.590656,0.594108,0.725761,0.435229,0.260725,0.676736,0.631596,0.715366,0.749528,0.636063,0.719345,0.750247,0.678746,0.57815,0.643857,0.572003,0.23166,0.590267,0.480129,0.613297,0.701048,0.457133,0.38627,0.0920778,0.721598,0.636133,0.580661,0.233744,0.623155
0.778694,0.738067,0.789871,0.725097,0.663965,0.656954,0.641285,0.650741,0.420603,1,0.894984,0.767493,0.852321,0.654532,0.577884,0.728202,0.730712,0.455882,0.702666,0.748954,0.767927,0.59924,0.538726,0.615517,0.504536,0.627125,0.676823,0.528264,0.56686,0.273216,0.525708,0.53791,0.586208,0.76851,0.608608,0.219388,0.10216,0.486933,0.78477,0.649124,0.501489,0.530661,0.757116,0.677659,0.80907,0.684902,0.614012,0.550155,0.589077,0.411218,0.414913,0.762001,0.74657,0.726444,0.774911,0.699715,0.475849,0.731253,0.826865,0.526127,0.252939,0.610361,0.58756,0.696883,0.747279,0.652788,0.600233,0.488957,0.508444,0.477841,0.732087,0.58341,0.501999,0.526528,0.290794,0.623705,0.655093,0.587914,0.284362,0.0472212,0.459502,0.730398,0.675257,0.516352,0.706874
0.789274,0.792603,0.820752,0.779992,0.766808,0.735388,0.685303,0.736319,0.464506,0.894984,1,0.722579,0.830947,0.636924,0.529238,0.747272,0.72866,0.489083,0.782582,0.825528,0.820861,0.636602,0.59212,0.663174,0.496863,0.642186,0.783047,0.513161,0.611047,0.426392,0.489754,0.627979,0.6615,0.800676,0.637965,0.290555,0.234902,0.521263,0.8232,0.716507,0.536464,0.670661,0.774813,0.676634,0.807151,0.693817,0.700149,0.609962,0.665229,0.544127,0.57234,0.829078,0.801527,0.707195,0.774555,0.742094,0.527244,0.754887,0.836509,0.469626,0.334426,0.649807,0.69953,0.717113,0.791147,0.731394,0.630921,0.590758,0.531488,0.570938,0.80042,0.622602,0.539097,0.518294,0.335509,0.696098,0.721027,0.625572,0.42877,0.16006,0.542102,0.760834,0.725489,0.583784,0.777228
0.76929,0.802499,0.776946,0.674582,0.655121,0.630316,0.480982,0.592663,0.686336,0.767493,0.722579,1,0.947096,0.572336,0.49716,0.7755,0.80177,0.571467,0.756634,0.78251,0.864901,0.745784,0.622306,0.665893,0.613187,0.617139,0.668716,0.489056,0.555533,0.457248,0.648311,0.551696,0.701173,0.80131,0.742049,0.278775,0.0289647,0.526406,0.857688,0.687333,0.444591,0.530707,0.690971,0.706564,0.77689,0.658356,0.623838,0.603139,0.662328,0.436382,0.553552,0.632321,0.682422,0.856961,0.850566,0.576973,0.501045,0.785042,0.81814,0.552095,0.315846,0.684646,0.730909,0.866236,0.872217,0.752811,0.720468,0.587491,0.591772,0.58023,0.777879,0.605993,0.435826,0.658605,0.544534,0.673151,0.713791,0.593007,0.317309,0.142762,0.622854,0.76272,0.70456,0.474033,0.658192
0.847607,0.874591,0.844652,0.744192,0.733474,0.683327,0.649652,0.693211,0.663373,0.852321,0.830947,0.947096,1,0.684519,0.540745,0.859211,0.84493,0.598476,0.796816,0.844806,0.903047,0.732359,0.689047,0.730719,0.647742,0.650841,0.77096,0.56026,0.658745,0.460451,0.653799,0.628979,0.758552,0.863565,0.766468,0.24688,0.181363,0.58647,0.92197,0.740442,0.533219,0.5951,0.779649,0.774078,0.850018,0.768501,0.742997,0.690853,0.723647,0.542539,0.588141,0.738081,0.759802,0.842545,0.870048,0.690703,0.529342,0.851617,0.886587,0.509326,0.355212,0.703755,0.736227,0.856574,0.906016,0.797185,0.729061,0.642073,0.610562,0.655776,0.824369,0.679597,0.48159,0.657515,0.488712,0.742248,0.761201,0.667091,0.39054,0.193923,0.599754,0.818915,0.782727,0.49969,0.742096
0.781936,0.74793,0.681352,0.62375,0.519321,0.591976,0.70795,0.629427,0.536125,0.654532,0.636924,0.572336,0.684519,1,0.617893,0.73936,0.766389,0.558996,0.445308,0.53575,0.5964,0.371027,0.490916,0.621709,0.436638,0.408229,0.64294,0.620359,0.560481,0.363209,0.497176,0.424614,0.553259,0.657017,0.506363,0.131066,0.126837,0.517262,0.654361,0.555904,0.522547,0.561754,0.808372,0.912641,0.757356,0.676636,0.745695,0.660692,0.625857,0.574011,0.471083,0.605829,0.670771,0.471192,0.59805,0.877425,0.557512,0.786983,0.749205,0.282376,0.0848433,0.486845,0.491003,0.502968,0.631106,0.521676,0.466165,0.500429,0.472507,0.427722,0.547535,0.497537,0.35736,0.387033,0.315787,0.468383,0.641034,0.398851,0.304361,0.0367188,0.367302,0.523065,0.588844,0.256972,0.62184
0.594796,0.532705,0.60639,0.704381,0.472734,0.634957,0.366258,0.5058,0.367762,0.577884,0.529238,0.49716,0.540745,0.617893,1,0.411803,0.508883,0.426224,0.347411,0.383182,0.448193,0.367921,0.455236,0.595748,0.390497,0.373422,0.450428,0.608449,0.359916,0.133164,0.406841,0.245653,0.403655,0.435919,0.24416,0.255284,0.197557,0.321721,0.453569,0.345094,0.445765,0.394717,0.661543,0.561624,0.637967,0.447978,0.45403,0.50566,0.520754,0.419784,0.337055,0.480035,0.498376,0.427452,0.366113,0.607744,0.51518,0.387874,0.527059,0.426546,0.101959,0.477644,0.416951,0.42177,0.497472,0.437721,0.567823,0.53963,0.388736,0.400622,0.45123,0.325581,0.299725,0.356764,0.21065,0.425508,0.442104,0.251675,0.131516,0.0624098,0.237598,0.336797,0.357945,0.212404,0.46375
0.742685,0.911304,0.632587,0.637958,0.653449,0.584357,0.709876,0.580219,0.603161,0.728202,0.747272,0.7755,0.859211,0.73936,0.411803,1,0.68781,0.525346,0.708645,0.827276,0.799179,0.530411,0.506078,0.568112,0.533439,0.514963,0.769344,0.497986,0.67478,0.445578,0.569909,0.429205,0.677075,0.815369,0.694407,0.226049,0.0800697,0.605265,0.875241,0.824684,0.475092,0.613145,0.687708,0.810861,0.70637,0.7188,0.759434,0.647097,0.733892,0.555906,0.568096,0.682831,0.711022,0.681893,0.803782,0.681037,0.518021,0.957727,0.799602,0.316945,0.3131,0.490394,0.666377,0.780991,0.831667,0.691413,0.492802,0.474073,0.433374,0.633242,0.755815,0.732676,0.586228,0.556235,0.331792,0.773683,0.729079,0.627369,0.485161,0.109235,0.568894,0.839781,0.836201,0.503068,0.633682
0.851523,0.747138,0.850129,0.681385,0.586615,0.62889,0.619117,0.71481,0.606613,0.730712,0.72866,0.80177,0.84493,0.766389,0.508883,0.68781,1,0.581917,0.655067,0.6707,0.778722,0.65905,0.681166,0.739793,0.587183,0.580386,0.653145,0.576151,0.555858,0.462543,0.507153,0.65335,0.643625,0.733494,0.649999,0.176793,0.0372855,0.468748,0.760313,0.581165,0.557097,0.547601,0.811593,0.798978,0.850438,0.691056,0.733533,0.714385,0.554647,0.569405,0.471823,0.692987,0.751871,0.671848,0.722607,0.756343,0.568317,0.744018,0.816339,0.538214,0.27047,0.621649,0.677428,0.681552,0.785985,0.70302,0.705988,0.667555,0.610536,0.510033,0.689124,0.467462,0.350257,0.464507,0.649969,0.513894,0.689966,0.378365,0.227423,0.108638,0.520733,0.624656,0.627899,0.365477,0.716622
0.660305,0.532153,0.650356,0.728861,0.690315,0.709665,0.480947,0.436589,0.841881,0.455882,0.489083,0.571467,0.598476,0.558996,0.426224,0.525346,0.581917,1,0.651554,0.580726,0.687294,0.536995,0.744656,0.873852,0.655835,0.568395,0.728925,0.567695,0.613689,0.424919,0.600564,0.590852,0.59387,0.59336,0.565306,0.409019,0.297982,0.640156,0.586326,0.510241,0.547063,0.72767,0.745463,0.654645,0.731631,0.584618,0.81428,0.781577,0.719489,0.523385,0.670965,0.650417,0.612184,0.680111,0.719617,0.633671,0.709767,0.511921,0.768973,0.509446,0.191555,0.724124,0.628088,0.666693,0.720892,0.692824,0.761692,0.819988,0.68429,0.568882,0.638348,0.628827,0.204187,0.502621,0.471952,0.586119,0.587619,0.37865,0.298966,0.0629264,0.708836,0.56041,0.475175,0.213954,0.618835
0.729523,0.709544,0.763479,0.747427,0.844503,0.748929,0.646959,0.63619,0.657139,0.702666,0.782582,0.756634,0.796816,0.445308,0.347411,0.708645,0.655067,0.651554,1,0.881163,0.862412,0.737804,0.790182,0.756852,0.651107,0.69949,0.864361,0.44001,0.748378,0.55317,0.502887,0.615692,0.731313,0.811461,0.747398,0.304054,0.302547,0.600474,0.844008,0.777482,0.601259,0.706634,0.73952,0.582782,0.809534,0.771988,0.767091,0.701732,0.729991,0.435813,0.633599,0.747269,0.754216,0.825987,0.858035,0.575056,0.601382,0.67363,0.846153,0.476325,0.328533,0.713501,0.870096,0.873863,0.884836,0.831549,0.807786,0.708129,0.617958,0.709433,0.897442,0.691204,0.598116,0.744322,0.480027,0.808513,0.74925,0.673098,0.49973,0.12844,0.717115,0.827986,0.81181,0.658651,0.76239
0.788705,0.839367,0.775196,0.73974,0.871646,0.733206,0.717619,0.677428,0.613283,0.748954,0.825528,0.78251,0.844806,0.53575,0.383182,0.827276,0.6707,0.580726,0.881163,1,0.912155,0.706993,0.710353,0.721214,0.660848,0.738927,0.890428,0.518933,0.732898,0.571384,0.53688,0.622866,0.756006,0.876419,0.770026,0.380464,0.220964,0.614135,0.89619,0.835263,0.564084,0.687164,0.736858,0.678734,0.802698,0.764175,0.782285,0.708296,0.762793,0.494742,0.677155,0.740005,0.779619,0.814682,0.854625,0.655598,0.590588,0.789949,0.829201,0.492208,0.479121,0.675558,0.830236,0.911557,0.917443,0.837643,0.706425,0.675359,0.579981,0.768895,0.927756,0.81948,0.683291,0.730435,0.407919,0.871199,0.835925,0.729337,0.518106,0.1401,0.668841,0.913088,0.892085,0.656821,0.746191
0.852499,0.818605,0.861437,0.805518,0.823631,0.730975,0.640604,0.668353,0.701989,0.767927,0.820861,0.864901,0.903047,0.5964,0.448193,0.799179,0.778722,0.687294,0.862412,0.912155,1,0.785369,0.747899,0.807377,0.725839,0.715426,0.850664,0.521039,0.74154,0.519629,0.612715,0.709427,0.791133,0.874183,0.828704,0.423585,0.194148,0.636093,0.922434,0.773823,0.608594,0.683655,0.816147,0.706437,0.865389,0.786502,0.825228,0.752295,0.747674,0.527634,0.716043,0.750888,0.81346,0.845621,0.88155,0.674037,0.618429,0.794881,0.900758,0.57482,0.476796,0.772987,0.846316,0.905751,0.954731,0.837595,0.783902,0.759466,0.665819,0.742554,0.879076,0.757853,0.52428,0.715937,0.532866,0.812769,0.836982,0.679853,0.445532,0.148351,0.71916,0.881793,0.82194,0.583708,0.760352
0.709783,0.591644,0.786037,0.71585,0.70587,0.633632,0.506076,0.634023,0.663366,0.59924,0.636602,0.745784,0.732359,0.371027,0.367921,0.530411,0.65905,0.536995,0.737804,0.706993,0.785369,1,0.655182,0.704145,0.61978,0.610246,0.621836,0.561125,0.472277,0.450456,0.494435,0.653394,0.743715,0.647051,0.622167,0.336957,0.258178,0.633724,0.740458,0.604724,0.344336,0.538609,0.687922,0.435161,0.737976,0.718181,0.634598,0.659333,0.628379,0.504336,0.640105,0.586245,0.660042,0.71777,0.664795,0.531847,0.506812,0.528275,0.695775,0.612571,0.46825,0.63027,0.771483,0.772742,0.756884,0.744836,0.783364,0.70682,0.574307,0.672166,0.774252,0.482437,0.279818,0.614289,0.550091,0.58994,0.682496,0.615162,0.262562,0.110603,0.684892,0.702006,0.640026,0.45698,0.762503
0.749913,0.594015,0.776712,0.741563,0.784845,0.743974,0.607923,0.630793,0.671649,0.538726,0.59212,0.622306,0.689047,0.490916,0.455236,0.506078,0.681166,0.744656,0.790182,0.710353,0.747899,0.655182,1,0.903845,0.735389,0.700384,0.817819,0.629405,0.726645,0.492944,0.534981,0.67734,0.641053,0.64112,0.623412,0.357424,0.459086,0.595884,0.717251,0.541387,0.641583,0.609336,0.803031,0.602816,0.816208,0.731212,0.77439,0.81145,0.678817,0.466131,0.595486,0.68892,0.706305,0.742726,0.732904,0.623548,0.659244,0.497172,0.790321,0.579905,0.340462,0.755983,0.740772,0.741769,0.810869,0.804209,0.890216,0.874778,0.659631,0.68011,0.781759,0.658891,0.386683,0.646638,0.533335,0.637494,0.659546,0.556162,0.354163,0.221242,0.57192,0.613901,0.644985,0.459579,0.737166
0.830868,0.63277,0.847142,0.847889,0.811616,0.804866,0.612156,0.672964,0.781992,0.615517,0.663174,0.665893,0.730719,0.621709,0.595748,0.568112,0.739793,0.873852,0.756852,0.721214,0.807377,0.704145,0.903845,1,0.768763,0.748029,0.8258,0.678343,0.714753,0.524567,0.618723,0.729548,0.72933,0.720982,0.631795,0.432886,0.394878,0.662545,0.737015,0.569823,0.65951,0.749631,0.887653,0.691788,0.887946,0.747344,0.867017,0.884551,0.771986,0.596424,0.709073,0.722227,0.732613,0.731577,0.727855,0.743677,0.738472,0.570573,0.841712,0.62592,0.35379,0.827089,0.743145,0.755998,0.844896,0.807968,0.890288,0.961416,0.750978,0.715286,0.771371,0.68549,0.324699,0.58532,0.536497,0.664673,0.74547,0.487655,0.323561,0.129139,0.655069,0.646636,0.631403,0.348846,0.784351
0.707751,0.478764,0.671356,0.637585,0.581969,0.497736,0.510437,0.499984,0.648198,0.504536,0.496863,0.613187,0.647742,0.436638,0.390497,0.533439,0.587183,0.655835,0.651107,0.660848,0.725839,0.61978,0.735389,0.768763,1,0.552867,0.695831,0.467286,0.620592,0.3433,0.438496,0.501248,0.630029,0.608175,0.522249,0.465867,0.191907,0.578515,0.700913,0.592504,0.515425,0.521473,0.639863,0.45277,0.696262,0.711901,0.664946,0.758446,0.645136,0.512308,0.654618,0.539436,0.552901,0.667792,0.616495,0.539254,0.543823,0.481454,0.669116,0.641693,0.314551,0.75915,0.660264,0.749153,0.777577,0.731011,0.67919,0.744769,0.647143,0.751796,0.688968,0.662861,0.285378,0.585925,0.410786,0.595764,0.668055,0.588587,0.373685,0.119474,0.581598,0.675979,0.617797,0.341567,0.630884
0.71756,0.6093,0.731059,0.6623,0.756147,0.663439,0.523683,0.657148,0.538973,0.627125,0.642186,0.617139,0.650841,0.408229,0.373422,0.514963,0.580386,0.568395,0.69949,0.738927,0.715426,0.610246,0.700384,0.748029,0.552867,1,0.683335,0.464062,0.588942,0.429397,0.463176,0.666328,0.631523,0.744028,0.583939,0.397991,0.265462,0.481752,0.669024,0.53484,0.364478,0.582263,0.683486,0.523734,0.71722,0.586288,0.582227,0.618187,0.656974,0.3446,0.486055,0.643691,0.616945,0.629068,0.634344,0.574979,0.481481,0.547043,0.716877,0.594219,0.562588,0.655363,0.566737,0.685606,0.726427,0.665431,0.64226,0.703199,0.50855,0.636594,0.747031,0.677031,0.455505,0.540053,0.323605,0.532613,0.695489,0.488672,0.161946,0.00622711,0.498265,0.668427,0.657029,0.322957,0.634941
0.795348,0.78752,0.759477,0.777784,0.879154,0.787974,0.80762,0.693887,0.700558,0.676823,0.783047,0.668716,0.77096,0.64294,0.450428,0.769344,0.653145,0.728925,0.864361,0.890428,0.850664,0.621836,0.817819,0.8258,0.695831,0.683335,1,0.578008,0.789333,0.555114,0.528668,0.644168,0.760064,0.817485,0.722472,0.327554,0.402433,0.635733,0.847166,0.784161,0.677324,0.721032,0.815354,0.743625,0.835499,0.813817,0.874657,0.790889,0.818961,0.586884,0.800834,0.765736,0.783321,0.75657,0.818823,0.734411,0.734344,0.734626,0.872136,0.457533,0.31254,0.728125,0.829864,0.835654,0.886724,0.80986,0.733057,0.764851,0.587496,0.786133,0.877444,0.82917,0.579334,0.692231,0.419163,0.814675,0.791313,0.709914,0.557119,0.141809,0.669582,0.816062,0.853782,0.511273,0.800976
0.675484,0.611131,0.666672,0.656338,0.597104,0.681003,0.552549,0.645382,0.44409,0.528264,0.513161,0.489056,0.56026,0.620359,0.608449,0.497986,0.576151,0.567695,0.44001,0.518933,0.521039,0.561125,0.629405,0.678343,0.467286,0.464062,0.578008,1,0.398905,0.269553,0.397407,0.337019,0.386948,0.43359,0.41337,0.332569,0.268423,0.597616,0.521035,0.375304,0.399915,0.409389,0.717519,0.625415,0.69175,0.638807,0.6119,0.682814,0.614422,0.538248,0.426562,0.660377,0.711568,0.525291,0.526601,0.668509,0.616782,0.515162,0.646372,0.556707,0.283742,0.479727,0.474287,0.487532,0.568422,0.672957,0.612543,0.622163,0.453335,0.496365,0.603897,0.462598,0.22402,0.392333,0.331187,0.439837,0.4423,0.421382,0.303137,0.0343256,0.432113,0.418608,0.425557,0.285262,0.651595
0.722741,0.597352,0.663413,0.635363,0.672702,0.652516,0.577236,0.503055,0.578656,0.56686,0.611047,0.555533,0.658745,0.560481,0.359916,0.67478,0.555858,0.613689,0.748378,0.732898,0.74154,0.472277,0.726645,0.714753,0.620592,0.588942,0.789333,0.398905,1,0.360302,0.594359,0.550246,0.721612,0.680692,0.67966,0.463864,0.299804,0.620849,0.764415,0.684208,0.541566,0.58284,0.731104,0.59323,0.736934,0.748998,0.758524,0.672297,0.736678,0.407788,0.573467,0.566631,0.637386,0.602179,0.695579,0.599331,0.440763,0.655308,0.768818,0.261899,0.366746,0.633902,0.65939,0.728752,0.810582,0.658499,0.602972,0.679119,0.529498,0.724308,0.67844,0.692907,0.599704,0.660154,0.459181,0.781564,0.747895,0.565843,0.400321,0.170242,0.511412,0.719573,0.709529,0.531914,0.640143
0.486046,0.511427,0.486647,0.406746,0.644511,0.487733,0.459725,0.413388,0.513587,0.273216,0.426392,0.457248,0.460451,0.363209,0.133164,0.445578,0.462543,0.424919,0.55317,0.571384,0.519629,0.450456,0.492944,0.524567,0.3433,0.429397,0.555114,0.269553,0.360302,1,0.440592,0.540756,0.514002,0.491592,0.542158,0.0633442,0.219286,0.254895,0.466351,0.423838,0.537687,0.63008,0.484848,0.512894,0.488839,0.4248,0.599913,0.456457,0.498019,0.421465,0.472174,0.298626,0.370034,0.450626,0.450035,0.430215,0.385204,0.435553,0.411975,0.182916,0.137785,0.411632,0.625955,0.485314,0.524132,0.54693,0.468978,0.502758,0.398387,0.334493,0.551937,0.365409,0.368265,0.323645,0.345245,0.533139,0.56484,0.339366,0.329418,0.148417,0.401528,0.419231,0.513211,0.367265,0.520664
0.583508,0.536677,0.548991,0.530868,0.557609,0.545072,0.316236,0.343911,0.652249,0.525708,0.489754,0.648311,0.653799,0.497176,0.406841,0.569909,0.507153,0.600564,0.502887,0.53688,0.612715,0.494435,0.534981,0.618723,0.438496,0.463176,0.528668,0.397407,0.594359,0.440592,1,0.563475,0.605893,0.529479,0.595311,0.213901,0.153779,0.596317,0.603451,0.429979,0.300975,0.597864,0.592052,0.588599,0.575786,0.447763,0.594405,0.51204,0.586291,0.46089,0.431534,0.407113,0.423215,0.575706,0.612655,0.430593,0.27557,0.589651,0.603227,0.321518,0.359103,0.544444,0.506053,0.607957,0.649587,0.545113,0.546409,0.564305,0.514825,0.478441,0.549241,0.482737,0.277256,0.385342,0.370027,0.554229,0.568135,0.47023,0.139574,0.0855848,0.384889,0.487508,0.475284,0.370554,0.490528
0.647989,0.50959,0.70221,0.62246,0.680432,0.562962,0.572061,0.628447,0.564204,0.53791,0.627979,0.551696,0.628979,0.424614,0.245653,0.429205,0.65335,0.590852,0.615692,0.622866,0.709427,0.653394,0.67734,0.729548,0.501248,0.666328,0.644168,0.337019,0.550246,0.540756,0.563475,1,0.665815,0.6214,0.541643,0.156616,0.381104,0.423839,0.587876,0.368889,0.462,0.657109,0.635203,0.507952,0.651188,0.482663,0.653425,0.611995,0.503408,0.575676,0.566286,0.573927,0.515242,0.561597,0.570771,0.601183,0.41602,0.439892,0.641437,0.470781,0.340564,0.61239,0.610042,0.596263,0.642811,0.583291,0.641387,0.716992,0.562089,0.58135,0.621393,0.506586,0.21018,0.381349,0.453801,0.430645,0.584335,0.397934,0.0696848,0.271902,0.529731,0.540206,0.493224,0.226957,0.690405
0.755102,0.679276,0.737645,0.70114,0.693045,0.652453,0.635788,0.642429,0.732618,0.586208,0.6615,0.701173,0.758552,0.553259,0.403655,0.677075,0.643625,0.59387,0.731313,0.756006,0.791133,0.743715,0.641053,0.72933,0.630029,0.631523,0.760064,0.386948,0.721612,0.514002,0.605893,0.665815,1,0.7099,0.679441,0.362964,0.31842,0.604261,0.803351,0.762954,0.379594,0.676184,0.729007,0.603024,0.737686,0.769558,0.717883,0.683233,0.721797,0.624413,0.738998,0.527826,0.587178,0.670944,0.657848,0.637871,0.528698,0.671745,0.726842,0.330544,0.436455,0.636333,0.722519,0.757213,0.800406,0.647134,0.661107,0.72081,0.595726,0.753052,0.719143,0.634986,0.483985,0.635572,0.439014,0.69684,0.824739,0.603475,0.29854,0.183794,0.604823,0.767302,0.788442,0.395673,0.680436
0.825265,0.795338,0.79708,0.713516,0.779413,0.654335,0.655059,0.675727,0.638276,0.76851,0.800676,0.80131,0.863565,0.657017,0.435919,0.815369,0.733494,0.59336,0.811461,0.876419,0.874183,0.647051,0.64112,0.720982,0.608175,0.744028,0.817485,0.43359,0.680692,0.491592,0.529479,0.6214,0.7099,1,0.76254,0.266845,0.229814,0.576658,0.868494,0.745063,0.600589,0.678669,0.748361,0.727504,0.821574,0.716389,0.772068,0.68575,0.731509,0.44701,0.658638,0.715781,0.70257,0.720183,0.818201,0.699541,0.560845,0.81869,0.868171,0.458891,0.396544,0.704979,0.756922,0.836854,0.875404,0.741048,0.673305,0.629821,0.539125,0.688411,0.831529,0.733875,0.506226,0.702729,0.395094,0.737296,0.839426,0.667,0.436357,0.0107204,0.633847,0.836069,0.813811,0.488337,0.723807
0.765675,0.703509,0.760336,0.611767,0.74877,0.678331,0.504367,0.542813,0.675068,0.608608,0.637965,0.742049,0.766468,0.506363,0.24416,0.694407,0.649999,0.565306,0.747398,0.770026,0.828704,0.622167,0.623412,0.631795,0.522249,0.583939,0.722472,0.41337,0.67966,0.542158,0.595311,0.541643,0.679441,0.76254,1,0.363852,0.140373,0.584502,0.759101,0.644209,0.579171,0.519531,0.709756,0.634021,0.765987,0.731713,0.746006,0.509492,0.629774,0.40819,0.612116,0.574312,0.696703,0.646931,0.75738,0.489794,0.47029,0.713574,0.795062,0.362882,0.47288,0.603143,0.688087,0.704433,0.790635,0.647011,0.62414,0.574745,0.486244,0.490411,0.715078,0.556783,0.486906,0.701698,0.531835,0.716126,0.739065,0.594389,0.473329,-0.0216605,0.599301,0.713896,0.690065,0.549203,0.66659
0.478397,0.269633,0.43322,0.460701,0.336872,0.45678,0.0596439,0.199565,0.393566,0.219388,0.290555,0.278775,0.24688,0.131066,0.255284,0.226049,0.176793,0.409019,0.304054,0.380464,0.423585,0.336957,0.357424,0.432886,0.465867,0.397991,0.327554,0.332569,0.463864,0.0633442,0.213901,0.156616,0.362964,0.266845,0.363852,1,-0.00412723,0.515181,0.35988,0.377156,0.162531,0.271667,0.403809,0.130404,0.400471,0.352428,0.323107,0.343321,0.418512,0.169509,0.396764,0.293311,0.453326,0.352967,0.34211,0.342241,0.284807,0.213114,0.381865,0.396785,0.399695,0.488164,0.282406,0.391668,0.46169,0.342586,0.3406,0.485108,0.410345,0.339122,0.314926,0.440067,0.23451,0.373891,0.254698,0.453925,0.476783,0.253954,0.229916,0.143823,0.441519,0.460532,0.263902,0.319564,0.301715
0.199554,0.198145,0.285925,0.33117,0.443503,0.354108,0.342831,0.27412,0.278526,0.10216,0.234902,0.0289647,0.181363,0.126837,0.197557,0.0800697,0.0372855,0.297982,0.302547,0.220964,0.194148,0.258178,0.459086,0.394878,0.191907,0.265462,0.402433,0.268423,0.299804,0.219286,0.153779,0.381104,0.31842,0.229814,0.140373,-0.00412723,1,0.334021,0.264001,0.200321,0.170168,0.327236,0.275528,0.109143,0.270654,0.346615,0.324767,0.354207,0.411543,0.335169,0.368646,0.311913,0.217634,0.1992,0.164723,0.258177,0.207624,0.0747798,0.275011,-0.0129818,0.0796637,0.336154,0.233491,0.124845,0.206078,0.350648,0.347922,0.430627,0.207687,0.351023,0.325164,0.225853,0.0325149,0.312776,-0.125227,0.223544,0.225238,0.411203,0.367956,0.476898,0.197868,0.151485,0.229875,0.0555063,0.374176
0.655419,0.559905,0.613413,0.60976,0.605795,0.598713,0.492466,0.496052,0.709286,0.486933,0.521263,0.526406,0.58647,0.517262,0.321721,0.605265,0.468748,0.640156,0.600474,0.614135,0.636093,0.633724,0.595884,0.662545,0.578515,0.481752,0.635733,0.597616,0.620849,0.254895,0.596317,0.423839,0.604261,0.576658,0.584502,0.515181,0.334021,1,0.690816,0.615576,0.307963,0.635616,0.665989,0.488419,0.661047,0.702872,0.710349,0.682343,0.650724,0.484025,0.580074,0.608422,0.697879,0.587381,0.65435,0.602672,0.457638,0.605684,0.696176,0.454089,0.406651,0.637558,0.516746,0.624676,0.68795,0.604745,0.582989,0.62395,0.650518,0.587352,0.634252,0.640217,0.257681,0.561667,0.267957,0.617518,0.677116,0.581358,0.521003,0.151456,0.672141,0.686371,0.579029,0.44313,0.651713
0.845548,0.865052,0.810566,0.724004,0.75703,0.688663,0.660765,0.624091,0.691216,0.78477,0.8232,0.857688,0.92197,0.654361,0.453569,0.875241,0.760313,0.586326,0.844008,0.89619,0.922434,0.740458,0.717251,0.737015,0.700913,0.669024,0.847166,0.521035,0.764415,0.466351,0.603451,0.587876,0.803351,0.868494,0.759101,0.35988,0.264001,0.690816,1,0.867056,0.517037,0.637035,0.779023,0.730823,0.839904,0.832792,0.792895,0.720531,0.768116,0.482102,0.653716,0.718239,0.808635,0.814956,0.866314,0.697822,0.511141,0.862725,0.889287,0.489594,0.430585,0.71581,0.777595,0.890382,0.943684,0.831444,0.705848,0.672307,0.632414,0.738979,0.855473,0.780396,0.557085,0.739865,0.404969,0.826018,0.861897,0.747495,0.570814,0.212048,0.629197,0.905266,0.890858,0.598528,0.735159
0.691702,0.785748,0.632389,0.639314,0.671812,0.638593,0.651401,0.4678,0.634595,0.649124,0.716507,0.687333,0.740442,0.555904,0.345094,0.824684,0.581165,0.510241,0.777482,0.835263,0.773823,0.604724,0.541387,0.569823,0.592504,0.53484,0.784161,0.375304,0.684208,0.423838,0.429979,0.368889,0.762954,0.745063,0.644209,0.377156,0.200321,0.615576,0.867056,1,0.389333,0.562024,0.667486,0.636864,0.706693,0.769352,0.708394,0.619189,0.728441,0.415361,0.630501,0.611669,0.71685,0.720902,0.773571,0.631211,0.555769,0.803774,0.759965,0.334485,0.316983,0.579075,0.733486,0.791296,0.810042,0.673799,0.556589,0.511801,0.497866,0.640377,0.772421,0.716581,0.646229,0.697502,0.30123,0.810204,0.820574,0.655053,0.567079,0.172505,0.637902,0.906384,0.915528,0.552316,0.576197
0.617904,0.474262,0.601575,0.588543,0.625985,0.573563,0.566339,0.469573,0.448275,0.501489,0.536464,0.444591,0.533219,0.522547,0.445765,0.475092,0.557097,0.547063,0.601259,0.564084,0.608594,0.344336,0.641583,0.65951,0.515425,0.364478,0.677324,0.399915,0.541566,0.537687,0.300975,0.462,0.379594,0.600589,0.579171,0.162531,0.170168,0.307963,0.517037,0.389333,1,0.515877,0.65617,0.561769,0.677677,0.54199,0.726323,0.529211,0.448162,0.299302,0.465478,0.479761,0.541461,0.487727,0.544614,0.558737,0.602123,0.411569,0.625879,0.398273,-0.00847665,0.546152,0.609456,0.517703,0.608829,0.516112,0.595985,0.554043,0.422914,0.375363,0.521017,0.477524,0.298148,0.473731,0.378597,0.597512,0.543659,0.326422,0.400198,-0.103358,0.452781,0.487257,0.483571,0.37678,0.581733
0.62531,0.588752,0.628977,0.70369,0.740474,0.629314,0.543658,0.558744,0.686307,0.530661,0.670661,0.530707,0.5951,0.561754,0.394717,0.613145,0.547601,0.72767,0.706634,0.687164,0.683655,0.538609,0.609336,0.749631,0.521473,0.582263,0.721032,0.409389,0.58284,0.63008,0.597864,0.657109,0.676184,0.678669,0.519531,0.271667,0.327236,0.635616,0.637035,0.562024,0.515877,1,0.69163,0.611748,0.655852,0.535266,0.781841,0.748737,0.649749,0.625362,0.618662,0.659193,0.560585,0.600465,0.659797,0.658959,0.535975,0.587167,0.666298,0.396477,0.303244,0.617522,0.651101,0.642903,0.690279,0.668317,0.653319,0.720423,0.677527,0.578948,0.698887,0.586859,0.404659,0.404299,0.278023,0.630304,0.685744,0.406565,0.385617,0.121831,0.629721,0.603712,0.56882,0.44785,0.673808
0.917088,0.756141,0.907917,0.873627,0.80907,0.84757,0.714483,0.739981,0.69605,0.757116,0.774813,0.690971,0.779649,0.808372,0.661543,0.687708,0.811593,0.745463,0.73952,0.736858,0.816147,0.687922,0.803031,0.887653,0.639863,0.683486,0.815354,0.717519,0.731104,0.484848,0.592052,0.635203,0.729007,0.748361,0.709756,0.403809,0.275528,0.665989,0.779023,0.667486,0.65617,0.69163,1,0.826017,0.960687,0.842537,0.883864,0.813178,0.769181,0.570417,0.647161,0.763429,0.844343,0.706209,0.767402,0.874009,0.727502,0.716128,0.903549,0.540775,0.338756,0.737718,0.740951,0.723374,0.839252,0.745591,0.819259,0.81926,0.67882,0.604213,0.791078,0.614264,0.493959,0.60863,0.51765,0.692032,0.787255,0.541451,0.330559,0.0629514,0.59184,0.699546,0.718203,0.489167,0.832672
0.789761,0.842954,0.693974,0.640125,0.63678,0.68832,0.697185,0.622544,0.637195,0.677659,0.676634,0.706564,0.774078,0.912641,0.561624,0.810861,0.798978,0.654645,0.582782,0.678734,0.706437,0.435161,0.602816,0.691788,0.45277,0.523734,0.743625,0.625415,0.59323,0.512894,0.588599,0.507952,0.603024,0.727504,0.634021,0.130404,0.109143,0.488419,0.730823,0.636864,0.561769,0.611748,0.826017,1,0.794668,0.656572,0.795122,0.685437,0.673822,0.545412,0.530745,0.664428,0.724933,0.621979,0.747286,0.834849,0.652471,0.851784,0.815849,0.350381,0.164632,0.519916,0.613137,0.647073,0.740123,0.621381,0.58963,0.575589,0.533226,0.45624,0.660504,0.609823,0.469284,0.484985,0.40399,0.586226,0.672255,0.441493,0.320666,0.0576631,0.452078,0.609796,0.689413,0.343712,0.617398
0.941724,0.777406,0.956312,0.863839,0.834448,0.873026,0.701915,0.746015,0.71088,0.80907,0.807151,0.77689,0.850018,0.757356,0.637967,0.70637,0.850438,0.731631,0.809534,0.802698,0.865389,0.737976,0.816208,0.887946,0.696262,0.71722,0.835499,0.69175,0.736934,0.488839,0.575786,0.651188,0.737686,0.821574,0.765987,0.400471,0.270654,0.661047,0.839904,0.706693,0.677677,0.655852,0.960687,0.794668,1,0.862817,0.864807,0.782575,0.781476,0.519342,0.651492,0.783774,0.879448,0.770704,0.818553,0.842319,0.686216,0.7259,0.940189,0.570887,0.317881,0.797279,0.773898,0.789954,0.888,0.801506,0.85126,0.815101,0.720676,0.644681,0.836555,0.636085,0.491936,0.70308,0.522257,0.746545,0.835658,0.599245,0.398977,0.0828042,0.659495,0.764228,0.745739,0.50984,0.857771
0.828182,0.725984,0.814204,0.746552,0.759581,0.711847,0.767365,0.69713,0.634243,0.684902,0.693817,0.658356,0.768501,0.676636,0.447978,0.7188,0.691056,0.584618,0.771988,0.764175,0.786502,0.718181,0.731212,0.747344,0.711901,0.586288,0.813817,0.638807,0.748998,0.4248,0.447763,0.482663,0.769558,0.716389,0.731713,0.352428,0.346615,0.702872,0.832792,0.769352,0.54199,0.535266,0.842537,0.656572,0.862817,1,0.81217,0.750816,0.781346,0.529855,0.687595,0.675909,0.792084,0.6943,0.721182,0.702868,0.620078,0.710721,0.836881,0.392774,0.352201,0.679539,0.73308,0.731864,0.825017,0.764636,0.699001,0.691055,0.577851,0.705738,0.796336,0.638257,0.528849,0.700065,0.461722,0.727191,0.770246,0.696702,0.537066,0.140742,0.579854,0.767176,0.814179,0.545088,0.809877
0.825261,0.74592,0.786752,0.783522,0.829067,0.761061,0.735683,0.623802,0.778162,0.614012,0.700149,0.623838,0.742997,0.745695,0.45403,0.759434,0.733533,0.81428,0.767091,0.782285,0.825228,0.634598,0.77439,0.867017,0.664946,0.582227,0.874657,0.6119,0.758524,0.599913,0.594405,0.653425,0.717883,0.772068,0.746006,0.323107,0.324767,0.710349,0.792895,0.708394,0.726323,0.781841,0.883864,0.795122,0.864807,0.81217,1,0.842471,0.779355,0.619029,0.722884,0.708931,0.780486,0.672463,0.772693,0.778583,0.701164,0.738225,0.854847,0.445313,0.319668,0.699359,0.764266,0.741533,0.842576,0.772617,0.748728,0.805485,0.665733,0.662984,0.776295,0.692845,0.454592,0.588552,0.505225,0.773895,0.78691,0.529916,0.509112,0.0719117,0.673709,0.738962,0.745726,0.452389,0.791236
0.750676,0.652637,0.734873,0.784147,0.724142,0.647082,0.673984,0.636612,0.684641,0.550155,0.609962,0.603139,0.690853,0.660692,0.50566,0.647097,0.714385,0.781577,0.701732,0.708296,0.752295,0.659333,0.81145,0.884551,0.758446,0.618187,0.790889,0.682814,0.672297,0.456457,0.51204,0.611995,0.683233,0.68575,0.509492,0.343321,0.354207,0.682343,0.720531,0.619189,0.529211,0.748737,0.813178,0.685437,0.782575,0.750816,0.842471,1,0.760848,0.670805,0.711361,0.734756,0.679705,0.702679,0.724013,0.736494,0.76125,0.645738,0.764949,0.512233,0.351531,0.69997,0.734092,0.727198,0.80361,0.798639,0.786254,0.869759,0.696681,0.743399,0.760912,0.65845,0.329701,0.476578,0.532601,0.633825,0.696303,0.489241,0.345057,0.226905,0.597278,0.653717,0.669127,0.38051,0.724144
0.762303,0.756145,0.736759,0.769377,0.827626,0.804412,0.659448,0.615386,0.717181,0.589077,0.665229,0.662328,0.723647,0.625857,0.520754,0.733892,0.554647,0.719489,0.729991,0.762793,0.747674,0.628379,0.678817,0.771986,0.645136,0.656974,0.818961,0.614422,0.736678,0.498019,0.586291,0.503408,0.721797,0.731509,0.629774,0.418512,0.411543,0.650724,0.768116,0.728441,0.448162,0.649749,0.769181,0.673822,0.781476,0.781346,0.779355,0.760848,1,0.597197,0.760047,0.635563,0.672517,0.723202,0.744129,0.688947,0.632863,0.720313,0.792699,0.321936,0.287359,0.715853,0.708747,0.75561,0.814507,0.807914,0.671507,0.741803,0.548127,0.740442,0.796207,0.655934,0.486624,0.599955,0.414856,0.779426,0.76608,0.683691,0.432432,0.199921,0.634042,0.730323,0.718578,0.41637,0.762611
0.587904,0.572266,0.549583,0.603592,0.514903,0.499697,0.642733,0.701088,0.537823,0.411218,0.544127,0.436382,0.542539,0.574011,0.419784,0.555906,0.569405,0.523385,0.435813,0.494742,0.527634,0.504336,0.466131,0.596424,0.512308,0.3446,0.586884,0.538248,0.407788,0.421465,0.46089,0.575676,0.624413,0.44701,0.40819,0.169509,0.335169,0.484025,0.482102,0.415361,0.299302,0.625362,0.570417,0.545412,0.519342,0.529855,0.619029,0.670805,0.597197,1,0.614956,0.557787,0.469701,0.393606,0.400219,0.58386,0.543838,0.547512,0.519517,0.319325,0.239099,0.411612,0.520712,0.417957,0.519199,0.541378,0.430151,0.60478,0.376647,0.574527,0.537241,0.369779,0.200087,0.166585,0.376339,0.348696,0.437231,0.368478,0.20335,0.237413,0.460031,0.40757,0.42543,0.136099,0.640904
0.624444,0.580291,0.624341,0.707163,0.724665,0.61637,0.58536,0.534922,0.734999,0.414913,0.57234,0.553552,0.588141,0.471083,0.337055,0.568096,0.471823,0.670965,0.633599,0.677155,0.716043,0.640105,0.595486,0.709073,0.654618,0.486055,0.800834,0.426562,0.573467,0.472174,0.431534,0.566286,0.738998,0.658638,0.612116,0.396764,0.368646,0.580074,0.653716,0.630501,0.465478,0.618662,0.647161,0.530745,0.651492,0.687595,0.722884,0.711361,0.760047,0.614956,1,0.565204,0.544253,0.596697,0.622742,0.580646,0.712913,0.540768,0.673376,0.330084,0.289651,0.659635,0.741543,0.693983,0.725471,0.629171,0.624954,0.727272,0.51049,0.715893,0.681307,0.623029,0.281098,0.548681,0.47131,0.641589,0.671223,0.598674,0.45818,0.188433,0.640506,0.647052,0.641303,0.289022,0.711951
0.709311,0.729522,0.747503,0.79866,0.744305,0.717228,0.663294,0.69799,0.498239,0.762001,0.829078,0.632321,0.738081,0.605829,0.480035,0.682831,0.692987,0.650417,0.747269,0.740005,0.750888,0.586245,0.68892,0.722227,0.539436,0.643691,0.765736,0.660377,0.566631,0.298626,0.407113,0.573927,0.527826,0.715781,0.574312,0.293311,0.311913,0.608422,0.718239,0.611669,0.479761,0.659193,0.763429,0.664428,0.783774,0.675909,0.708931,0.734756,0.635563,0.557787,0.565204,1,0.82698,0.653578,0.763647,0.702076,0.646255,0.687095,0.844645,0.550617,0.359601,0.57997,0.657555,0.664272,0.744187,0.734665,0.690973,0.659404,0.52198,0.576272,0.807664,0.643404,0.378888,0.519105,0.32443,0.585265,0.554623,0.538115,0.434833,0.174172,0.608541,0.672122,0.611617,0.484486,0.754708
0.825025,0.814131,0.833849,0.773046,0.746657,0.835338,0.678703,0.698548,0.597133,0.74657,0.801527,0.682422,0.759802,0.670771,0.498376,0.711022,0.751871,0.612184,0.754216,0.779619,0.81346,0.660042,0.706305,0.732613,0.552901,0.616945,0.783321,0.711568,0.637386,0.370034,0.423215,0.515242,0.587178,0.70257,0.696703,0.453326,0.217634,0.697879,0.808635,0.71685,0.541461,0.560585,0.844343,0.724933,0.879448,0.792084,0.780486,0.679705,0.672517,0.469701,0.544253,0.82698,1,0.705253,0.785233,0.778465,0.629886,0.74541,0.870996,0.544306,0.314374,0.679682,0.656999,0.699854,0.80312,0.744514,0.702175,0.672316,0.67243,0.552624,0.795658,0.646888,0.496075,0.62682,0.384745,0.696455,0.725773,0.574892,0.543398,0.157354,0.677601,0.759944,0.709982,0.563261,0.766567
