1,0.865903,0.867335,0.759248,0.711107,0.709597,0.599681,0.492112,0.656856,0.591763,0.711449,0.47671,0.823077,0.787582,0.582073,0.818266,0.750226,0.67829,0.524416,0.768744,0.790765,0.606133,0.634626,0.807882,0.357429,0.624381,0.629781,0.637552,0.108373,0.541459,0.362533,0.230676,0.767657,0.700806,0.499996,0.575553,0.399821,0.604024,0.819029,0.766813,0.573565,0.641052,0.757538,0.761169,0.841988,0.763178,0.739056,0.660492,0.266384,0.485189,0.43994,0.498615,0.594217,0.345805,0.75504,0.764804,0.7484,0.851863,0.79576,-0.0306371,0.367081,0.461397,0.610966,0.831297,0.807479,0.363006,0.534137,0.861382,0.586385,0.602673,0.650336,0.508706,0.305357,0.168957,0.156948,0.469795,0.592911,0.446659,0.703941,0.214782,0.511932,0.874345,0.675095,0.0603088,0.710466
0.865903,1,0.830015,0.708308,0.663877,0.714795,0.560394,0.541825,0.587227,0.625681,0.663119,0.47071,0.792708,0.714941,0.630513,0.805053,0.764415,0.614264,0.533915,0.76156,0.781487,0.605796,0.671333,0.851345,0.364209,0.503863,0.737518,0.709236,0.190227,0.621893,0.217755,0.204152,0.693131,0.643137,0.45915,0.616707,0.317914,0.511583,0.845947,0.709216,0.56025,0.658641,0.651873,0.710005,0.71693,0.62165,0.692566,0.657583,0.399313,0.411057,0.533279,0.44205,0.523283,0.3332,0.660799,0.691465,0.720464,0.773765,0.717745,0.0500925,0.263757,0.499063,0.660828,0.839825,0.75212,0.162621,0.66057,0.818814,0.51978,0.617105,0.688735,0.47359,0.307936,0.236926,0.19132,0.467546,0.497044,0.427157,0.551574,0.31511,0.422233,0.784949,0.633722,0.0781491,0.660133
0.867335,0.830015,1,0.851144,0.849846,0.709087,0.543549,0.516323,0.646496,0.727395,0.69852,0.61036,0.871157,0.802853,0.512841,0.849015,0.872048,0.657299,0.636658,0.8327,0.835487,0.616539,0.76084,0.869783,0.391912,0.668343,0.610873,0.765493,0.218713,0.557426,0.116711,0.263092,0.76845,0.656769,0.515061,0.540107,0.394161,0.568317,0.903494,0.866585,0.471426,0.738086,0.805184,0.768883,0.869228,0.810882,0.829306,0.609393,0.468659,0.411341,0.515447,0.577047,0.582229,0.520092,0.760839,0.797231,0.695321,0.896479,0.750243,0.0777253,0.342337,0.518868,0.647054,0.879963,0.840779,0.163101,0.619895,0.900932,0.616577,0.643133,0.732273,0.606671,0.281542,0.197021,0.189081,0.505046,0.712656,0.53101,0.678409,0.146484,0.601184,0.918718,0.763431,0.195873,0.698371
0.759248,0.708308,0.851144,1,0.786856,0.571913,0.459451,0.414758,0.623175,0.574363,0.667618,0.609437,0.763595,0.585214,0.355858,0.751244,0.714708,0.531204,0.447226,0.673331,0.650127,0.487955,0.556142,0.71543,0.333102,0.516534,0.443495,0.591536,0.210226,0.409342,0.122733,0.271865,0.603601,0.567855,0.346174,0.460953,0.447763,0.572026,0.734068,0.749617,0.398887,0.581485,0.717283,0.53564,0.746662,0.69107,0.704025,0.423736,0.409986,0.21599,0.442639,0.534477,0.563984,0.504373,0.691452,0.592593,0.484639,0.689099,0.619596,-0.000517276,0.31433,0.358618,0.449272,0.732752,0.678213,0.254395,0.464568,0.724845,0.574483,0.543577,0.612916,0.435492,0.29581,0.19506,0.11518,0.373398,0.508607,0.419815,0.60417,0.0995217,0.624027,0.784312,0.623669,0.194661,0.651521
0.711107,0.663877,0.849846,0.786856,1,0.661775,0.453079,0.394645,0.455794,0.665956,0.58408,0.542776,0.741537,0.621374,0.4118,0.725778,0.759522,0.534747,0.433217,0.723945,0.663251,0.502134,0.572586,0.757877,0.310305,0.617635,0.472832,0.575835,0.166096,0.450894,-0.026257,0.322042,0.718123,0.547239,0.426375,0.464488,0.461395,0.522103,0.818692,0.738911,0.384143,0.594632,0.645113,0.634349,0.648946,0.691665,0.745668,0.442514,0.488115,0.324069,0.5001,0.45766,0.519282,0.477815,0.650419,0.610365,0.585687,0.761536,0.57958,0.0993524,0.344216,0.316604,0.461708,0.73696,0.69506,0.0135245,0.477547,0.728766,0.643773,0.480566,0.667544,0.436116,0.305816,0.22265,-0.0539172,0.469224,0.563459,0.422522,0.533379,0.107636,0.550088,0.788125,0.545079,0.246615,0.559856
0.709597,0.714795,0.709087,0.571913,0.661775,1,0.474312,0.505678,0.450211,0.452213,0.578091,0.350366,0.647527,0.640831,0.721914,0.722921,0.646495,0.469973,0.58839,0.689929,0.769159,0.408273,0.657672,0.770958,0.166914,0.427688,0.664237,0.663981,0.207599,0.493871,0.144542,0.333602,0.633512,0.533707,0.60785,0.379858,0.374865,0.404977,0.705713,0.62169,0.535199,0.606856,0.726689,0.660417,0.687168,0.490399,0.590416,0.630688,0.299975,0.386571,0.432185,0.230409,0.229058,0.165953,0.522188,0.66964,0.519198,0.664914,0.524771,0.101346,0.35295,0.525017,0.614687,0.782204,0.648894,0.0361,0.586233,0.749237,0.509557,0.656691,0.720196,0.461129,0.39997,0.147945,0.0456759,0.433274,0.497921,0.406457,0.611307,0.107501,0.356849,0.684044,0.480898,-0.00830134,0.633805
0.599681,0.560394,0.543549,0.459451,0.453079,0.474312,1,0.513258,0.526855,0.391493,0.48509,0.296049,0.522384,0.507216,0.440632,0.473598,0.518208,0.503052,0.504795,0.446158,0.529273,0.360629,0.484849,0.644824,0.25159,0.485926,0.596729,0.481626,0.0507122,0.450099,0.149564,0.412471,0.380818,0.453111,0.453252,0.514528,0.15006,0.327026,0.594398,0.381872,0.537854,0.316518,0.450688,0.392948,0.44469,0.452491,0.433886,0.543177,0.430194,0.350379,0.512597,0.40065,0.273059,0.0928222,0.392408,0.573103,0.660923,0.436026,0.412968,-0.0544796,0.4944,0.491256,0.39453,0.54113,0.448701,0.176264,0.637819,0.618696,0.505813,0.479209,0.506411,0.523799,0.124818,0.154868,0.222995,0.266601,0.435188,0.257206,0.467442,0.436669,0.152712,0.511547,0.389415,0.0197518,0.511686
0.492112,0.541825,0.516323,0.414758,0.394645,0.505678,0.513258,1,0.399515,0.429085,0.287559,0.376284,0.591679,0.530841,0.490877,0.48106,0.505079,0.331388,0.523683,0.483427,0.521981,0.217899,0.532735,0.670746,0.0683354,0.237847,0.664425,0.653767,0.180319,0.505843,0.0412508,0.339964,0.365073,0.369553,0.544023,0.361855,0.143412,0.161429,0.514967,0.403432,0.502691,0.412509,0.550823,0.484467,0.508725,0.364116,0.467441,0.508566,0.447808,0.221407,0.469374,0.255933,0.168633,0.0997843,0.339256,0.558152,0.604143,0.397193,0.345381,0.10552,0.278301,0.307912,0.521592,0.549685,0.504831,-0.00645812,0.70413,0.647717,0.374404,0.530808,0.699563,0.540342,0.202837,0.202305,0.123012,0.469143,0.320132,0.221725,0.481198,0.344776,0.386485,0.47005,0.488088,0.0541705,0.667551
0.656856,0.587227,0.646496,0.623175,0.455794,0.450211,0.526855,0.399515,1,0.512243,0.508494,0.626595,0.681066,0.675694,0.398533,0.606651,0.628694,0.529198,0.544159,0.543428,0.672088,0.438887,0.698163,0.595528,0.0662636,0.441717,0.512489,0.501651,0.172466,0.439654,0.282127,0.212827,0.446636,0.621201,0.578415,0.490033,0.0337469,0.41957,0.573212,0.613568,0.242172,0.559062,0.64428,0.559962,0.631338,0.629113,0.576245,0.497619,0.249383,0.400852,0.383024,0.497502,0.52925,0.401955,0.566849,0.643367,0.471989,0.567053,0.537466,-0.0201107,0.386694,0.488594,0.524498,0.604816,0.608897,0.216141,0.50251,0.706455,0.51291,0.586919,0.557538,0.496714,0.120736,0.00581705,0.493877,0.339316,0.454202,0.364731,0.644559,0.173234,0.491719,0.57887,0.543591,0.222817,0.504521
0.591763,0.625681,0.727395,0.574363,0.665956,0.452213,0.391493,0.429085,0.512243,1,0.596798,0.646706,0.765025,0.58744,0.210429,0.73705,0.793057,0.569788,0.425911,0.617222,0.625226,0.535653,0.5722,0.655972,0.0857406,0.415959,0.391982,0.499259,0.268147,0.503537,0.0767508,0.132552,0.609678,0.56349,0.474675,0.659591,0.177131,0.356076,0.764596,0.623925,0.181542,0.454523,0.523487,0.612434,0.602755,0.544502,0.625823,0.394626,0.367584,0.304689,0.45364,0.532885,0.623874,0.436152,0.582021,0.55449,0.434323,0.706986,0.701422,0.254983,0.182317,0.519194,0.546349,0.673535,0.72094,0.0401805,0.508683,0.684316,0.501084,0.428916,0.454055,0.391422,0.222083,0.0703143,0.202603,0.441168,0.535575,0.459368,0.478546,0.0836511,0.452324,0.67725,0.501177,0.145931,0.404435
0.711449,0.663119,0.69852,0.667618,0.58408,0.578091,0.48509,0.287559,0.508494,0.596798,1,0.461071,0.727018,0.628499,0.432719,0.772389,0.780109,0.550374,0.521881,0.67631,0.683172,0.42732,0.530272,0.702689,0.374152,0.290831,0.542587,0.475285,0.238335,0.339431,0.247033,0.196594,0.608669,0.6074,0.467787,0.618721,0.233285,0.572994,0.697761,0.634675,0.445308,0.564036,0.594622,0.600513,0.704604,0.600204,0.599141,0.676253,0.0631979,0.277133,0.405973,0.414696,0.529916,0.306687,0.774509,0.561808,0.529833,0.724866,0.794722,-0.111894,0.329341,0.528165,0.466536,0.743033,0.675988,0.261348,0.48575,0.728194,0.389883,0.565889,0.538714,0.388013,0.385711,0.083887,0.265752,0.462215,0.638726,0.604224,0.688167,0.152566,0.363977,0.785616,0.457368,-0.0666006,0.561733
0.47671,0.47071,0.61036,0.609437,0.542776,0.350366,0.296049,0.376284,0.626595,0.646706,0.461071,1,0.65722,0.50524,0.148898,0.590506,0.611967,0.630159,0.453828,0.527004,0.568286,0.371247,0.604345,0.550798,0.0909539,0.425521,0.33711,0.407359,0.596082,0.25268,0.115867,0.227532,0.412161,0.57639,0.544053,0.410386,0.291546,0.299959,0.558053,0.430864,0.108336,0.368435,0.507641,0.374352,0.487261,0.441076,0.512145,0.360865,0.414751,0.00388542,0.44379,0.459308,0.497543,0.734237,0.554203,0.430558,0.243653,0.496557,0.419292,0.283623,0.15546,0.20296,0.510674,0.571403,0.594443,-0.0703684,0.39352,0.535063,0.450537,0.442565,0.48936,0.399425,0.468584,0.106984,0.520288,0.370782,0.387717,0.33923,0.468935,-0.136538,0.625404,0.522308,0.439247,0.117623,0.502245
0.823077,0.792708,0.871157,0.763595,0.741537,0.647527,0.522384,0.591679,0.681066,0.765025,0.727018,0.65722,1,0.7629,0.508058,0.820673,0.866302,0.672261,0.704652,0.811366,0.856886,0.536996,0.761833,0.865583,0.195303,0.585482,0.690006,0.755549,0.310874,0.604258,0.198654,0.216276,0.749003,0.804524,0.669595,0.652491,0.38155,0.562593,0.845895,0.770986,0.493418,0.645787,0.74419,0.717301,0.790429,0.679615,0.694377,0.591228,0.421789,0.397754,0.540899,0.623034,0.59589,0.388786,0.738501,0.792231,0.640626,0.827427,0.781646,0.0839204,0.397164,0.471636,0.720858,0.846233,0.878793,0.270412,0.627802,0.878381,0.643129,0.698202,0.751669,0.538806,0.441638,0.242658,0.213694,0.620077,0.601453,0.437379,0.731627,0.220473,0.627527,0.843247,0.691836,0.212364,0.739402
0.787582,0.714941,0.802853,0.585214,0.621374,0.640831,0.507216,0.530841,0.675694,0.58744,0.628499,0.50524,0.7629,1,0.535029,0.814719,0.794091,0.584608,0.70352,0.778411,0.855084,0.437341,0.777713,0.821305,0.336886,0.507736,0.678588,0.698776,0.149083,0.432183,0.227331,0.276657,0.680207,0.605719,0.636158,0.473009,0.16086,0.579783,0.753035,0.783801,0.374737,0.723061,0.761716,0.800079,0.783732,0.74997,0.752414,0.646868,0.262449,0.632242,0.353663,0.519517,0.490292,0.294798,0.689142,0.856546,0.69053,0.877848,0.670131,0.175264,0.39347,0.44449,0.71732,0.814398,0.806289,0.0965687,0.452081,0.839502,0.508386,0.553649,0.709176,0.601348,0.240765,0.202212,0.304641,0.571211,0.69003,0.563468,0.795403,0.124612,0.501761,0.778021,0.726919,0.0467372,0.643158
0.582073,0.630513,0.512841,0.355858,0.4118,0.721914,0.440632,0.490877,0.398533,0.210429,0.432719,0.148898,0.508058,0.535029,1,0.499675,0.471653,0.261092,0.524565,0.552928,0.659327,0.116629,0.580087,0.635793,0.206918,0.220638,0.703872,0.63682,0.0465417,0.564694,0.246558,0.355717,0.470633,0.567353,0.566171,0.292794,0.246136,0.232384,0.517101,0.404958,0.528398,0.52406,0.47797,0.522536,0.479466,0.359581,0.39327,0.618226,0.239274,0.404771,0.324219,0.136412,0.0360132,0.0545689,0.364354,0.547799,0.615071,0.492493,0.347637,-0.0530214,0.305017,0.310966,0.548331,0.557036,0.465355,0.171636,0.542996,0.633886,0.224254,0.547045,0.671494,0.355432,0.305493,0.143716,0.0762776,0.449207,0.406485,0.360429,0.441156,0.179412,0.222785,0.494149,0.36501,-0.0234637,0.439318
0.818266,0.805053,0.849015,0.751244,0.725778,0.722921,0.473598,0.48106,0.606651,0.73705,0.772389,0.590506,0.820673,0.814719,0.499675,1,0.833027,0.684797,0.601785,0.835858,0.826562,0.548626,0.67624,0.829145,0.326783,0.449483,0.584584,0.638803,0.229695,0.475402,0.23981,0.277979,0.766673,0.676455,0.602464,0.573011,0.347633,0.608281,0.845488,0.838394,0.381185,0.617819,0.753255,0.758335,0.783707,0.651447,0.688032,0.612787,0.20002,0.427778,0.524318,0.492227,0.565434,0.365974,0.696064,0.751543,0.592203,0.878386,0.750215,0.150699,0.27261,0.528922,0.726654,0.91178,0.860313,0.121081,0.494936,0.83515,0.543939,0.522806,0.643344,0.440711,0.425364,0.215939,0.246352,0.604141,0.625591,0.657916,0.721801,-0.00256601,0.555417,0.839649,0.687629,-0.00400212,0.692946
0.750226,0.764415,0.872048,0.714708,0.759522,0.646495,0.518208,0.505079,0.628694,0.793057,0.780109,0.611967,0.866302,0.794091,0.471653,0.833027,1,0.648804,0.704679,0.834981,0.832881,0.599302,0.71515,0.868145,0.330295,0.503903,0.61809,0.736229,0.352308,0.598314,0.168398,0.215537,0.66731,0.671874,0.626869,0.702525,0.212947,0.509775,0.874003,0.76895,0.415298,0.745358,0.674565,0.681805,0.756049,0.722075,0.766536,0.706407,0.4342,0.493183,0.546575,0.621119,0.629946,0.49058,0.802368,0.735804,0.623328,0.835904,0.798895,0.119947,0.351125,0.574671,0.612606,0.847266,0.818641,0.0972219,0.565076,0.836799,0.5673,0.62062,0.698837,0.509051,0.365263,0.149003,0.204032,0.554978,0.743106,0.569273,0.769669,0.161591,0.50044,0.872158,0.661058,0.124199,0.578063
0.67829,0.614264,0.657299,0.531204,0.534747,0.469973,0.503052,0.331388,0.529198,0.569788,0.550374,0.630159,0.672261,0.584608,0.261092,0.684797,0.648804,1,0.487,0.589252,0.648664,0.517787,0.473036,0.640191,0.36678,0.556351,0.43621,0.405869,0.512236,0.283642,0.386574,0.101382,0.555176,0.612401,0.460407,0.520304,0.290115,0.339319,0.650961,0.528338,0.335729,0.437651,0.445137,0.353883,0.494316,0.421749,0.454964,0.530013,0.331112,0.279667,0.521209,0.529917,0.515046,0.434616,0.522909,0.479407,0.484252,0.590298,0.584494,0.172705,0.205137,0.384924,0.460398,0.700476,0.613302,0.0852277,0.348889,0.580647,0.591285,0.478023,0.398532,0.428501,0.488209,0.256187,0.353676,0.354676,0.432872,0.30928,0.588494,0.0409774,0.479016,0.684476,0.524473,0.0402183,0.502013
0.524416,0.533915,0.636658,0.447226,0.433217,0.58839,0.504795,0.523683,0.544159,0.425911,0.521881,0.453828,0.704652,0.70352,0.524565,0.601785,0.704679,0.487,1,0.731316,0.816817,0.382473,0.723028,0.767268,0.26465,0.44325,0.660155,0.775231,0.397985,0.432782,0.0926903,0.232455,0.529,0.630563,0.728296,0.45552,0.170634,0.396901,0.638972,0.583526,0.448934,0.606562,0.65006,0.555823,0.603695,0.472392,0.491067,0.623595,0.32625,0.470148,0.480042,0.516723,0.250744,0.215719,0.510642,0.802218,0.583935,0.61231,0.447838,0.175042,0.490316,0.49284,0.710026,0.729837,0.726106,0.0219793,0.567885,0.72449,0.453948,0.672376,0.711202,0.615846,0.370308,0.250041,0.363033,0.541712,0.610425,0.468416,0.694303,0.173861,0.328833,0.58269,0.637519,0.175568,0.614936
0.768744,0.76156,0.8327,0.673331,0.723945,0.689929,0.446158,0.483427,0.543428,0.617222,0.67631,0.527004,0.811366,0.778411,0.552928,0.835858,0.834981,0.589252,0.731316,1,0.817229,0.626964,0.673999,0.853146,0.498219,0.555442,0.648412,0.776113,0.2487,0.543817,0.217804,0.131363,0.801983,0.726516,0.61321,0.66899,0.241638,0.658065,0.847355,0.823937,0.460387,0.73819,0.727023,0.746424,0.768537,0.668529,0.685237,0.658319,0.296887,0.520717,0.672858,0.609438,0.469159,0.413467,0.713564,0.819262,0.646278,0.863574,0.682886,0.136123,0.259283,0.450271,0.709247,0.899803,0.851024,0.0573926,0.529898,0.81089,0.477538,0.542983,0.765965,0.428121,0.457829,0.182893,0.126645,0.550712,0.66956,0.680938,0.630503,0.128923,0.54692,0.833624,0.763325,0.261511,0.643645
0.790765,0.781487,0.835487,0.650127,0.663251,0.769159,0.529273,0.521981,0.672088,0.625226,0.683172,0.568286,0.856886,0.855084,0.659327,0.826562,0.832881,0.648664,0.816817,0.817229,1,0.508579,0.782278,0.883664,0.262257,0.52305,0.729007,0.788805,0.369675,0.572838,0.256738,0.420095,0.720613,0.773463,0.722811,0.517526,0.276771,0.516072,0.830151,0.748999,0.454641,0.752942,0.720202,0.696591,0.74158,0.672778,0.692032,0.705962,0.308798,0.557595,0.414337,0.517187,0.471289,0.326832,0.653229,0.831806,0.668444,0.810005,0.653649,0.209437,0.483235,0.536114,0.82013,0.853808,0.856519,0.152003,0.55859,0.862148,0.563644,0.735875,0.782777,0.566366,0.438481,0.336309,0.300179,0.601037,0.635111,0.532271,0.783616,0.103727,0.413767,0.804542,0.624952,0.120495,0.664661
0.606133,0.605796,0.616539,0.487955,0.502134,0.408273,0.360629,0.217899,0.438887,0.535653,0.42732,0.371247,0.536996,0.437341,0.116629,0.548626,0.599302,0.517787,0.382473,0.626964,0.508579,1,0.379492,0.565428,0.32694,0.554901,0.373426,0.480795,0.245645,0.463379,0.186433,-0.0484248,0.609938,0.497945,0.221179,0.48772,0.0828224,0.409117,0.59357,0.553156,0.318657,0.511964,0.467106,0.466669,0.530851,0.584051,0.504194,0.513612,0.194539,0.247925,0.471358,0.374506,0.476968,0.414844,0.51867,0.537872,0.408099,0.563852,0.563329,0.0648136,0.0518645,0.461388,0.430611,0.589583,0.530612,0.053969,0.330365,0.536367,0.377113,0.390193,0.404041,0.250493,0.15059,0.038986,0.186637,0.145312,0.467957,0.356522,0.336689,0.106998,0.263765,0.562409,0.496943,0.26613,0.359001
0.634626,0.671333,0.76084,0.556142,0.572586,0.657672,0.484849,0.532735,0.698163,0.5722,0.530272,0.604345,0.761833,0.777713,0.580087,0.67624,0.71515,0.473036,0.723028,0.673999,0.782278,0.379492,1,0.768706,0.14518,0.450101,0.738079,0.733298,0.162545,0.509285,0.011615,0.224029,0.580682,0.552534,0.691152,0.408052,0.243328,0.389833,0.696657,0.642266,0.387181,0.606293,0.740354,0.706777,0.684374,0.57435,0.642175,0.623078,0.452874,0.366339,0.437871,0.353467,0.280505,0.404287,0.574331,0.76067,0.560187,0.72712,0.526113,0.128121,0.285564,0.52798,0.716801,0.752589,0.738106,0.0278399,0.652412,0.821086,0.433063,0.715548,0.750505,0.661489,0.221385,0.0880793,0.380429,0.489348,0.551605,0.365743,0.640972,0.137502,0.540437,0.624557,0.596902,0.0596317,0.618117
0.807882,0.851345,0.869783,0.71543,0.757877,0.770958,0.644824,0.670746,0.595528,0.655972,0.702689,0.550798,0.865583,0.821305,0.635793,0.829145,0.868145,0.640191,0.767268,0.853146,0.883664,0.565428,0.768706,1,0.387872,0.547987,0.83985,0.8369,0.322873,0.612499,0.161721,0.321716,0.723736,0.691647,0.668547,0.620213,0.303649,0.537425,0.893635,0.774301,0.651917,0.731882,0.772433,0.761307,0.768987,0.699,0.761033,0.742232,0.467732,0.490339,0.600577,0.544105,0.469121,0.322701,0.702736,0.842397,0.792713,0.818473,0.682095,0.127583,0.400811,0.553968,0.743877,0.904122,0.83717,0.0293416,0.68568,0.912889,0.659156,0.712006,0.849273,0.675025,0.428228,0.335998,0.203831,0.566755,0.654096,0.490047,0.732105,0.298505,0.489392,0.834203,0.699083,0.148622,0.739305
0.357429,0.364209,0.391912,0.333102,0.310305,0.166914,0.25159,0.0683354,0.0662636,0.0857406,0.374152,0.0909539,0.195303,0.336886,0.206918,0.326783,0.330295,0.36678,0.26465,0.498219,0.262257,0.32694,0.14518,0.387872,1,0.103134,0.27177,0.204134,0.111718,-0.0284048,0.144068,-0.127644,0.364266,0.192434,-0.0418358,0.285663,0.190142,0.293388,0.335296,0.337078,0.403019,0.365695,0.195725,0.214653,0.352114,0.282586,0.294877,0.312632,0.0572891,0.346792,0.307949,0.49243,0.224732,0.22928,0.277245,0.275024,0.462092,0.422425,0.304864,-0.0334478,0.00954357,0.0927334,0.0837569,0.403236,0.302829,-0.0742464,0.129246,0.243279,0.0457234,0.122065,0.182874,0.2165,0.216907,0.237228,0.147467,0.0480859,0.437794,0.534637,0.197781,0.0964988,0.143424,0.420475,0.418303,0.00934648,0.169147
0.624381,0.503863,0.668343,0.516534,0.617635,0.427688,0.485926,0.237847,0.441717,0.415959,0.290831,0.425521,0.585482,0.507736,0.220638,0.449483,0.503903,0.556351,0.44325,0.555442,0.52305,0.554901,0.450101,0.547987,0.103134,1,0.329828,0.540525,0.153012,0.390629,0.116491,0.160722,0.545713,0.483589,0.313862,0.39012,0.252202,0.567424,0.626696,0.584358,0.360578,0.447727,0.551043,0.484298,0.510118,0.603379,0.567364,0.406596,0.492377,0.297822,0.473841,0.438143,0.35812,0.436084,0.579133,0.581461,0.486104,0.560027,0.478319,0.0277566,0.304463,0.318157,0.40242,0.564767,0.516837,0.170512,0.330501,0.607517,0.660774,0.419131,0.476373,0.492368,0.135836,0.0607671,0.00928048,0.288722,0.411732,0.0682979,0.39625,0.219156,0.505773,0.635392,0.574063,0.346581,0.471618
0.629781,0.737518,0.610873,0.443495,0.472832,0.664237,0.596729,0.664425,0.512489,0.391982,0.542587,0.33711,0.690006,0.678588,0.703872,0.584584,0.61809,0.43621,0.660155,0.648412,0.729007,0.373426,0.738079,0.83985,0.27177,0.329828,1,0.731581,0.159345,0.581961,0.100441,0.198,0.573082,0.562556,0.595691,0.471653,0.116399,0.296887,0.633228,0.532364,0.638026,0.603313,0.620206,0.653739,0.579213,0.494427,0.498923,0.689616,0.395827,0.361294,0.499925,0.257038,0.216861,0.0174432,0.454264,0.730621,0.728819,0.622512,0.459444,0.0381492,0.341465,0.508852,0.678033,0.717392,0.631012,0.00538302,0.706753,0.758646,0.458175,0.672333,0.84903,0.585911,0.314541,0.251258,0.198289,0.530698,0.451917,0.330624,0.605943,0.497744,0.351649,0.571703,0.513132,0.152168,0.653112
0.637552,0.709236,0.765493,0.591536,0.575835,0.663981,0.481626,0.653767,0.501651,0.499259,0.475285,0.407359,0.755549,0.698776,0.63682,0.638803,0.736229,0.405869,0.775231,0.776113,0.788805,0.480795,0.733298,0.8369,0.204134,0.540525,0.731581,1,0.25748,0.722344,0.0394237,0.251782,0.62676,0.62408,0.640241,0.522752,0.202943,0.372428,0.720396,0.693133,0.538103,0.69769,0.724765,0.638451,0.677335,0.598864,0.645347,0.65631,0.505516,0.438063,0.522534,0.444195,0.262649,0.299472,0.585164,0.788723,0.603528,0.670531,0.494919,0.13712,0.318575,0.486863,0.73978,0.767888,0.67499,0.0980185,0.636222,0.829521,0.394842,0.697622,0.844972,0.602736,0.247726,0.23083,0.130839,0.508707,0.523868,0.389353,0.598066,0.235835,0.403948,0.687897,0.702039,0.267099,0.606841
0.108373,0.190227,0.218713,0.210226,0.166096,0.207599,0.0507122,0.180319,0.172466,0.268147,0.238335,0.596082,0.310874,0.149083,0.0465417,0.229695,0.352308,0.512236,0.397985,0.2487,0.369675,0.245645,0.162545,0.322873,0.111718,0.153012,0.159345,0.25748,1,0.0611862,0.234782,0.111597,0.177964,0.345097,0.349806,0.147273,0.110395,-0.072196,0.214214,0.051566,0.0737691,0.227123,0.18074,-0.086046,0.144902,0.024509,0.164477,0.225112,0.197104,-0.08259,0.271669,0.279495,0.32192,0.431958,0.216417,0.139491,0.0174548,0.0696808,0.0800066,0.44097,0.193067,0.0456679,0.225408,0.270074,0.228907,-0.285868,0.146121,0.151577,0.202416,0.294112,0.250749,0.172773,0.562523,0.124791,0.41588,0.210613,0.228135,0.159786,0.211098,-0.233564,0.16523,0.234384,0.222418,0.0773436,0.232463
0.541459,0.621893,0.557426,0.409342,0.450894,0.493871,0.450099,0.505843,0.439654,0.503537,0.339431,0.25268,0.604258,0.432183,0.564694,0.475402,0.598314,0.283642,0.432782,0.543817,0.572838,0.463379,0.509285,0.612499,-0.0284048,0.390629,0.581961,0.722344,0.0611862,1,0.0571226,0.191036,0.53367,0.530807,0.490007,0.537268,0.0997506,0.222347,0.61205,0.492758,0.416788,0.509899,0.427509,0.474634,0.432395,0.492093,0.539746,0.502399,0.547857,0.373165,0.475524,0.261232,0.277757,0.214302,0.487603,0.509553,0.488772,0.501271,0.503548,-0.0374388,0.309028,0.501497,0.569611,0.558893,0.497844,0.261964,0.518028,0.64493,0.336023,0.550089,0.619617,0.290593,0.093337,0.0729054,-0.0407998,0.295607,0.362437,0.18882,0.430254,0.235344,0.243957,0.531342,0.417001,0.269388,0.314443
0.362533,0.217755,0.116711,0.122733,-0.026257,0.144542,0.149564,0.0412508,0.282127,0.0767508,0.247033,0.115867,0.198654,0.227331,0.246558,0.23981,0.168398,0.386574,0.0926903,0.217804,0.256738,0.186433,0.011615,0.161721,0.144068,0.116491,0.100441,0.0394237,0.234782,0.0571226,1,-0.0122325,0.160501,0.313817,0.191672,0.17009,-0.125817,0.17458,0.130527,0.084116,0.0160284,0.156774,0.177431,0.0601998,0.197797,0.0946115,0.0868611,0.28868,-0.241316,0.236871,0.102352,0.231435,0.21365,0.0723447,0.203837,0.168113,0.163897,0.13828,0.245573,0.244262,-0.0558334,0.0626686,0.0296658,0.191447,0.15705,0.129827,-0.0758948,0.131122,0.196757,0.133529,-0.00642555,0.0669043,0.308744,-0.0668299,0.030801,-0.0440722,0.18234,0.0937814,0.236355,-0.0583451,0.133554,0.227873,0.153196,-0.161765,0.119396
0.230676,0.204152,0.263092,0.271865,0.322042,0.333602,0.412471,0.339964,0.212827,0.132552,0.196594,0.227532,0.216276,0.276657,0.355717,0.277979,0.215537,0.101382,0.232455,0.131363,0.420095,-0.0484248,0.224029,0.321716,-0.127644,0.160722,0.198,0.251782,0.111597,0.191036,-0.0122325,1,0.0712836,0.202003,0.279039,0.0331008,0.184359,0.225833,0.31643,0.193168,0.139563,0.200675,0.166296,0.143793,0.126495,0.285479,0.278332,0.306022,0.144096,0.146657,-0.0171725,0.004969,0.0249907,0.100286,0.138525,0.210259,0.283158,0.106134,0.0302213,0.0713135,0.430958,0.0840826,0.351402,0.168421,0.20929,0.0974263,0.264665,0.317419,0.2578,0.283837,0.381657,0.247675,0.128147,0.375352,0.100431,0.354893,0.0851061,0.113091,0.264977,-0.0360502,-0.0832833,0.247959,-0.0626512,-0.133292,0.330805
0.767657,0.693131,0.76845,0.603601,0.718123,0.633512,0.380818,0.365073,0.446636,0.609678,0.608669,0.412161,0.749003,0.680207,0.470633,0.766673,0.66731,0.555176,0.529,0.801983,0.720613,0.609938,0.580682,0.723736,0.364266,0.545713,0.573082,0.62676,0.177964,0.53367,0.160501,0.0712836,1,0.697582,0.519811,0.526189,0.347823,0.529968,0.708963,0.758865,0.385663,0.543226,0.707944,0.712014,0.724355,0.600939,0.630086,0.502428,0.173498,0.407813,0.560906,0.442824,0.445519,0.288778,0.613263,0.735582,0.576245,0.828981,0.600691,0.165789,0.324888,0.35009,0.6391,0.787097,0.768699,0.112211,0.435864,0.761549,0.401808,0.510852,0.657579,0.351091,0.288877,0.139657,0.042048,0.510637,0.587904,0.559802,0.510021,0.0608735,0.476914,0.75748,0.64833,0.31939,0.61288
0.700806,0.643137,0.656769,0.567855,0.547239,0.533707,0.453111,0.369553,0.621201,0.56349,0.6074,0.57639,0.804524,0.605719,0.567353,0.676455,0.671874,0.612401,0.630563,0.726516,0.773463,0.497945,0.552534,0.691647,0.192434,0.483589,0.562556,0.62408,0.345097,0.530807,0.313817,0.202003,0.697582,1,0.69454,0.592801,0.32247,0.470964,0.643154,0.546547,0.360015,0.526168,0.524173,0.529111,0.586564,0.522944,0.467627,0.555015,0.204555,0.355437,0.520844,0.570481,0.443288,0.376478,0.591784,0.666419,0.481448,0.650766,0.604826,0.0309447,0.360843,0.272005,0.692595,0.673079,0.710325,0.28901,0.432054,0.69527,0.414001,0.554137,0.603996,0.28137,0.480212,0.229188,0.29733,0.497633,0.550189,0.498782,0.552202,0.0304514,0.493901,0.648321,0.480048,0.237141,0.522196
0.499996,0.45915,0.515061,0.346174,0.426375,0.60785,0.453252,0.544023,0.578415,0.474675,0.467787,0.544053,0.669595,0.636158,0.566171,0.602464,0.626869,0.460407,0.728296,0.61321,0.722811,0.221179,0.691152,0.668547,-0.0418358,0.313862,0.595691,0.640241,0.349806,0.490007,0.191672,0.279039,0.519811,0.69454,1,0.471377,0.21454,0.285125,0.539964,0.443922,0.346569,0.466306,0.620059,0.562561,0.55758,0.377296,0.426424,0.544472,0.253056,0.422832,0.488463,0.412719,0.271423,0.220306,0.45365,0.670216,0.402801,0.525326,0.40113,0.14029,0.384785,0.343269,0.6826,0.624111,0.633246,-0.014458,0.518455,0.685483,0.391601,0.587788,0.640444,0.433802,0.463953,0.148553,0.288733,0.542874,0.54969,0.431273,0.62282,-0.0115908,0.423109,0.509832,0.438333,0.0658156,0.57144
0.575553,0.616707,0.540107,0.460953,0.464488,0.379858,0.514528,0.361855,0.490033,0.659591,0.618721,0.410386,0.652491,0.473009,0.292794,0.573011,0.702525,0.520304,0.45552,0.66899,0.517526,0.48772,0.408052,0.620213,0.285663,0.39012,0.471653,0.522752,0.147273,0.537268,0.17009,0.0331008,0.526189,0.592801,0.471377,1,0.0381044,0.4961,0.655003,0.553165,0.452352,0.478752,0.397272,0.512882,0.491784,0.433715,0.503622,0.578903,0.318958,0.507535,0.614278,0.646573,0.462698,0.30341,0.645082,0.474129,0.476635,0.546362,0.685224,-0.113576,0.224946,0.499801,0.417499,0.616382,0.554747,0.204977,0.49015,0.63859,0.394487,0.499825,0.481737,0.363285,0.185543,0.113116,0.113699,0.353383,0.402293,0.411918,0.461343,0.408901,0.301905,0.642087,0.415007,0.247839,0.358587
0.399821,0.317914,0.394161,0.447763,0.461395,0.374865,0.15006,0.143412,0.0337469,0.177131,0.233285,0.291546,0.38155,0.16086,0.246136,0.347633,0.212947,0.290115,0.170634,0.241638,0.276771,0.0828224,0.243328,0.303649,0.190142,0.252202,0.116399,0.202943,0.110395,0.0997506,-0.125817,0.184359,0.347823,0.32247,0.21454,0.0381044,1,0.237074,0.315712,0.215738,0.33376,0.000305059,0.279945,0.185906,0.350868,0.168032,0.174808,0.0911884,0.226066,-0.00130855,0.0871565,0.24728,0.112154,0.196154,0.186302,0.178076,0.181263,0.335911,0.243669,-0.0932712,0.155888,-0.0952513,0.198362,0.305115,0.348343,0.218379,0.0919154,0.271958,0.223919,0.251496,0.149674,0.193287,0.409044,0.260717,-0.0594389,0.267673,0.125754,0.0373985,0.263097,-0.303664,0.258238,0.348566,0.171377,-0.225844,0.403442
0.604024,0.511583,0.568317,0.572026,0.522103,0.404977,0.327026,0.161429,0.41957,0.356076,0.572994,0.299959,0.562593,0.579783,0.232384,0.608281,0.509775,0.339319,0.396901,0.658065,0.516072,0.409117,0.389833,0.537425,0.293388,0.567424,0.296887,0.372428,-0.072196,0.222347,0.17458,0.225833,0.529968,0.470964,0.285125,0.4961,0.237074,1,0.635086,0.666527,0.302157,0.520534,0.505905,0.57772,0.55684,0.610805,0.601456,0.433878,0.0725912,0.416168,0.350111,0.476093,0.34226,0.307198,0.675907,0.517395,0.456285,0.62285,0.633812,-0.183702,0.264496,0.238416,0.397365,0.575828,0.581218,0.227186,0.174188,0.572439,0.469165,0.328242,0.414791,0.307563,0.20059,0.0903983,-0.0175672,0.314405,0.43111,0.379673,0.455095,0.0850571,0.451129,0.663363,0.439295,0.144012,0.503198
0.819029,0.845947,0.903494,0.734068,0.818692,0.705713,0.594398,0.514967,0.573212,0.764596,0.697761,0.558053,0.845895,0.753035,0.517101,0.845488,0.874003,0.650961,0.638972,0.847355,0.830151,0.59357,0.696657,0.893635,0.335296,0.626696,0.633228,0.720396,0.214214,0.61205,0.130527,0.31643,0.708963,0.643154,0.539964,0.655003,0.315712,0.635086,1,0.821909,0.483102,0.711743,0.658915,0.74215,0.722599,0.735107,0.804878,0.613581,0.478952,0.470657,0.565527,0.549914,0.569953,0.4214,0.724035,0.742236,0.758126,0.8497,0.762779,0.0983235,0.404105,0.593491,0.671517,0.895221,0.862558,0.10217,0.644513,0.862143,0.681435,0.587295,0.711405,0.56321,0.355976,0.262773,0.149995,0.488935,0.617551,0.506552,0.631304,0.228165,0.467028,0.884942,0.656822,0.180009,0.632707
0.766813,0.709216,0.866585,0.749617,0.738911,0.62169,0.381872,0.403432,0.613568,0.623925,0.634675,0.430864,0.770986,0.783801,0.404958,0.838394,0.76895,0.528338,0.583526,0.823937,0.748999,0.553156,0.642266,0.774301,0.337078,0.584358,0.532364,0.693133,0.051566,0.492758,0.084116,0.193168,0.758865,0.546547,0.443922,0.553165,0.215738,0.666527,0.821909,1,0.402085,0.704905,0.769827,0.816575,0.796868,0.773511,0.756916,0.500448,0.268504,0.502473,0.478125,0.540234,0.550117,0.318046,0.701824,0.793439,0.608389,0.862693,0.695468,0.0145476,0.325541,0.54923,0.65949,0.85066,0.811174,0.176125,0.488884,0.844308,0.60733,0.501872,0.682328,0.528929,0.185576,0.230629,0.123743,0.531402,0.597306,0.553436,0.659439,0.19833,0.537763,0.843247,0.790164,0.333632,0.646885
0.573565,0.56025,0.471426,0.398887,0.384143,0.535199,0.537854,0.502691,0.242172,0.181542,0.445308,0.108336,0.493418,0.374737,0.528398,0.381185,0.415298,0.335729,0.448934,0.460387,0.454641,0.318657,0.387181,0.651917,0.403019,0.360578,0.638026,0.538103,0.0737691,0.416788,0.0160284,0.139563,0.385663,0.360015,0.346569,0.452352,0.33376,0.302157,0.483102,0.402085,1,0.392844,0.473813,0.476865,0.504572,0.353141,0.4232,0.558141,0.32586,0.405325,0.395411,0.339983,0.194306,0.0195923,0.452554,0.488008,0.679979,0.417216,0.497655,-0.337032,0.320059,0.437371,0.384942,0.534533,0.442873,0.256015,0.558064,0.616029,0.419611,0.584581,0.531516,0.528633,0.292585,0.311943,0.0984874,0.290607,0.345161,0.177616,0.44249,0.508848,0.232121,0.525743,0.434309,0.0201881,0.495063
0.641052,0.658641,0.738086,0.581485,0.594632,0.606856,0.316518,0.412509,0.559062,0.454523,0.564036,0.368435,0.645787,0.723061,0.52406,0.617819,0.745358,0.437651,0.606562,0.73819,0.752942,0.511964,0.606293,0.731882,0.365695,0.447727,0.603313,0.69769,0.227123,0.509899,0.156774,0.200675,0.543226,0.526168,0.466306,0.478752,0.000305059,0.520534,0.711743,0.704905,0.392844,1,0.618208,0.657303,0.697249,0.784781,0.788588,0.622457,0.336022,0.544922,0.313304,0.431511,0.496227,0.408242,0.649042,0.646238,0.584481,0.674567,0.60976,-0.0622416,0.359751,0.414453,0.507969,0.672699,0.588163,-0.000219454,0.453334,0.725188,0.407,0.602352,0.713716,0.463307,0.103558,0.121609,0.178886,0.300352,0.645369,0.55065,0.609831,0.195869,0.412641,0.742239,0.530174,0.299714,0.414811
0.757538,0.651873,0.805184,0.717283,0.645113,0.726689,0.450688,0.550823,0.64428,0.523487,0.594622,0.507641,0.74419,0.761716,0.47797,0.753255,0.674565,0.445137,0.65006,0.727023,0.720202,0.467106,0.740354,0.772433,0.195725,0.551043,0.620206,0.724765,0.18074,0.427509,0.177431,0.166296,0.707944,0.524173,0.620059,0.397272,0.279945,0.505905,0.658915,0.769827,0.473813,0.618208,1,0.815886,0.911309,0.699995,0.714675,0.540103,0.250222,0.390623,0.462561,0.41855,0.467234,0.299528,0.663899,0.860757,0.559128,0.767844,0.570263,0.138967,0.349791,0.466479,0.604015,0.779472,0.736713,0.0771759,0.563512,0.85212,0.538455,0.614444,0.740399,0.62723,0.205727,-0.00247715,0.152171,0.5097,0.634472,0.468772,0.679586,0.121371,0.623698,0.729834,0.765688,0.16965,0.768927
0.761169,0.710005,0.768883,0.53564,0.634349,0.660417,0.392948,0.484467,0.559962,0.612434,0.600513,0.374352,0.717301,0.800079,0.522536,0.758335,0.681805,0.353883,0.555823,0.746424,0.696591,0.466669,0.706777,0.761307,0.214653,0.484298,0.653739,0.638451,-0.086046,0.474634,0.0601998,0.143793,0.712014,0.529111,0.562561,0.512882,0.185906,0.57772,0.74215,0.816575,0.476865,0.657303,0.815886,1,0.840635,0.752149,0.726853,0.545415,0.179194,0.505507,0.389896,0.37623,0.469634,0.189103,0.663158,0.839109,0.679785,0.861056,0.693708,-0.0516825,0.288768,0.498167,0.676479,0.768111,0.78281,0.102079,0.588824,0.862827,0.514489,0.50157,0.693448,0.571357,0.111298,0.103625,0.140487,0.548939,0.642764,0.538361,0.588663,0.277363,0.484549,0.723348,0.67276,0.166277,0.656048
0.841988,0.71693,0.869228,0.746662,0.648946,0.687168,0.44469,0.508725,0.631338,0.602755,0.704604,0.487261,0.790429,0.783732,0.479466,0.783707,0.756049,0.494316,0.603695,0.768537,0.74158,0.530851,0.684374,0.768987,0.352114,0.510118,0.579213,0.677335,0.144902,0.432395,0.197797,0.126495,0.724355,0.586564,0.55758,0.491784,0.350868,0.55684,0.722599,0.796868,0.504572,0.697249,0.911309,0.840635,1,0.797729,0.745525,0.559302,0.201007,0.472527,0.39311,0.556535,0.598224,0.329678,0.71286,0.828264,0.614583,0.847023,0.739908,-0.019129,0.338291,0.4695,0.560368,0.78063,0.781226,0.211172,0.55317,0.857548,0.471967,0.58801,0.659162,0.557218,0.215303,0.014023,0.169138,0.497167,0.736295,0.591772,0.69239,0.109942,0.572203,0.842326,0.755316,0.117886,0.724388
0.763178,0.62165,0.810882,0.69107,0.691665,0.490399,0.452491,0.364116,0.629113,0.544502,0.600204,0.441076,0.679615,0.74997,0.359581,0.651447,0.722075,0.421749,0.472392,0.668529,0.672778,0.584051,0.57435,0.699,0.282586,0.603379,0.494427,0.598864,0.024509,0.492093,0.0946115,0.285479,0.600939,0.522944,0.377296,0.433715,0.168032,0.610805,0.735107,0.773511,0.353141,0.784781,0.699995,0.752149,0.797729,1,0.827204,0.524246,0.29483,0.454744,0.252111,0.456119,0.636802,0.416562,0.718923,0.709806,0.636476,0.775719,0.672587,-0.100956,0.38609,0.388295,0.491518,0.635493,0.655023,0.207993,0.393806,0.766439,0.518614,0.439313,0.631219,0.481139,-0.0156738,0.0698923,0.144163,0.326727,0.655902,0.500346,0.635042,0.163191,0.478447,0.785842,0.568205,0.287107,0.498929
0.739056,0.692566,0.829306,0.704025,0.745668,0.590416,0.433886,0.467441,0.576245,0.625823,0.599141,0.512145,0.694377,0.752414,0.39327,0.688032,0.766536,0.454964,0.491067,0.685237,0.692032,0.504194,0.642175,0.761033,0.294877,0.567364,0.498923,0.645347,0.164477,0.539746,0.0868611,0.278332,0.630086,0.467627,0.426424,0.503622,0.174808,0.601456,0.804878,0.756916,0.4232,0.788588,0.714675,0.726853,0.745525,0.827204,1,0.573489,0.441971,0.485038,0.371281,0.483514,0.58526,0.575389,0.826861,0.65494,0.644678,0.761813,0.726891,0.0419852,0.425639,0.433372,0.489081,0.722709,0.695748,0.0612354,0.508782,0.805353,0.528461,0.58885,0.648718,0.594456,0.041329,0.121137,0.16862,0.256557,0.623027,0.440772,0.582399,0.151971,0.49102,0.794907,0.583546,0.190988,0.503847
0.660492,0.657583,0.609393,0.423736,0.442514,0.630688,0.543177,0.508566,0.497619,0.394626,0.676253,0.360865,0.591228,0.646868,0.618226,0.612787,0.706407,0.530013,0.623595,0.658319,0.705962,0.513612,0.623078,0.742232,0.312632,0.406596,0.689616,0.65631,0.225112,0.502399,0.28868,0.306022,0.502428,0.555015,0.544472,0.578903,0.0911884,0.433878,0.613581,0.500448,0.558141,0.622457,0.540103,0.545415,0.559302,0.524246,0.573489,1,0.225751,0.388772,0.48184,0.273791,0.17116,0.363426,0.699468,0.576696,0.62138,0.575987,0.624516,-0.0998886,0.186851,0.533101,0.529891,0.684413,0.551427,0.115385,0.51855,0.746119,0.325157,0.727833,0.65378,0.578672,0.268035,0.115463,0.228402,0.405673,0.505576,0.329139,0.664319,0.229508,0.249487,0.653779,0.389922,-0.145712,0.516431
0.266384,0.399313,0.468659,0.409986,0.488115,0.299975,0.430194,0.447808,0.249383,0.367584,0.0631979,0.414751,0.421789,0.262449,0.239274,0.20002,0.4342,0.331112,0.32625,0.296887,0.308798,0.194539,0.452874,0.467732,0.0572891,0.492377,0.395827,0.505516,0.197104,0.547857,-0.241316,0.144096,0.173498,0.204555,0.253056,0.318958,0.226066,0.0725912,0.478952,0.268504,0.32586,0.336022,0.250222,0.179194,0.201007,0.29483,0.441971,0.225751,1,0.112433,0.47573,0.316017,0.168799,0.390829,0.319796,0.278197,0.339073,0.264263,0.21759,0.0253575,0.264045,0.216012,0.251619,0.384771,0.271179,-0.0570693,0.487157,0.393797,0.505937,0.382843,0.459153,0.426016,0.0611262,0.178881,0.0181369,0.121652,0.246244,-0.115019,0.235301,0.305276,0.391213,0.340927,0.34818,0.269801,0.259987
0.485189,0.411057,0.411341,0.21599,0.324069,0.386571,0.350379,0.221407,0.400852,0.304689,0.277133,0.00388542,0.397754,0.632242,0.404771,0.427778,0.493183,0.279667,0.470148,0.520717,0.557595,0.247925,0.366339,0.490339,0.346792,0.297822,0.361294,0.438063,-0.08259,0.373165,0.236871,0.146657,0.407813,0.355437,0.422832,0.507535,-0.00130855,0.416168,0.470657,0.502473,0.405325,0.544922,0.390623,0.505507,0.472527,0.454744,0.485038,0.388772,0.112433,1,0.175122,0.60511,0.377574,-0.0116846,0.371823,0.564044,0.544691,0.5294,0.470195,0.00363892,0.432644,0.377774,0.354249,0.442518,0.482613,0.166879,0.161242,0.503282,0.309544,0.351086,0.332744,0.347258,-0.00865685,0.191616,-0.0191888,0.276935,0.448957,0.393989,0.497832,0.19138,0.117965,0.499586,0.418664,0.0902759,0.156879
0.43994,0.533279,0.515447,0.442639,0.5001,0.432185,0.512597,0.469374,0.383024,0.45364,0.405973,0.44379,0.540899,0.353663,0.324219,0.524318,0.546575,0.521209,0.480042,0.672858,0.414337,0.471358,0.437871,0.600577,0.307949,0.473841,0.499925,0.522534,0.271669,0.475524,0.102352,-0.0171725,0.560906,0.520844,0.488463,0.614278,0.0871565,0.350111,0.565527,0.478125,0.395411,0.313304,0.462561,0.389896,0.39311,0.252111,0.371281,0.48184,0.47573,0.175122,1,0.467073,0.269098,0.363198,0.457609,0.513221,0.443111,0.445573,0.374648,0.0564181,0.158191,0.354224,0.442179,0.660099,0.528909,-0.13962,0.620524,0.554311,0.461679,0.354516,0.535094,0.279837,0.363413,0.0582123,0.0920696,0.369553,0.433922,0.351358,0.265364,0.280472,0.516889,0.501278,0.561327,0.312197,0.518172
0.498615,0.44205,0.577047,0.534477,0.45766,0.230409,0.40065,0.255933,0.497502,0.532885,0.414696,0.459308,0.623034,0.519517,0.136412,0.492227,0.621119,0.529917,0.516723,0.609438,0.517187,0.374506,0.353467,0.544105,0.49243,0.438143,0.257038,0.444195,0.279495,0.261232,0.231435,0.004969,0.442824,0.570481,0.412719,0.646573,0.24728,0.476093,0.549914,0.540234,0.339983,0.431511,0.41855,0.37623,0.556535,0.456119,0.483514,0.273791,0.316017,0.60511,0.467073,1,0.584496,0.380979,0.499772,0.532277,0.415989,0.541835,0.561942,0.0686204,0.307955,0.230087,0.336451,0.526804,0.593229,0.141823,0.280585,0.499479,0.466214,0.336781,0.278153,0.376277,0.284255,0.286212,0.186367,0.270292,0.532494,0.442132,0.443919,0.131434,0.42994,0.597108,0.579489,0.2419,0.343868
