1,0.855431,0.948847,0.808514,0.783112,0.664231,0.432802,0.57321,0.577577,0.729108,0.728702,0.74135,0.808276,0.838226,0.71888,0.629443,0.748728,0.610866,0.670025,0.812669,0.826139,0.64238,0.711873,0.786038,0.487513,0.760769,0.792785,0.68637,0.0284877,0.533805,0.284769,0.472658,0.611818,0.482129,0.6181,0.289652,0.206586,0.59675,0.771788,0.774147,0.185942,0.737856,0.916624,0.854349,0.914549,0.712985,0.81998,0.762699,0.546295,0.57324,0.454253,0.701424,0.688376,0.69518,0.814601,0.789735,0.612618,0.762135,0.833783,0.591588,0.699877,0.304202,0.560274,0.892371,0.80764,0.451067,0.383947,0.755302,0.460736,0.565741,0.719512,0.53082,0.246796,0.0587059,0.403334,0.645709,0.515852,0.462985,0.567032,0.223925,0.501629,0.88386,0.633918,0.346983,0.576952
0.855431,1,0.813228,0.699353,0.727614,0.631782,0.418841,0.514865,0.575753,0.652366,0.659059,0.746242,0.832104,0.7104,0.60423,0.724118,0.807651,0.537744,0.608423,0.621894,0.698176,0.532207,0.677959,0.723359,0.374506,0.639651,0.668222,0.499995,0.170666,0.448409,0.105966,0.365189,0.385684,0.338963,0.426985,0.0677597,0.354699,0.51888,0.600731,0.630068,0.0949773,0.570806,0.794009,0.821367,0.764726,0.553231,0.701711,0.607269,0.47286,0.461125,0.3773,0.539951,0.49116,0.498032,0.696137,0.603006,0.544151,0.747914,0.74285,0.469644,0.530757,0.378545,0.351873,0.796251,0.677759,0.389532,0.37956,0.686935,0.413458,0.396881,0.598597,0.341422,0.194137,-0.00110716,0.326624,0.47906,0.363849,0.228289,0.500916,0.318573,0.364275,0.719573,0.505374,0.249396,0.458476
0.948847,0.813228,1,0.860513,0.790556,0.704578,0.422907,0.523529,0.567669,0.719773,0.781997,0.716798,0.759259,0.793996,0.721681,0.50425,0.666595,0.62083,0.731538,0.787301,0.860638,0.686252,0.702362,0.805797,0.561219,0.780317,0.775022,0.679267,-0.00497329,0.517856,0.31662,0.446459,0.631831,0.501475,0.549199,0.256917,0.203306,0.570084,0.801864,0.736718,0.0897676,0.728544,0.930277,0.837168,0.959607,0.77619,0.805744,0.699208,0.503651,0.498522,0.413465,0.723195,0.7429,0.669719,0.790779,0.815179,0.617144,0.698076,0.839582,0.586269,0.659476,0.240143,0.601981,0.886889,0.804836,0.459889,0.500695,0.77235,0.418059,0.570314,0.714612,0.561123,0.2245,0.00890704,0.41924,0.704353,0.538641,0.462712,0.542032,0.134844,0.447186,0.911219,0.680021,0.316344,0.593589
0.808514,0.699353,0.860513,1,0.771433,0.616214,0.450877,0.401211,0.622396,0.621531,0.756411,0.547176,0.617876,0.683625,0.568677,0.453069,0.522889,0.624898,0.582939,0.716709,0.68039,0.634193,0.620961,0.639465,0.502286,0.612728,0.694301,0.611437,0.120132,0.378759,0.0854247,0.227173,0.674507,0.431879,0.407104,0.00508737,0.158551,0.411252,0.671042,0.713722,0.00221932,0.718126,0.805154,0.717055,0.85069,0.709258,0.629459,0.749278,0.295272,0.566211,0.604177,0.647023,0.744387,0.599095,0.712082,0.735114,0.679774,0.648066,0.771044,0.482491,0.489031,0.198268,0.405681,0.755452,0.644483,0.425847,0.359354,0.65289,0.487704,0.395549,0.698392,0.403637,0.262398,-0.0749625,0.330584,0.568991,0.265891,0.241105,0.466234,0.08535,0.447879,0.837082,0.693446,0.356682,0.546144
0.783112,0.727614,0.790556,0.771433,1,0.681303,0.416505,0.348264,0.472099,0.60665,0.706051,0.506189,0.589463,0.844927,0.647599,0.48572,0.462036,0.535073,0.675837,0.687887,0.740517,0.529541,0.716521,0.680905,0.339277,0.58806,0.701474,0.537405,0.195931,0.457267,0.140728,0.271579,0.651089,0.49676,0.479619,0.220226,0.0915877,0.561701,0.788705,0.71216,0.0676163,0.622634,0.743237,0.739392,0.76877,0.660314,0.671409,0.631501,0.442059,0.470368,0.447128,0.584726,0.647563,0.489715,0.611875,0.678521,0.512595,0.665388,0.635419,0.326949,0.389985,0.172444,0.411069,0.814516,0.753321,0.536431,0.406534,0.639636,0.404722,0.497427,0.63332,0.414086,0.138667,-0.0794,0.3413,0.679665,0.398552,0.288984,0.497508,0.408849,0.320423,0.751356,0.637644,0.226077,0.641105
0.664231,0.631782,0.704578,0.616214,0.681303,1,0.403186,0.407188,0.658284,0.419121,0.507297,0.451778,0.528196,0.634168,0.546993,0.291782,0.515948,0.634859,0.53848,0.574402,0.642602,0.551696,0.611161,0.819065,0.331168,0.592323,0.584547,0.437136,0.189709,0.217013,0.250062,0.248548,0.445,0.368151,0.496004,-0.0111844,0.348721,0.311585,0.521924,0.448092,0.0637307,0.577209,0.664138,0.570919,0.600128,0.434382,0.670516,0.335779,0.520686,0.496995,0.513758,0.404186,0.346733,0.319509,0.458222,0.595483,0.454738,0.428194,0.565974,0.356292,0.298252,0.383402,0.272267,0.622253,0.607707,0.409637,0.49719,0.768284,0.307759,0.330801,0.59148,0.390877,0.188018,-0.0688531,0.519139,0.549133,0.336804,0.318914,0.572841,0.345814,0.273612,0.599784,0.553309,0.394132,0.561582
0.432802,0.418841,0.422907,0.450877,0.416505,0.403186,1,0.495257,0.551327,0.205419,0.377279,0.27206,0.216112,0.28058,0.17262,0.214347,0.294832,0.234967,0.246282,0.219726,0.159212,0.108703,0.402855,0.411723,0.129659,0.267119,0.44952,0.195163,0.369666,-0.0279184,0.337716,-0.0512618,0.226671,0.168494,0.230079,-0.00165729,0.0945252,0.319368,0.240043,0.269456,0.0141418,0.400178,0.324993,0.37911,0.320594,0.274943,0.328525,0.277774,0.266705,0.290086,0.456846,0.112165,0.182237,0.257854,0.293085,0.414472,0.272928,0.388217,0.341627,0.170007,0.190943,0.281972,0.213463,0.373203,0.256297,0.208879,0.479082,0.467457,0.266785,0.31704,0.564269,0.202396,0.431807,-0.307416,0.205838,0.408311,0.137659,0.340905,0.484024,0.00250243,0.206223,0.406033,0.396501,0.356789,0.168566
0.57321,0.514865,0.523529,0.401211,0.348264,0.407188,0.495257,1,0.35699,0.409492,0.313279,0.419725,0.470843,0.453123,0.441939,0.432653,0.575224,0.373413,0.428473,0.506429,0.400573,0.349439,0.36135,0.504349,0.269043,0.325444,0.489174,0.424331,-0.0927342,0.193186,0.149029,0.287609,0.154167,0.00596764,0.242247,0.0521897,0.207578,0.444134,0.408027,0.268704,0.153082,0.530382,0.446533,0.548046,0.464439,0.439788,0.476018,0.319975,0.405616,0.427324,0.335613,0.417786,0.37153,0.465942,0.429352,0.618149,0.347273,0.45634,0.454865,0.429475,0.542726,0.167441,0.247233,0.490303,0.4314,0.487074,0.186885,0.571479,0.0995499,0.163998,0.484152,0.127643,0.00544076,-0.084718,0.301459,0.40177,0.179258,0.447409,0.402327,-0.0597311,0.473156,0.560671,0.435455,0.293956,0.116626
0.577577,0.575753,0.567669,0.622396,0.472099,0.658284,0.551327,0.35699,1,0.261872,0.434191,0.459574,0.453013,0.399864,0.348652,0.314218,0.600096,0.673419,0.220206,0.465306,0.37018,0.344522,0.4457,0.61678,0.282518,0.490332,0.499985,0.487202,0.280476,0.0687779,-0.00341419,0.172173,0.25616,0.25624,0.389002,-0.229722,0.414717,0.153652,0.322266,0.486237,-0.078012,0.457958,0.522389,0.471982,0.469851,0.27539,0.507401,0.407994,0.277415,0.46396,0.685558,0.299068,0.169546,0.304934,0.431181,0.464163,0.446907,0.391729,0.513435,0.318023,0.217888,0.548947,0.079055,0.481402,0.354813,0.223957,0.482153,0.679833,0.485577,0.19723,0.606351,0.237915,0.342777,-0.142331,0.490824,0.230429,0.0850398,0.108859,0.386748,0.0618456,0.314183,0.535017,0.519415,0.604841,0.274969
0.729108,0.652366,0.719773,0.621531,0.60665,0.419121,0.205419,0.409492,0.261872,1,0.804685,0.60883,0.743098,0.666886,0.521596,0.552961,0.629933,0.393752,0.663693,0.550687,0.70695,0.467279,0.649538,0.534644,0.596298,0.519834,0.614088,0.513137,0.0346997,0.414293,0.260532,0.379716,0.381692,0.334107,0.529201,0.240709,0.077792,0.390481,0.665418,0.572569,0.205049,0.512756,0.65212,0.653312,0.746444,0.616494,0.708305,0.609457,0.4248,0.41387,0.217345,0.76482,0.733887,0.559867,0.723199,0.589774,0.405474,0.605363,0.742636,0.422232,0.612454,0.170969,0.416537,0.74985,0.689684,0.415769,0.342129,0.460913,0.355205,0.354245,0.555569,0.291238,0.17545,-0.0285038,0.272781,0.544672,0.470427,0.490376,0.275441,0.0208885,0.359443,0.659737,0.420372,0.0928192,0.506183
0.728702,0.659059,0.781997,0.756411,0.706051,0.507297,0.377279,0.313279,0.434191,0.804685,1,0.660412,0.682143,0.634042,0.493552,0.541134,0.525129,0.375873,0.690603,0.58044,0.705573,0.533455,0.658974,0.540558,0.611124,0.657157,0.649092,0.574084,0.181618,0.374686,0.132861,0.32202,0.459612,0.440235,0.492575,0.285718,0.0793003,0.359727,0.679184,0.684869,-0.0915843,0.4912,0.725309,0.674502,0.803326,0.703538,0.728637,0.644018,0.330625,0.41995,0.272683,0.702235,0.762095,0.572862,0.76948,0.552926,0.414518,0.663986,0.808783,0.426713,0.543164,0.136179,0.456671,0.774401,0.70704,0.478867,0.566873,0.529991,0.455563,0.494398,0.6473,0.397958,0.203154,-0.137918,0.256952,0.612677,0.524229,0.400945,0.438439,0.0383001,0.261399,0.757218,0.611187,0.132618,0.461565
0.74135,0.746242,0.716798,0.547176,0.506189,0.451778,0.27206,0.419725,0.459574,0.60883,0.660412,1,0.86159,0.559149,0.618678,0.693561,0.77765,0.441866,0.564981,0.623563,0.663075,0.446245,0.66402,0.553177,0.549213,0.642657,0.627997,0.428647,0.166,0.470697,0.233766,0.499156,0.27073,0.363314,0.561529,0.221764,0.239926,0.517061,0.614525,0.645902,0.0151121,0.36276,0.725252,0.754248,0.714671,0.540855,0.691759,0.577788,0.460225,0.437353,0.308693,0.53496,0.53252,0.679717,0.790282,0.413345,0.447435,0.687693,0.762975,0.404616,0.453368,0.306139,0.383328,0.757781,0.62128,0.248845,0.430362,0.529844,0.491271,0.534996,0.607795,0.370959,0.361095,0.0418825,0.325644,0.418149,0.501248,0.240974,0.436325,0.123372,0.410349,0.741844,0.50167,0.0694228,0.30188
0.808276,0.832104,0.759259,0.617876,0.589463,0.528196,0.216112,0.470843,0.453013,0.743098,0.682143,0.86159,1,0.660473,0.581313,0.791956,0.81451,0.498344,0.608232,0.663253,0.754681,0.550453,0.654957,0.593297,0.603225,0.585412,0.598067,0.452613,0.0100646,0.473092,0.163755,0.44623,0.298825,0.33546,0.576754,0.0981569,0.293032,0.541635,0.655222,0.661891,0.170928,0.521063,0.742864,0.787408,0.734476,0.553615,0.70466,0.66646,0.566412,0.492426,0.297929,0.688775,0.564087,0.597706,0.789999,0.500733,0.439796,0.720419,0.796694,0.502245,0.581561,0.391029,0.412774,0.822136,0.717707,0.43624,0.284867,0.574875,0.473363,0.488209,0.563782,0.302006,0.232095,0.0228701,0.40107,0.479736,0.419228,0.314065,0.419253,0.128148,0.384417,0.712672,0.48977,0.109903,0.359991
0.838226,0.7104,0.793996,0.683625,0.844927,0.634168,0.28058,0.453123,0.399864,0.666886,0.634042,0.559149,0.660473,1,0.683374,0.499794,0.52398,0.616283,0.666929,0.850689,0.835395,0.620163,0.665778,0.717449,0.413021,0.57656,0.728848,0.69852,0.0170649,0.555159,0.195821,0.480159,0.669638,0.480219,0.630121,0.418943,0.105333,0.619209,0.836326,0.774099,0.196147,0.660566,0.756738,0.730082,0.770882,0.657271,0.744522,0.688433,0.481233,0.533656,0.416118,0.629578,0.657322,0.573563,0.624409,0.794073,0.507341,0.646171,0.650897,0.453859,0.530759,0.285368,0.459371,0.841787,0.819814,0.559572,0.235994,0.662536,0.392747,0.451744,0.625615,0.397985,0.0377153,0.0644802,0.459894,0.708999,0.43477,0.436569,0.480481,0.445078,0.491084,0.763216,0.674132,0.282248,0.701552
0.71888,0.60423,0.721681,0.568677,0.647599,0.546993,0.17262,0.441939,0.348652,0.521596,0.493552,0.618678,0.581313,0.683374,1,0.359344,0.58447,0.424349,0.546616,0.745247,0.756885,0.505412,0.464432,0.699464,0.293373,0.517158,0.582691,0.550745,-0.00824725,0.477259,0.2959,0.504105,0.545358,0.353565,0.587433,0.343585,0.0644997,0.572875,0.704597,0.567393,0.285031,0.469977,0.686874,0.692851,0.697679,0.440913,0.720286,0.529703,0.441254,0.330105,0.247763,0.579531,0.522631,0.525664,0.545632,0.606465,0.459202,0.443274,0.594339,0.129025,0.482506,0.17567,0.468294,0.708703,0.675092,0.391399,0.233104,0.671602,0.343024,0.429557,0.448023,0.416218,0.101625,0.0901783,0.341462,0.511777,0.413482,0.2201,0.383856,0.292519,0.472632,0.726564,0.518081,0.0522227,0.522489
0.629443,0.724118,0.50425,0.453069,0.48572,0.291782,0.214347,0.432653,0.314218,0.552961,0.541134,0.693561,0.791956,0.499794,0.359344,1,0.708213,0.288561,0.41947,0.524535,0.453219,0.23073,0.51327,0.256495,0.333302,0.449623,0.474024,0.336721,-0.0107195,0.330735,-0.104707,0.257382,0.155832,0.0711037,0.302267,0.026948,0.111033,0.393371,0.444283,0.582469,-0.0565867,0.308416,0.557598,0.700052,0.499353,0.437628,0.465206,0.599653,0.443101,0.592003,0.305405,0.474757,0.453115,0.492213,0.727126,0.228187,0.4402,0.851406,0.67658,0.407881,0.385695,0.21154,0.164363,0.632748,0.446092,0.329076,0.11288,0.302182,0.498576,0.303715,0.372422,0.143135,0.127524,-0.218188,0.0976751,0.279036,0.301501,0.202269,0.33576,0.153108,0.26013,0.473072,0.39421,0.052273,0.12876
0.748728,0.807651,0.666595,0.522889,0.462036,0.515948,0.294832,0.575224,0.600096,0.629933,0.525129,0.77765,0.81451,0.52398,0.58447,0.708213,1,0.60015,0.397616,0.537114,0.558079,0.333292,0.598862,0.641891,0.370663,0.577589,0.622439,0.429877,0.0785714,0.357202,0.039714,0.35563,0.179877,0.171334,0.457859,0.0172844,0.439367,0.368064,0.422908,0.439264,0.0932848,0.444687,0.679557,0.748858,0.603592,0.355946,0.667527,0.509213,0.421462,0.522277,0.412997,0.543132,0.365855,0.570019,0.750266,0.459474,0.41281,0.606697,0.774608,0.394121,0.508591,0.457415,0.247904,0.648966,0.542493,0.313325,0.284803,0.643285,0.362412,0.370955,0.498233,0.244613,0.271884,-5.09693e-05,0.234213,0.30203,0.292985,0.21906,0.387716,0.0330171,0.511255,0.604734,0.324119,0.188041,0.279126
0.610866,0.537744,0.62083,0.624898,0.535073,0.634859,0.234967,0.373413,0.673419,0.393752,0.375873,0.441866,0.498344,0.616283,0.424349,0.288561,0.60015,1,0.284187,0.624732,0.55388,0.394167,0.477287,0.695616,0.26391,0.491793,0.577564,0.539869,0.100281,0.388446,-0.00773757,0.215761,0.421857,0.372944,0.395402,0.000339095,0.396133,0.361,0.502309,0.441027,-0.0203111,0.567168,0.605048,0.544434,0.541611,0.395767,0.510745,0.51418,0.23879,0.476421,0.631032,0.426506,0.339311,0.457627,0.524869,0.614542,0.438662,0.342297,0.573278,0.39726,0.241978,0.410327,0.187757,0.542624,0.595823,0.373534,0.233314,0.686745,0.291324,0.184338,0.518395,0.229113,0.143003,0.0480187,0.435863,0.46212,0.201729,0.124576,0.281098,0.0435683,0.613981,0.600965,0.519414,0.471108,0.549174
0.670025,0.608423,0.731538,0.582939,0.675837,0.53848,0.246282,0.428473,0.220206,0.663693,0.690603,0.564981,0.608232,0.666929,0.546616,0.41947,0.397616,0.284187,1,0.570503,0.73687,0.671524,0.730059,0.559802,0.571959,0.587649,0.641735,0.54261,-0.0715554,0.422816,0.273192,0.407405,0.578182,0.567102,0.428811,0.30719,0.0896268,0.478759,0.760999,0.584822,0.0619302,0.468096,0.626709,0.611577,0.745731,0.659379,0.696496,0.404582,0.559686,0.30486,0.193867,0.571595,0.68107,0.535829,0.570397,0.67755,0.306748,0.605558,0.607688,0.443019,0.575655,-0.0864216,0.678412,0.775327,0.76679,0.545609,0.44151,0.518338,0.22618,0.521512,0.580884,0.336876,0.0230036,-0.0245824,0.308097,0.76223,0.568572,0.50595,0.55174,0.25618,0.29569,0.697185,0.534386,0.0820303,0.486843
0.812669,0.621894,0.787301,0.716709,0.687887,0.574402,0.219726,0.506429,0.465306,0.550687,0.58044,0.623563,0.663253,0.850689,0.745247,0.524535,0.537114,0.624732,0.570503,1,0.839966,0.673724,0.558711,0.654203,0.438551,0.607002,0.678438,0.791515,-0.141359,0.493237,0.165923,0.500227,0.65998,0.419368,0.617978,0.281304,0.0146017,0.576572,0.807542,0.815156,0.204021,0.637922,0.766244,0.763393,0.776534,0.641774,0.715446,0.732315,0.472272,0.593197,0.449228,0.640567,0.709024,0.600636,0.665137,0.723968,0.657109,0.615517,0.711192,0.47445,0.553136,0.234318,0.409684,0.817961,0.756047,0.546893,0.131734,0.671941,0.512686,0.38654,0.591922,0.311947,0.0283677,0.00711562,0.390877,0.588762,0.398468,0.345395,0.463062,0.265679,0.60445,0.825372,0.775592,0.29762,0.611093
0.826139,0.698176,0.860638,0.68039,0.740517,0.642602,0.159212,0.400573,0.37018,0.70695,0.705573,0.663075,0.754681,0.835395,0.756885,0.453219,0.558079,0.55388,0.73687,0.839966,1,0.769009,0.632678,0.740226,0.563438,0.67582,0.66236,0.699142,-0.0912495,0.541189,0.293173,0.570418,0.634249,0.533445,0.65338,0.321165,0.104168,0.54797,0.834011,0.714803,0.197448,0.610642,0.825023,0.76113,0.847517,0.705073,0.822509,0.599738,0.564611,0.382671,0.230891,0.746723,0.705975,0.51719,0.646962,0.710662,0.507084,0.561111,0.716609,0.462038,0.629141,0.28296,0.568908,0.904188,0.902485,0.592869,0.333066,0.660441,0.393016,0.55228,0.595039,0.430634,0.0103277,0.15369,0.461805,0.688957,0.548091,0.39021,0.499512,0.31711,0.46233,0.838142,0.669027,0.126812,0.671953
0.64238,0.532207,0.686252,0.634193,0.529541,0.551696,0.108703,0.349439,0.344522,0.467279,0.533455,0.446245,0.550453,0.620163,0.505412,0.23073,0.333292,0.394167,0.671524,0.673724,0.769009,1,0.504095,0.628668,0.448648,0.551618,0.557453,0.643736,-0.104773,0.398196,0.0587422,0.41543,0.629547,0.503964,0.398766,0.100967,0.160161,0.377474,0.575029,0.567046,0.204122,0.560704,0.646898,0.552805,0.680464,0.59694,0.641887,0.360854,0.406041,0.282293,0.225608,0.517456,0.550085,0.286145,0.371585,0.651514,0.433466,0.374116,0.468585,0.50428,0.580031,0.19934,0.474035,0.68184,0.712924,0.529194,0.253992,0.608148,0.177742,0.446827,0.605288,0.32161,-0.0825606,0.264689,0.464359,0.481393,0.337231,0.267396,0.497981,0.238271,0.402968,0.733984,0.591884,0.268849,0.479753
0.711873,0.677959,0.702362,0.620961,0.716521,0.611161,0.402855,0.36135,0.4457,0.649538,0.658974,0.66402,0.654957,0.665778,0.464432,0.51327,0.598862,0.477287,0.730059,0.558711,0.632678,0.504095,1,0.598925,0.503651,0.658313,0.840369,0.478203,0.2698,0.314366,0.188158,0.393966,0.547617,0.515203,0.448816,0.170205,0.200128,0.360151,0.604858,0.55515,0.158034,0.471606,0.648854,0.704071,0.721823,0.536106,0.713485,0.466309,0.60065,0.531957,0.430266,0.51721,0.606525,0.578479,0.662942,0.618663,0.477534,0.63404,0.683058,0.362964,0.418015,0.105188,0.428483,0.762668,0.692894,0.40321,0.490024,0.540882,0.340457,0.504108,0.759422,0.358293,0.420787,0.0119268,0.263361,0.599054,0.463541,0.436479,0.660632,0.284623,0.404949,0.697148,0.422569,0.215536,0.573829
0.786038,0.723359,0.805797,0.639465,0.680905,0.819065,0.411723,0.504349,0.61678,0.534644,0.540558,0.553177,0.593297,0.717449,0.699464,0.256495,0.641891,0.695616,0.559802,0.654203,0.740226,0.628668,0.598925,1,0.316481,0.654876,0.648966,0.584316,0.0965345,0.449796,0.271906,0.42119,0.520933,0.483983,0.554392,0.234038,0.44764,0.55973,0.58364,0.482445,0.258408,0.713314,0.716895,0.62915,0.699139,0.414697,0.794175,0.4052,0.52198,0.389345,0.341262,0.466661,0.387163,0.409922,0.494656,0.745599,0.364756,0.372073,0.611847,0.307572,0.54155,0.414752,0.469802,0.703588,0.72553,0.446844,0.433881,0.937168,0.225656,0.391767,0.652453,0.458091,0.186223,0.0641486,0.526204,0.577643,0.404074,0.34974,0.576441,0.240243,0.56212,0.729233,0.531867,0.438278,0.606517
0.487513,0.374506,0.561219,0.502286,0.339277,0.331168,0.129659,0.269043,0.282518,0.596298,0.611124,0.549213,0.603225,0.413021,0.293373,0.333302,0.370663,0.26391,0.571959,0.438551,0.563438,0.448648,0.503651,0.316481,1,0.518906,0.377897,0.335774,-0.119726,0.287044,0.322771,0.460612,0.219531,0.29964,0.436335,0.0559014,-0.0249804,0.112142,0.59744,0.51888,-0.0407604,0.353446,0.560027,0.453482,0.653425,0.615963,0.533667,0.455124,0.3279,0.32925,0.220554,0.569862,0.565662,0.482239,0.535488,0.468205,0.374839,0.389132,0.583541,0.47706,0.445982,0.136198,0.438303,0.636514,0.484528,0.282898,0.438149,0.244654,0.455923,0.363348,0.484145,0.265193,0.228007,-0.028825,0.30409,0.451512,0.250088,0.469559,0.308206,0.0273796,0.194937,0.559693,0.51897,-0.0539202,0.281974
0.760769,0.639651,0.780317,0.612728,0.58806,0.592323,0.267119,0.325444,0.490332,0.519834,0.657157,0.642657,0.585412,0.57656,0.517158,0.449623,0.577589,0.491793,0.587649,0.607002,0.67582,0.551618,0.658313,0.654876,0.518906,1,0.616866,0.569688,0.0254845,0.429408,0.210501,0.449589,0.47711,0.488121,0.432672,0.235965,0.124049,0.310121,0.595777,0.566679,-0.0424485,0.514129,0.841183,0.706175,0.796666,0.600021,0.701005,0.460687,0.48925,0.403737,0.274471,0.501579,0.559204,0.506282,0.665989,0.572539,0.503401,0.55912,0.735716,0.505738,0.516491,0.117829,0.434165,0.718751,0.682909,0.271166,0.551124,0.603754,0.337711,0.523612,0.638903,0.645944,0.274501,0.125124,0.247184,0.532446,0.554203,0.371556,0.582269,0.156721,0.281877,0.73375,0.555963,0.254889,0.544586
0.792785,0.668222,0.775022,0.694301,0.701474,0.584547,0.44952,0.489174,0.499985,0.614088,0.649092,0.627997,0.598067,0.728848,0.582691,0.474024,0.622439,0.577564,0.641735,0.678438,0.66236,0.557453,0.840369,0.648966,0.377897,0.616866,1,0.630167,0.204966,0.402241,0.119136,0.392584,0.617862,0.456501,0.392308,0.279714,0.137613,0.40139,0.627868,0.607254,0.0961033,0.498612,0.706072,0.778869,0.772479,0.617383,0.694791,0.548263,0.415035,0.529947,0.510202,0.575371,0.647776,0.590612,0.662188,0.744278,0.549889,0.642901,0.690012,0.433963,0.502462,0.132215,0.468074,0.762646,0.695997,0.364129,0.475738,0.65506,0.287012,0.480796,0.710865,0.40444,0.265091,0.0161684,0.262554,0.597403,0.433927,0.398464,0.595543,0.178169,0.522659,0.779584,0.539092,0.345014,0.593396
0.68637,0.499995,0.679267,0.611437,0.537405,0.437136,0.195163,0.424331,0.487202,0.513137,0.574084,0.428647,0.452613,0.69852,0.550745,0.336721,0.429877,0.539869,0.54261,0.791515,0.699142,0.643736,0.478203,0.584316,0.335774,0.569688,0.630167,1,-0.14948,0.37615,-0.0316708,0.514486,0.605646,0.453664,0.497203,0.288532,0.0967278,0.367056,0.630152,0.671863,0.139453,0.578267,0.61847,0.56868,0.679702,0.541312,0.67022,0.547576,0.360629,0.390898,0.36642,0.53347,0.598288,0.47753,0.522459,0.73659,0.497918,0.480789,0.568565,0.493695,0.616498,0.178252,0.451673,0.654586,0.644868,0.522709,0.195455,0.639871,0.371004,0.268587,0.584001,0.335206,-0.056177,0.0628809,0.386506,0.485731,0.365073,0.391709,0.405559,0.125096,0.557099,0.709782,0.66262,0.459681,0.557951
0.0284877,0.170666,-0.00497329,0.120132,0.195931,0.189709,0.369666,-0.0927342,0.280476,0.0346997,0.181618,0.166,0.0100646,0.0170649,-0.00824725,-0.0107195,0.0785714,0.100281,-0.0715554,-0.141359,-0.0912495,-0.104773,0.2698,0.0965345,-0.119726,0.0254845,0.204966,-0.14948,1,-0.0602553,0.0471675,-0.152974,-0.0656956,0.0564251,0.12331,-0.074215,0.112968,-0.097421,-0.0368208,0.0236361,-0.0690497,-0.0393021,0.0381453,0.101358,0.018386,-0.0171882,-0.00075963,0.0426626,-0.0691441,-0.010594,0.335898,-0.122556,-0.0973416,-0.0139016,0.0417356,-0.0865451,0.107158,0.0508424,0.0358419,-0.131446,-0.316963,0.154017,-0.285701,0.0121444,0.0385841,-0.165634,0.42183,0.0508123,0.132214,0.124894,0.311645,0.167275,0.502943,0.0995933,0.151259,0.0508165,-0.108389,-0.227467,0.106588,0.151371,-0.144535,0.0467217,0.0696764,0.13611,0.156826
0.533805,0.448409,0.517856,0.378759,0.457267,0.217013,-0.0279184,0.193186,0.0687779,0.414293,0.374686,0.470697,0.473092,0.555159,0.477259,0.330735,0.357202,0.388446,0.422816,0.493237,0.541189,0.398196,0.314366,0.449796,0.287044,0.429408,0.402241,0.37615,-0.0602553,1,0.0418931,0.343848,0.308943,0.382658,0.403296,0.350758,0.06102,0.544033,0.575921,0.419274,-0.0517845,0.440511,0.552172,0.617716,0.554354,0.466198,0.482093,0.505504,0.116826,0.0256297,0.0451294,0.378955,0.408848,0.335537,0.441863,0.408034,0.128848,0.281831,0.482372,0.306395,0.321895,-0.0169559,0.401851,0.527353,0.561819,0.0873674,0.147736,0.398963,0.0639738,0.45332,0.18021,0.418483,-0.0618279,0.17875,0.0901623,0.502447,0.226032,0.181088,0.110931,0.106039,0.296168,0.46734,0.390256,0.0498693,0.412494
0.284769,0.105966,0.31662,0.0854247,0.140728,0.250062,0.337716,0.149029,-0.00341419,0.260532,0.132861,0.233766,0.163755,0.195821,0.2959,-0.104707,0.039714,-0.00773757,0.273192,0.165923,0.293173,0.0587422,0.188158,0.271906,0.322771,0.210501,0.119136,-0.0316708,0.0471675,0.0418931,1,0.224586,0.204916,0.319969,0.40403,0.317591,-0.222614,0.278047,0.369328,0.211859,0.307241,0.204052,0.280684,0.125846,0.307569,0.249417,0.261491,0.144335,0.375184,0.0167222,0.0306763,0.162492,0.17945,0.270633,0.194519,0.252699,0.192695,0.0737909,0.19262,0.0808778,0.201638,0.0439447,0.395635,0.290589,0.254557,-0.0328818,0.256715,0.133044,0.270528,0.318848,0.231291,0.196601,0.422325,0.0449932,0.192,0.403396,0.364839,0.433623,0.213707,0.173294,0.0198352,0.253781,0.13365,-0.0516165,0.323119
0.472658,0.365189,0.446459,0.227173,0.271579,0.248548,-0.0512618,0.287609,0.172173,0.379716,0.32202,0.499156,0.44623,0.480159,0.504105,0.257382,0.35563,0.215761,0.407405,0.500227,0.570418,0.41543,0.393966,0.42119,0.460612,0.449589,0.392584,0.514486,-0.152974,0.343848,0.224586,1,0.326476,0.256654,0.406832,0.430404,0.130412,0.276692,0.464071,0.436249,0.17426,0.279285,0.389384,0.359776,0.516847,0.319897,0.530496,0.228343,0.472176,0.278308,-0.0461797,0.460438,0.348045,0.388304,0.306302,0.43434,0.320867,0.303772,0.27573,0.155077,0.515124,0.111566,0.434096,0.590257,0.47978,0.28168,0.124882,0.308015,0.284483,0.204399,0.345545,0.284286,0.0971133,0.212232,0.419572,0.255622,0.362545,0.400983,0.35965,0.327713,0.410525,0.536909,0.248716,0.217713,0.319401
0.611818,0.385684,0.631831,0.674507,0.651089,0.445,0.226671,0.154167,0.25616,0.381692,0.459612,0.27073,0.298825,0.669638,0.545358,0.155832,0.179877,0.421857,0.578182,0.65998,0.634249,0.629547,0.547617,0.520933,0.219531,0.47711,0.617862,0.605646,-0.0656956,0.308943,0.204916,0.326476,1,0.702968,0.415606,0.359054,-0.0411737,0.461062,0.612718,0.607967,0.204802,0.577729,0.591822,0.456315,0.635099,0.517188,0.541228,0.494597,0.388242,0.382514,0.385451,0.463691,0.599046,0.48448,0.432628,0.701919,0.464572,0.432407,0.448346,0.279917,0.459842,-0.0110374,0.582531,0.62375,0.622837,0.386034,0.107589,0.482869,0.337814,0.424639,0.554499,0.353025,0.146334,0.217894,0.216277,0.655882,0.460685,0.301572,0.514833,0.365409,0.472491,0.661878,0.477725,0.304512,0.656941
0.482129,0.338963,0.501475,0.431879,0.49676,0.368151,0.168494,0.00596764,0.25624,0.334107,0.440235,0.363314,0.33546,0.480219,0.353565,0.0711037,0.171334,0.372944,0.567102,0.419368,0.533445,0.503964,0.515203,0.483983,0.29964,0.488121,0.456501,0.453664,0.0564251,0.382658,0.319969,0.256654,0.702968,1,0.498744,0.418321,0.0225721,0.470646,0.517395,0.49395,0.0480948,0.481762,0.504184,0.338995,0.517363,0.406839,0.55491,0.357501,0.292028,0.0510778,0.170073,0.29104,0.363214,0.38575,0.391942,0.504381,0.133439,0.279982,0.404573,0.263821,0.40554,-0.0599197,0.643793,0.521271,0.616283,0.251774,0.304063,0.467152,0.246685,0.483464,0.488242,0.286369,0.185788,0.366067,0.167896,0.630282,0.59671,0.32202,0.354752,0.334609,0.2973,0.518277,0.339534,0.138033,0.550159
0.6181,0.426985,0.549199,0.407104,0.479619,0.496004,0.230079,0.242247,0.389002,0.529201,0.492575,0.561529,0.576754,0.630121,0.587433,0.302267,0.457859,0.395402,0.428811,0.617978,0.65338,0.398766,0.448816,0.554392,0.436335,0.432672,0.392308,0.497203,0.12331,0.403296,0.40403,0.406832,0.415606,0.498744,1,0.353728,0.152024,0.436674,0.618378,0.564352,0.212053,0.498922,0.559552,0.493226,0.527806,0.383689,0.714964,0.546808,0.42783,0.311101,0.285859,0.480826,0.418644,0.477118,0.554584,0.4575,0.261972,0.380979,0.562702,0.332066,0.47147,0.366792,0.415075,0.638521,0.625323,0.310531,0.247426,0.485094,0.43167,0.513669,0.490438,0.37795,0.21708,0.181063,0.412569,0.558115,0.430486,0.455282,0.273728,0.296076,0.324402,0.506105,0.523798,0.13354,0.476574
0.289652,0.0677597,0.256917,0.00508737,0.220226,-0.0111844,-0.00165729,0.0521897,-0.229722,0.240709,0.285718,0.221764,0.0981569,0.418943,0.343585,0.026948,0.0172844,0.000339095,0.30719,0.281304,0.321165,0.100967,0.170205,0.234038,0.0559014,0.235965,0.279714,0.288532,-0.074215,0.350758,0.317591,0.430404,0.359054,0.418321,0.353728,1,-0.150895,0.451233,0.35896,0.290938,0.0744906,0.148367,0.199914,0.130727,0.269023,0.208931,0.330326,0.173434,0.132563,0.0580004,-0.294867,0.242255,0.279581,0.364687,0.258485,0.268973,-0.123891,0.204961,0.170966,-0.00539234,0.380151,-0.221636,0.552538,0.277273,0.383492,0.181024,0.0762466,0.190605,-0.0197168,0.358569,0.11113,0.304443,-0.0138923,0.176966,0.020334,0.43114,0.616101,0.419319,0.155812,0.190201,0.276712,0.278996,0.0793248,-0.0299961,0.254475
0.206586,0.354699,0.203306,0.158551,0.0915877,0.348721,0.0945252,0.207578,0.414717,0.077792,0.0793003,0.239926,0.293032,0.105333,0.0644997,0.111033,0.439367,0.396133,0.0896268,0.0146017,0.104168,0.160161,0.200128,0.44764,-0.0249804,0.124049,0.137613,0.0967278,0.112968,0.06102,-0.222614,0.130412,-0.0411737,0.0225721,0.152024,-0.150895,1,0.076739,-0.121473,-0.0628295,0.0539353,0.268518,0.124015,0.0316276,0.0979627,-0.174442,0.226485,-0.0123128,0.244707,0.17691,0.179997,0.0558128,-0.18694,0.167778,0.171962,0.177299,-0.102624,0.0354319,0.144968,0.0852212,0.243751,0.435759,-0.0077496,0.117095,0.139994,0.1279,0.0973962,0.389187,-0.122643,0.00388064,0.220942,0.0889572,0.132525,0.120923,0.366284,-0.0275202,-0.0407276,-0.0439381,0.245292,-0.0524778,0.261011,0.116834,-0.0794855,0.356232,-0.0115355
0.59675,0.51888,0.570084,0.411252,0.561701,0.311585,0.319368,0.444134,0.153652,0.390481,0.359727,0.517061,0.541635,0.619209,0.572875,0.393371,0.368064,0.361,0.478759,0.576572,0.54797,0.377474,0.360151,0.55973,0.112142,0.310121,0.40139,0.367056,-0.097421,0.544033,0.278047,0.276692,0.461062,0.470646,0.436674,0.451233,0.076739,1,0.616741,0.498866,0.216247,0.567875,0.465854,0.548282,0.485114,0.393092,0.489626,0.470058,0.393502,0.194552,0.0364697,0.396008,0.425587,0.45096,0.443953,0.508922,0.107835,0.450669,0.427147,0.185241,0.415849,0.0544879,0.510927,0.567463,0.604017,0.403098,0.0457144,0.601592,0.191722,0.414754,0.410086,0.231012,0.0830793,0.0435386,0.257623,0.588127,0.483971,0.279092,0.244138,0.132024,0.448903,0.591005,0.385799,0.173928,0.300498
0.771788,0.600731,0.801864,0.671042,0.788705,0.521924,0.240043,0.408027,0.322266,0.665418,0.679184,0.614525,0.655222,0.836326,0.704597,0.444283,0.422908,0.502309,0.760999,0.807542,0.834011,0.575029,0.604858,0.58364,0.59744,0.595777,0.627868,0.630152,-0.0368208,0.575921,0.369328,0.464071,0.612718,0.517395,0.618378,0.35896,-0.121473,0.616741,1,0.790512,0.11686,0.571187,0.756908,0.739501,0.825478,0.785484,0.672849,0.699401,0.466771,0.360386,0.371446,0.696844,0.764754,0.649883,0.658948,0.733532,0.509844,0.618107,0.676497,0.488391,0.494834,0.112489,0.58168,0.864369,0.818452,0.543248,0.341479,0.540907,0.487769,0.550681,0.590749,0.418938,0.098675,-0.0179894,0.387921,0.793998,0.488067,0.422426,0.371819,0.251933,0.374175,0.799767,0.756034,0.130066,0.639253
0.774147,0.630068,0.736718,0.713722,0.71216,0.448092,0.269456,0.268704,0.486237,0.572569,0.684869,0.645902,0.661891,0.774099,0.567393,0.582469,0.439264,0.441027,0.584822,0.815156,0.714803,0.567046,0.55515,0.482445,0.51888,0.566679,0.607254,0.671863,0.0236361,0.419274,0.211859,0.436249,0.607967,0.49395,0.564352,0.290938,-0.0628295,0.498866,0.790512,1,0.0373185,0.493615,0.727068,0.669609,0.763496,0.642698,0.590909,0.759097,0.382757,0.533227,0.453384,0.532948,0.640752,0.580952,0.675479,0.564797,0.630592,0.708153,0.662935,0.520869,0.462979,0.24913,0.425498,0.801102,0.641658,0.363634,0.272864,0.489556,0.723485,0.45095,0.602715,0.315222,0.216603,-0.0547928,0.408881,0.512205,0.363413,0.279184,0.37888,0.331185,0.353834,0.76667,0.725443,0.302836,0.502447
0.185942,0.0949773,0.0897676,0.00221932,0.0676163,0.0637307,0.0141418,0.153082,-0.078012,0.205049,-0.0915843,0.0151121,0.170928,0.196147,0.285031,-0.0565867,0.0932848,-0.0203111,0.0619302,0.204021,0.197448,0.204122,0.158034,0.258408,-0.0407604,-0.0424485,0.0961033,0.139453,-0.0690497,-0.0517845,0.307241,0.17426,0.204802,0.0480948,0.212053,0.0744906,0.0539353,0.216247,0.11686,0.0373185,1,0.215916,0.0165914,-0.00247957,0.0765244,-0.176507,0.185345,0.0979945,0.469024,0.0598707,-0.023023,0.157962,0.0276999,0.127072,-0.0490647,0.279684,0.0587883,-0.103426,-0.0314868,-0.124511,0.283921,0.228483,0.159727,0.103878,0.193934,0.197008,-0.290726,0.187564,0.0217196,-0.0124932,0.18905,0.0604178,0.225908,0.179591,0.243523,0.00968174,0.0303043,0.135392,0.323547,0.0821785,0.267281,0.112935,-0.118593,0.0792539,0.292761
0.737856,0.570806,0.728544,0.718126,0.622634,0.577209,0.400178,0.530382,0.457958,0.512756,0.4912,0.36276,0.521063,0.660566,0.469977,0.308416,0.444687,0.567168,0.468096,0.637922,0.610642,0.560704,0.471606,0.713314,0.353446,0.514129,0.498612,0.578267,-0.0393021,0.440511,0.204052,0.279285,0.577729,0.481762,0.498922,0.148367,0.268518,0.567875,0.571187,0.493615,0.215916,1,0.671551,0.568393,0.668074,0.568607,0.600778,0.598263,0.454897,0.426849,0.395531,0.577656,0.51616,0.495889,0.55901,0.762405,0.399003,0.454961,0.595657,0.502937,0.65822,0.181602,0.393693,0.623106,0.609557,0.474961,0.20658,0.729998,0.341587,0.413915,0.644532,0.396944,0.198961,0.166207,0.370311,0.619245,0.25429,0.508005,0.443768,0.0340758,0.449441,0.664505,0.518372,0.465267,0.47521
0.916624,0.794009,0.930277,0.805154,0.743237,0.664138,0.324993,0.446533,0.522389,0.65212,0.725309,0.725252,0.742864,0.756738,0.686874,0.557598,0.679557,0.605048,0.626709,0.766244,0.825023,0.646898,0.648854,0.716895,0.560027,0.841183,0.706072,0.61847,0.0381453,0.552172,0.280684,0.389384,0.591822,0.504184,0.559552,0.199914,0.124015,0.465854,0.756908,0.727068,0.0165914,0.671551,1,0.857054,0.927568,0.787508,0.766251,0.706212,0.428689,0.483523,0.460421,0.655095,0.675582,0.660325,0.816333,0.706367,0.673772,0.699641,0.856659,0.645166,0.591857,0.269978,0.504258,0.848753,0.760472,0.36017,0.473263,0.66919,0.465131,0.609687,0.671256,0.602238,0.241637,0.132116,0.306189,0.638296,0.495977,0.359785,0.516766,0.234144,0.374013,0.847743,0.687101,0.181972,0.599732
0.854349,0.821367,0.837168,0.717055,0.739392,0.570919,0.37911,0.548046,0.471982,0.653312,0.674502,0.754248,0.787408,0.730082,0.692851,0.700052,0.748858,0.544434,0.611577,0.763393,0.76113,0.552805,0.704071,0.62915,0.453482,0.706175,0.778869,0.56868,0.101358,0.617716,0.125846,0.359776,0.456315,0.338995,0.493226,0.130727,0.0316276,0.548282,0.739501,0.669609,-0.00247957,0.568393,0.857054,1,0.829136,0.715647,0.696937,0.671275,0.39714,0.46092,0.402449,0.649914,0.687965,0.544124,0.772778,0.618148,0.626183,0.729616,0.839641,0.543833,0.489099,0.172161,0.380233,0.839228,0.727277,0.374809,0.41872,0.650424,0.40957,0.579524,0.57162,0.431228,0.172946,-0.0128126,0.181072,0.610348,0.371432,0.323422,0.434655,0.158779,0.383906,0.788072,0.650863,0.16757,0.508359
0.914549,0.764726,0.959607,0.85069,0.76877,0.600128,0.320594,0.464439,0.469851,0.746444,0.803326,0.714671,0.734476,0.770882,0.697679,0.499353,0.603592,0.541611,0.745731,0.776534,0.847517,0.680464,0.721823,0.699139,0.653425,0.796666,0.772479,0.679702,0.018386,0.554354,0.307569,0.516847,0.635099,0.517363,0.527806,0.269023,0.0979627,0.485114,0.825478,0.763496,0.0765244,0.668074,0.927568,0.829136,1,0.823341,0.779731,0.730871,0.453155,0.463163,0.381389,0.742939,0.811013,0.692913,0.793507,0.795799,0.66797,0.680152,0.829934,0.589816,0.660182,0.11417,0.596553,0.889595,0.794631,0.405151,0.47553,0.640205,0.446212,0.535313,0.696189,0.562056,0.245887,0.076573,0.342655,0.67382,0.504982,0.437974,0.515013,0.176158,0.41151,0.916183,0.675187,0.237426,0.629536
0.712985,0.553231,0.77619,0.709258,0.660314,0.434382,0.274943,0.439788,0.27539,0.616494,0.703538,0.540855,0.553615,0.657271,0.440913,0.437628,0.355946,0.395767,0.659379,0.641774,0.705073,0.59694,0.536106,0.414697,0.615963,0.600021,0.617383,0.541312,-0.0171882,0.466198,0.249417,0.319897,0.517188,0.406839,0.383689,0.208931,-0.174442,0.393092,0.785484,0.642698,-0.176507,0.568607,0.787508,0.715647,0.823341,1,0.570114,0.603826,0.240535,0.393048,0.363688,0.704935,0.83064,0.57062,0.687555,0.64465,0.584918,0.683604,0.679447,0.679772,0.499224,-0.0302299,0.454314,0.75306,0.632209,0.418505,0.444835,0.399001,0.368423,0.554516,0.586208,0.401407,0.0190774,0.0239359,0.189855,0.665014,0.444826,0.456283,0.284822,0.114522,0.232778,0.748971,0.712986,0.103361,0.417242
0.81998,0.701711,0.805744,0.629459,0.671409,0.670516,0.328525,0.476018,0.507401,0.708305,0.728637,0.691759,0.70466,0.744522,0.720286,0.465206,0.667527,0.510745,0.696496,0.715446,0.822509,0.641887,0.713485,0.794175,0.533667,0.701005,0.694791,0.67022,-0.00075963,0.482093,0.261491,0.530496,0.541228,0.55491,0.714964,0.330326,0.226485,0.489626,0.672849,0.590909,0.185345,0.600778,0.766251,0.696937,0.779731,0.570114,1,0.550496,0.591151,0.407735,0.252109,0.61121,0.589963,0.533257,0.658002,0.688041,0.40862,0.541755,0.754676,0.355535,0.649104,0.280894,0.569918,0.824677,0.807067,0.520646,0.452951,0.739777,0.332201,0.474824,0.691588,0.449417,0.120895,0.0646703,0.416926,0.617283,0.593151,0.529089,0.569985,0.316357,0.478014,0.765533,0.590855,0.16602,0.580857
0.762699,0.607269,0.699208,0.749278,0.631501,0.335779,0.277774,0.319975,0.407994,0.609457,0.644018,0.577788,0.66646,0.688433,0.529703,0.599653,0.509213,0.51418,0.404582,0.732315,0.599738,0.360854,0.466309,0.4052,0.455124,0.460687,0.548263,0.547576,0.0426626,0.505504,0.144335,0.228343,0.494597,0.357501,0.546808,0.173434,-0.0123128,0.470058,0.699401,0.759097,0.0979945,0.598263,0.706212,0.671275,0.730871,0.603826,0.550496,1,0.260721,0.447534,0.497604,0.581956,0.670204,0.665517,0.748108,0.58606,0.560714,0.637176,0.731789,0.469878,0.454629,0.205439,0.338275,0.678461,0.607762,0.30122,0.119517,0.410268,0.573839,0.342849,0.502672,0.332831,0.205876,-0.00120997,0.225062,0.533603,0.266171,0.244697,0.25435,0.0833327,0.361202,0.681596,0.609981,0.149201,0.495225
0.546295,0.47286,0.503651,0.295272,0.442059,0.520686,0.266705,0.405616,0.277415,0.4248,0.330625,0.460225,0.566412,0.481233,0.441254,0.443101,0.421462,0.23879,0.559686,0.472272,0.564611,0.406041,0.60065,0.52198,0.3279,0.48925,0.415035,0.360629,-0.0691441,0.116826,0.375184,0.472176,0.388242,0.292028,0.42783,0.132563,0.244707,0.393502,0.466771,0.382757,0.469024,0.454897,0.428689,0.39714,0.453155,0.240535,0.591151,0.260721,1,0.388898,0.188277,0.401016,0.274594,0.361272,0.381177,0.440577,0.306875,0.433595,0.401324,0.171539,0.478588,0.260559,0.363304,0.607574,0.571267,0.453696,0.219943,0.435666,0.343956,0.339864,0.58202,0.348637,0.335562,0.0230691,0.531535,0.464097,0.431624,0.448216,0.686295,0.261692,0.271336,0.482804,0.303769,0.284292,0.415756
0.57324,0.461125,0.498522,0.566211,0.470368,0.496995,0.290086,0.427324,0.46396,0.41387,0.41995,0.437353,0.492426,0.533656,0.330105,0.592003,0.522277,0.476421,0.30486,0.593197,0.382671,0.282293,0.531957,0.389345,0.32925,0.403737,0.529947,0.390898,-0.010594,0.0256297,0.0167222,0.278308,0.382514,0.0510778,0.311101,0.0580004,0.17691,0.194552,0.360386,0.533227,0.0598707,0.426849,0.483523,0.46092,0.463163,0.393048,0.407735,0.447534,0.388898,1,0.564231,0.485084,0.480313,0.56369,0.633489,0.389867,0.547481,0.684298,0.553701,0.315872,0.304747,0.203019,0.134448,0.537492,0.317547,0.373919,0.0444197,0.413245,0.488015,0.214053,0.493212,0.0844017,0.243561,-0.332183,0.237792,0.241036,0.204313,0.343118,0.429949,0.14238,0.514393,0.49701,0.379207,0.334194,0.15336
0.454253,0.3773,0.413465,0.604177,0.447128,0.513758,0.456846,0.335613,0.685558,0.217345,0.272683,0.308693,0.297929,0.416118,0.247763,0.305405,0.412997,0.631032,0.193867,0.449228,0.230891,0.225608,0.430266,0.341262,0.220554,0.274471,0.510202,0.36642,0.335898,0.0451294,0.0306763,-0.0461797,0.385451,0.170073,0.285859,-0.294867,0.179997,0.0364697,0.371446,0.453384,-0.023023,0.395531,0.460421,0.402449,0.381389,0.363688,0.252109,0.497604,0.188277,0.564231,1,0.219027,0.253613,0.478141,0.45164,0.463287,0.580898,0.441665,0.435784,0.391558,0.0465467,0.415847,-0.0083274,0.378441,0.244855,0.158459,0.227015,0.37163,0.493167,0.192531,0.558707,0.17905,0.404676,-0.113948,0.316042,0.320453,-0.0817571,0.0391338,0.34643,0.0980163,0.342302,0.420038,0.536232,0.437291,0.36195
0.701424,0.539951,0.723195,0.647023,0.584726,0.404186,0.112165,0.417786,0.299068,0.76482,0.702235,0.53496,0.688775,0.629578,0.579531,0.474757,0.543132,0.426506,0.571595,0.640567,0.746723,0.517456,0.51721,0.466661,0.569862,0.501579,0.575371,0.53347,-0.122556,0.378955,0.162492,0.460438,0.463691,0.29104,0.480826,0.242255,0.0558128,0.396008,0.696844,0.532948,0.157962,0.577656,0.655095,0.649914,0.742939,0.704935,0.61121,0.581956,0.401016,0.485084,0.219027,1,0.779691,0.601773,0.719588,0.606458,0.397964,0.577302,0.695335,0.390364,0.651005,0.0626715,0.420326,0.747237,0.672495,0.531501,0.2131,0.457432,0.375925,0.459784,0.45899,0.262047,0.0716581,0.0473689,0.23333,0.531716,0.427348,0.444676,0.27201,-0.0703436,0.374319,0.703217,0.407262,0.144462,0.369352
