1,0.786987,0.839328,0.859208,0.625372,0.624076,0.643664,0.467074,0.512155,0.428745,0.363756,0.550712,0.607145,0.769491,0.59339,0.645652,0.715367,0.556812,0.364051,0.700625,0.676337,0.484115,0.625245,0.688084,0.453343,0.512004,0.82256,0.648502,0.361458,0.122263,-0.0114847,0.390319,0.650559,0.64175,0.574867,0.55333,0.507005,0.356529,0.796754,0.324483,0.318223,0.346718,0.78094,0.786295,0.800909,0.645829,0.635151,0.653139,0.382742,0.471594,0.416921,0.650879,0.572503,0.54238,0.48829,0.802872,0.304063,0.628543,0.458246,0.209081,0.0750404,0.249178,0.673467,0.706047,0.715164,0.238948,0.65836,0.659123,0.555855,0.49847,0.59348,0.408613,0.382942,-0.169678,0.412108,0.668579,0.702746,0.353356,0.410825,0.202578,0.489126,0.829162,0.57628,0.555954,0.619155
0.786987,1,0.755523,0.680864,0.700315,0.558221,0.508818,0.392455,0.445845,0.453945,0.442193,0.598608,0.670459,0.708425,0.55334,0.664226,0.696195,0.408428,0.283617,0.675034,0.641945,0.360785,0.539114,0.761961,0.303348,0.514893,0.655258,0.591627,0.498881,0.0929648,0.00273436,0.30056,0.451641,0.662696,0.525661,0.555276,0.39838,0.346639,0.678827,0.358161,0.274581,0.462582,0.769707,0.810128,0.747968,0.677475,0.577805,0.612967,0.320411,0.394337,0.26324,0.600546,0.583987,0.459963,0.574905,0.804695,0.560022,0.646619,0.518372,0.281476,-0.0155871,0.179117,0.496929,0.60833,0.588197,0.207372,0.640724,0.692124,0.512005,0.361484,0.632837,0.50854,0.361353,-0.118322,0.359187,0.659041,0.666817,0.451372,0.317347,0.194368,0.46416,0.718594,0.540396,0.515732,0.672295
0.839328,0.755523,1,0.761669,0.76026,0.681194,0.567096,0.48953,0.526928,0.38074,0.427728,0.552796,0.687723,0.778996,0.599011,0.722612,0.737824,0.525182,0.458833,0.735023,0.80538,0.447091,0.756041,0.838089,0.409655,0.652709,0.678342,0.52958,0.457021,0.265436,-0.0253293,0.450742,0.618717,0.760684,0.623655,0.555497,0.503332,0.444544,0.779497,0.482738,0.324099,0.425935,0.743226,0.794167,0.845839,0.69975,0.602773,0.598108,0.398075,0.605044,0.462578,0.73584,0.633568,0.617217,0.617691,0.839176,0.422359,0.783821,0.545866,0.267155,0.139877,0.252672,0.621881,0.775851,0.721775,0.344166,0.727226,0.784584,0.652106,0.468369,0.72307,0.548234,0.304714,-0.0108369,0.399874,0.636196,0.720751,0.521462,0.38466,0.304599,0.498641,0.845169,0.66309,0.560954,0.761462
0.859208,0.680864,0.761669,1,0.627469,0.621293,0.503278,0.501828,0.520581,0.330577,0.497305,0.551446,0.630921,0.792879,0.576268,0.68844,0.653006,0.669759,0.414398,0.695277,0.671917,0.451754,0.54767,0.736432,0.462048,0.472762,0.764142,0.571584,0.444583,0.191013,0.0511688,0.353987,0.614248,0.679157,0.48987,0.562658,0.42774,0.357929,0.688014,0.356607,0.316848,0.449609,0.807123,0.793693,0.811917,0.648998,0.568704,0.604943,0.374326,0.465582,0.307392,0.549361,0.610064,0.553617,0.602164,0.769239,0.432036,0.646002,0.561207,0.244703,0.0793869,0.149085,0.562279,0.658726,0.713761,0.0928371,0.586346,0.764397,0.368734,0.502277,0.644549,0.321079,0.466249,-0.118879,0.402418,0.732934,0.660833,0.406615,0.373046,0.290857,0.393144,0.798511,0.645971,0.496109,0.622848
0.625372,0.700315,0.76026,0.627469,1,0.70046,0.381218,0.413267,0.578484,0.188415,0.511917,0.594407,0.684021,0.692379,0.508322,0.638951,0.616149,0.468787,0.487802,0.697706,0.708727,0.381645,0.628848,0.801878,0.400984,0.620116,0.606857,0.376119,0.511134,0.145399,0.0370041,0.417846,0.548644,0.764971,0.550512,0.506478,0.279166,0.459982,0.660195,0.455609,0.391826,0.453621,0.711031,0.702464,0.71169,0.520849,0.409207,0.354682,0.32023,0.450354,0.310714,0.694547,0.739151,0.596568,0.650145,0.704207,0.459579,0.698758,0.571185,0.420695,0.128725,0.131231,0.507375,0.624031,0.608121,0.374318,0.409763,0.758372,0.411889,0.327361,0.623582,0.407268,0.350994,0.0603462,0.32414,0.531432,0.610188,0.474764,0.227906,0.193099,0.286299,0.745234,0.613737,0.385393,0.651503
0.624076,0.558221,0.681194,0.621293,0.70046,1,0.216785,0.450881,0.601872,0.254416,0.539024,0.466263,0.631808,0.588109,0.572146,0.738909,0.624607,0.476905,0.462902,0.689139,0.716465,0.445208,0.528909,0.643264,0.370735,0.495372,0.61574,0.312294,0.418786,0.31403,-0.00547686,0.377703,0.443459,0.574716,0.489559,0.578868,0.34548,0.442319,0.704817,0.386176,0.390214,0.352885,0.660263,0.646805,0.674459,0.609414,0.521379,0.402451,0.559189,0.570975,0.280031,0.651904,0.630112,0.391258,0.503886,0.725293,0.382327,0.705344,0.513596,0.180986,0.259353,-0.0199715,0.58665,0.782177,0.653342,0.282158,0.353364,0.609465,0.255893,0.30354,0.47675,0.250566,0.291446,-0.00417154,0.184854,0.642563,0.56701,0.448074,0.198248,0.077626,0.19555,0.750691,0.502367,0.381945,0.443367
0.643664,0.508818,0.567096,0.503278,0.381218,0.216785,1,0.416211,0.391023,0.38113,0.106043,0.30856,0.340468,0.505651,0.500767,0.23368,0.461505,0.458407,0.243074,0.350387,0.386154,0.348047,0.448523,0.465458,0.325274,0.336948,0.576064,0.308064,0.0748933,0.183316,-0.160386,0.242177,0.511024,0.387381,0.344149,0.304485,0.398401,0.267421,0.44162,-0.0181067,0.206032,0.014963,0.460078,0.423555,0.498549,0.304219,0.317035,0.423494,0.0885152,0.405881,0.392913,0.490975,0.269107,0.338516,0.315225,0.528767,0.127569,0.30329,0.239054,0.0687641,-0.194442,0.223845,0.364957,0.351621,0.408974,0.1394,0.514893,0.419806,0.48754,0.373229,0.509561,0.433566,0.102417,-0.0481487,0.347483,0.348932,0.358619,0.184667,0.274178,0.318303,0.488116,0.483437,0.363085,0.463177,0.547359
0.467074,0.392455,0.48953,0.501828,0.413267,0.450881,0.416211,1,0.385185,0.0807889,0.423056,0.300254,0.417291,0.439737,0.432865,0.469813,0.344212,0.343475,0.415181,0.403087,0.441969,0.267231,0.313309,0.510961,0.069495,0.449924,0.393252,0.0508218,0.373861,0.108226,-0.0992571,0.25948,0.413274,0.356254,0.08774,0.439477,0.345246,0.36331,0.30259,0.038879,0.417735,0.311537,0.403674,0.404111,0.478093,0.277512,0.294149,0.343311,0.223386,0.604023,0.419185,0.406951,0.398967,0.243274,0.384984,0.581586,0.283399,0.450888,0.352512,0.264581,-0.130461,0.217369,0.487247,0.553962,0.352957,-0.128227,0.505096,0.526611,0.173253,0.124755,0.491104,0.179278,0.159587,-0.233799,0.256449,0.505382,0.430688,0.235701,0.174838,0.245149,0.326046,0.48474,0.383886,0.117303,0.439717
0.512155,0.445845,0.526928,0.520581,0.578484,0.601872,0.391023,0.385185,1,0.256541,0.528862,0.42724,0.452919,0.483657,0.557647,0.596087,0.393419,0.655203,0.438487,0.504498,0.52532,0.52648,0.538797,0.50661,0.181845,0.333563,0.556273,0.0858268,0.333647,0.183944,0.0295635,0.223539,0.503439,0.476219,0.152673,0.528501,0.338556,0.218116,0.405463,0.184998,0.320264,0.291611,0.499725,0.612322,0.603667,0.534956,0.382316,0.220537,0.173562,0.537321,0.188315,0.445075,0.481133,0.302148,0.418413,0.590864,0.281976,0.466396,0.426488,0.0907717,0.0236299,0.0441576,0.456908,0.58283,0.470503,0.163263,0.440914,0.571315,0.180168,0.326639,0.492971,0.167559,0.3007,-0.150553,0.355632,0.57833,0.400709,0.389424,0.0909203,-0.0961406,0.0433145,0.599107,0.336738,0.133335,0.413143
0.428745,0.453945,0.38074,0.330577,0.188415,0.254416,0.38113,0.0807889,0.256541,1,0.448113,0.420425,0.378097,0.333536,0.313081,0.300974,0.34132,0.241379,0.111161,0.346635,0.295169,0.381294,0.125613,0.215449,0.101927,0.279072,0.324736,0.349191,0.0953277,0.117381,0.268787,-0.0595487,0.109391,0.174292,0.365331,0.245833,0.426657,-0.0270026,0.435757,-0.0603245,-0.0161278,0.154089,0.282764,0.348821,0.36482,0.498521,0.61349,0.346799,0.11543,0.119546,0.323194,0.254281,0.0591147,0.321734,0.273938,0.355372,0.0870415,0.346023,0.34737,0.0418151,-0.144815,0.125877,0.353937,0.290024,0.303058,0.0519436,0.398116,0.158424,0.118899,0.042455,0.282981,0.315105,0.0911986,-0.17369,0.239604,0.236369,0.376297,0.0115999,0.143429,-0.179241,0.236663,0.303041,-0.0605467,0.296715,0.258361
0.363756,0.442193,0.427728,0.497305,0.511917,0.539024,0.106043,0.423056,0.528862,0.448113,1,0.459263,0.558974,0.520914,0.381906,0.642171,0.435977,0.445614,0.531631,0.579325,0.579296,0.296692,0.355868,0.464798,0.153937,0.320155,0.453257,0.135306,0.364438,0.315779,0.10828,0.27038,0.20127,0.362084,0.157926,0.42045,0.242293,0.186017,0.347144,0.143456,0.177331,0.629402,0.439992,0.517644,0.510181,0.454331,0.491754,0.18422,0.205096,0.283998,0.0471737,0.411978,0.438894,0.358726,0.520926,0.510085,0.460096,0.620059,0.589883,0.356031,0.0163703,-0.0829521,0.511849,0.558706,0.520381,0.0557509,0.309342,0.471126,0.0371037,0.166612,0.45631,0.0886104,0.118868,-0.0828104,0.33804,0.463104,0.445091,0.295366,0.200862,-0.0516937,0.145619,0.446852,0.16612,0.0743662,0.398073
0.550712,0.598608,0.552796,0.551446,0.594407,0.466263,0.30856,0.300254,0.42724,0.420425,0.459263,1,0.643155,0.564508,0.392734,0.609146,0.51443,0.342425,0.27828,0.630414,0.59704,0.306543,0.336718,0.531329,0.167972,0.511677,0.470353,0.479587,0.453349,0.13932,0.256258,0.110046,0.300161,0.522165,0.313508,0.357174,0.144807,0.344838,0.55546,0.285622,0.483737,0.586729,0.513986,0.611991,0.587476,0.462826,0.670217,0.537578,0.358653,0.234443,0.135681,0.299765,0.450978,0.733303,0.538674,0.637725,0.377209,0.64032,0.456592,0.121095,-0.105057,0.264677,0.333984,0.563417,0.513439,0.200002,0.48816,0.551175,0.189369,0.155036,0.476888,0.454935,0.412799,-0.281529,0.40593,0.551632,0.712769,0.149918,0.488512,-0.00847719,0.291924,0.502738,0.455835,0.378227,0.443405
0.607145,0.670459,0.687723,0.630921,0.684021,0.631808,0.340468,0.417291,0.452919,0.378097,0.558974,0.643155,1,0.634419,0.504643,0.738338,0.830474,0.35467,0.352399,0.73429,0.8071,0.313069,0.53661,0.720679,0.283739,0.699794,0.639162,0.418961,0.464406,0.198059,0.104568,0.244722,0.376291,0.730186,0.463796,0.527796,0.419138,0.525693,0.673262,0.450384,0.190734,0.491888,0.558021,0.62936,0.620247,0.574105,0.537368,0.512646,0.493069,0.354977,0.130195,0.587824,0.551771,0.548037,0.716982,0.671139,0.337884,0.781807,0.620457,0.374633,-0.0117848,0.220361,0.497351,0.714565,0.728501,0.249608,0.409553,0.631664,0.242419,0.297745,0.676501,0.366093,0.272695,-0.0377653,0.397022,0.483685,0.738097,0.336431,0.361227,0.116519,0.448788,0.727755,0.532365,0.467301,0.583704
0.769491,0.708425,0.778996,0.792879,0.692379,0.588109,0.505651,0.439737,0.483657,0.333536,0.520914,0.564508,0.634419,1,0.474061,0.696349,0.666781,0.505926,0.451219,0.673784,0.696526,0.295677,0.626013,0.792805,0.58924,0.514971,0.752717,0.438693,0.308058,0.30371,-0.134089,0.400109,0.546669,0.746267,0.588835,0.580729,0.549082,0.574019,0.65196,0.340057,0.477959,0.384527,0.72245,0.827282,0.729178,0.659702,0.539704,0.542331,0.420448,0.449085,0.174286,0.637881,0.661255,0.489092,0.463073,0.857366,0.462606,0.726027,0.416315,0.479975,0.0142408,0.0468874,0.536371,0.604227,0.678241,0.216109,0.618932,0.67189,0.469931,0.363273,0.635175,0.281925,0.133462,0.118018,0.463753,0.531958,0.711436,0.52755,0.44424,0.170716,0.353857,0.721033,0.588258,0.450391,0.606849
0.59339,0.55334,0.599011,0.576268,0.508322,0.572146,0.500767,0.432865,0.557647,0.313081,0.381906,0.392734,0.504643,0.474061,1,0.631962,0.532101,0.524427,0.313003,0.517174,0.586119,0.468533,0.519437,0.679014,0.258976,0.387,0.523191,0.445888,0.24318,-0.043586,0.0602035,0.32533,0.570243,0.439324,0.402529,0.469838,0.530875,0.360032,0.576295,0.181044,0.123579,0.146542,0.591931,0.628773,0.714703,0.710568,0.515885,0.446727,0.403095,0.589434,0.442334,0.492139,0.512152,0.356266,0.594758,0.630251,0.5281,0.491443,0.523927,0.104173,0.17989,0.0302329,0.557814,0.582799,0.548684,0.105596,0.510057,0.669202,0.309219,0.419369,0.617837,0.511009,0.216162,-0.34187,0.426428,0.42171,0.399921,0.4788,0.16984,0.240249,0.170541,0.687318,0.398765,0.320572,0.487877
0.645652,0.664226,0.722612,0.68844,0.638951,0.738909,0.23368,0.469813,0.596087,0.300974,0.642171,0.609146,0.738338,0.696349,0.631962,1,0.636853,0.521872,0.55873,0.793779,0.866838,0.326717,0.606315,0.72548,0.315732,0.508079,0.671628,0.306227,0.502509,0.187031,0.0428932,0.353087,0.410299,0.676117,0.364394,0.667327,0.437758,0.481451,0.571279,0.498726,0.417536,0.532448,0.664173,0.79427,0.797204,0.7174,0.605947,0.465331,0.449718,0.555809,0.137429,0.618228,0.730189,0.44298,0.626523,0.817261,0.570239,0.826879,0.558032,0.309967,0.150826,0.140656,0.6204,0.812666,0.788494,0.261052,0.545451,0.735934,0.343459,0.323235,0.680782,0.339029,0.218833,-0.139689,0.382684,0.621135,0.634918,0.576984,0.269065,0.099538,0.171195,0.794675,0.543879,0.263496,0.556031
0.715367,0.696195,0.737824,0.653006,0.616149,0.624607,0.461505,0.344212,0.393419,0.34132,0.435977,0.51443,0.830474,0.666781,0.532101,0.636853,1,0.386463,0.271437,0.714357,0.744835,0.382561,0.637646,0.639848,0.410702,0.567924,0.655206,0.524551,0.393517,0.326071,-0.0844263,0.377916,0.434572,0.707286,0.477467,0.437182,0.321105,0.429383,0.730079,0.402654,0.0795322,0.43236,0.669497,0.631718,0.698804,0.611075,0.59562,0.585619,0.449308,0.402166,0.109532,0.684853,0.473944,0.500456,0.662525,0.68603,0.307306,0.729573,0.637771,0.345452,0.171871,0.120129,0.460589,0.732419,0.679771,0.215774,0.475743,0.570473,0.454931,0.418592,0.55889,0.389743,0.220532,-0.00181234,0.439023,0.483697,0.643243,0.31888,0.409713,0.267569,0.571238,0.767562,0.520949,0.682444,0.547031
0.556812,0.408428,0.525182,0.669759,0.468787,0.476905,0.458407,0.343475,0.655203,0.241379,0.445614,0.342425,0.35467,0.505926,0.524427,0.521872,0.386463,1,0.372844,0.605836,0.558831,0.41814,0.456719,0.549434,0.466401,0.288245,0.560317,0.295417,0.374158,0.313617,0.0331357,0.398127,0.47833,0.342139,0.265146,0.391143,0.306357,0.193532,0.474572,0.316018,0.207074,0.35162,0.586568,0.606039,0.715822,0.490361,0.385279,0.289965,0.0603278,0.419829,0.230036,0.360682,0.479168,0.400512,0.513475,0.534629,0.372764,0.477702,0.450594,0.16307,0.161782,-0.0773118,0.440406,0.547861,0.606888,0.178506,0.401521,0.592143,0.155473,0.35385,0.427653,0.328842,0.32503,-0.119154,0.332768,0.593302,0.377804,0.223106,0.167716,0.229173,0.235214,0.542675,0.522374,0.337853,0.534439
0.364051,0.283617,0.458833,0.414398,0.487802,0.462902,0.243074,0.415181,0.438487,0.111161,0.531631,0.27828,0.352399,0.451219,0.313003,0.55873,0.271437,0.372844,1,0.377123,0.589187,0.203315,0.506819,0.439796,0.395112,0.307074,0.45387,-0.090651,0.147197,0.37948,0.155816,0.281367,0.426995,0.480495,0.210801,0.528489,0.160604,0.306787,0.222773,0.422744,0.412099,0.427304,0.530869,0.467889,0.503166,0.301872,0.210885,0.120603,0.070525,0.544106,0.221709,0.627281,0.623949,0.316193,0.453479,0.482116,0.407821,0.550221,0.431019,0.281248,0.0884108,-0.0348365,0.552626,0.476862,0.545926,0.313829,0.192335,0.587855,0.229309,0.287352,0.554622,-0.0203715,0.059463,0.0657183,0.313512,0.379763,0.269564,0.32259,-0.143562,0.0199755,0.0825733,0.536572,0.406002,-0.0842402,0.488081
0.700625,0.675034,0.735023,0.695277,0.697706,0.689139,0.350387,0.403087,0.504498,0.346635,0.579325,0.630414,0.73429,0.673784,0.517174,0.793779,0.714357,0.605836,0.377123,1,0.843751,0.287909,0.602552,0.695584,0.369296,0.662724,0.71102,0.446843,0.460967,0.240579,-0.0367176,0.37464,0.399369,0.688892,0.518568,0.534045,0.341383,0.457134,0.70333,0.41502,0.334195,0.541117,0.656212,0.73599,0.769734,0.596035,0.618872,0.454624,0.509648,0.374886,0.179933,0.585309,0.578973,0.607565,0.654668,0.74265,0.469904,0.785872,0.575345,0.30165,0.145235,0.166582,0.606876,0.769163,0.771941,0.464465,0.496011,0.668544,0.367469,0.26686,0.53149,0.422304,0.213629,-0.162625,0.366423,0.602422,0.658958,0.368534,0.463838,0.18911,0.429491,0.703911,0.541985,0.492282,0.539645
0.676337,0.641945,0.80538,0.671917,0.708727,0.716465,0.386154,0.441969,0.52532,0.295169,0.579296,0.59704,0.8071,0.696526,0.586119,0.866838,0.744835,0.558831,0.589187,0.843751,1,0.345194,0.752922,0.763516,0.418072,0.618731,0.728888,0.360853,0.4757,0.356233,0.0607347,0.422218,0.470086,0.692053,0.505202,0.622701,0.455272,0.570364,0.712846,0.496423,0.356698,0.566034,0.711437,0.762214,0.805301,0.626435,0.543275,0.545981,0.460682,0.564561,0.183765,0.719297,0.743722,0.617162,0.695782,0.761042,0.535783,0.857172,0.605256,0.362687,0.162301,0.213895,0.683902,0.856434,0.890053,0.446215,0.501917,0.782163,0.463224,0.41932,0.724424,0.481044,0.18272,-0.115968,0.405087,0.579834,0.644387,0.487788,0.288719,0.191716,0.321439,0.835312,0.613718,0.368562,0.730946
0.484115,0.360785,0.447091,0.451754,0.381645,0.445208,0.348047,0.267231,0.52648,0.381294,0.296692,0.306543,0.313069,0.295677,0.468533,0.326717,0.382561,0.41814,0.203315,0.287909,0.345194,1,0.29492,0.276363,0.187226,0.0973928,0.45088,0.422015,0.288499,0.212507,0.0673613,0.134574,0.542043,0.25316,0.274956,0.154412,0.322084,-0.159613,0.553293,0.0333546,0.0148787,0.184145,0.451577,0.319619,0.430051,0.386901,0.210216,0.343383,0.141898,0.442325,0.247964,0.357503,0.379446,0.296377,0.268191,0.396564,0.020212,0.220202,0.417883,0.114678,-0.0131599,0.18583,0.337136,0.450951,0.248485,0.0323663,0.313049,0.327366,0.236302,0.0915235,0.298681,0.111897,0.274735,-0.219133,0.231989,0.325765,0.278282,0.208555,-0.098489,0.00907456,0.158319,0.550932,0.242639,0.329993,0.410888
0.625245,0.539114,0.756041,0.54767,0.628848,0.528909,0.448523,0.313309,0.538797,0.125613,0.355868,0.336718,0.53661,0.626013,0.519437,0.606315,0.637646,0.456719,0.506819,0.602552,0.752922,0.29492,1,0.660587,0.452447,0.40659,0.667524,0.202538,0.28236,0.324275,-0.0517295,0.439064,0.57689,0.688493,0.397548,0.566682,0.402711,0.445192,0.561171,0.482083,0.289323,0.312307,0.693738,0.67095,0.737865,0.59141,0.328391,0.424622,0.306,0.586472,0.215986,0.693061,0.644506,0.396428,0.528011,0.669762,0.453221,0.645697,0.41901,0.285144,0.237201,0.0750557,0.553465,0.622303,0.675853,0.295308,0.587046,0.695375,0.630664,0.489775,0.66753,0.438867,0.123518,-0.0501284,0.434479,0.519859,0.461492,0.437835,0.148919,0.160896,0.268185,0.759659,0.506004,0.277544,0.610037
0.688084,0.761961,0.838089,0.736432,0.801878,0.643264,0.465458,0.510961,0.50661,0.215449,0.464798,0.531329,0.720679,0.792805,0.679014,0.72548,0.639848,0.549434,0.439796,0.695584,0.763516,0.276363,0.660587,1,0.42377,0.681162,0.610969,0.453236,0.45881,0.183207,-0.0546627,0.462334,0.581115,0.7608,0.652499,0.589973,0.534011,0.630751,0.699394,0.511749,0.382961,0.388003,0.738909,0.822488,0.804714,0.690112,0.50884,0.547288,0.507295,0.566006,0.417092,0.654515,0.70471,0.552808,0.698279,0.816585,0.609507,0.767994,0.55064,0.383219,0.126107,0.123823,0.559077,0.666194,0.703258,0.269878,0.605698,0.871501,0.44598,0.431273,0.749335,0.537281,0.285921,0.00431426,0.347925,0.56948,0.741445,0.539863,0.373765,0.295524,0.432007,0.775087,0.739016,0.446122,0.743889
0.453343,0.303348,0.409655,0.462048,0.400984,0.370735,0.325274,0.069495,0.181845,0.101927,0.153937,0.167972,0.283739,0.58924,0.258976,0.315732,0.410702,0.466401,0.395112,0.369296,0.418072,0.187226,0.452447,0.42377,1,0.220597,0.599634,0.154882,0.0380092,0.273161,-0.172001,0.435461,0.500874,0.390778,0.527757,0.387937,0.424498,0.34981,0.366778,0.392614,0.21977,0.0678126,0.491552,0.473887,0.43321,0.338645,0.158309,0.114084,0.255105,0.352248,0.0590072,0.415784,0.453268,0.308107,0.327937,0.417308,0.247405,0.436726,0.248802,0.330845,0.191031,-0.250536,0.374503,0.302802,0.442061,0.378597,0.161417,0.352514,0.233518,0.322576,0.262163,0.0711057,0.179232,0.232916,0.342645,0.278925,0.255471,0.278886,-0.0140802,0.173157,0.078539,0.486839,0.584081,0.379641,0.29297
0.512004,0.514893,0.652709,0.472762,0.620116,0.495372,0.336948,0.449924,0.333563,0.279072,0.320155,0.511677,0.699794,0.514971,0.387,0.508079,0.567924,0.288245,0.307074,0.662724,0.618731,0.0973928,0.40659,0.681162,0.220597,1,0.402417,0.292654,0.40513,0.104651,-0.0420081,0.252044,0.389699,0.608705,0.571291,0.331345,0.346691,0.648941,0.581061,0.427972,0.353695,0.33764,0.435791,0.556042,0.548521,0.415768,0.527381,0.343647,0.589604,0.441669,0.349091,0.431025,0.312856,0.559063,0.641721,0.588754,0.272048,0.713575,0.531383,0.34912,-0.0143513,0.380857,0.451952,0.581374,0.45022,0.285227,0.364141,0.602662,0.280893,0.17571,0.449783,0.366578,0.18807,-0.133179,0.146198,0.398982,0.64759,0.235433,0.422259,0.206008,0.502478,0.558033,0.526886,0.481776,0.394435
0.82256,0.655258,0.678342,0.764142,0.606857,0.61574,0.576064,0.393252,0.556273,0.324736,0.453257,0.470353,0.639162,0.752717,0.523191,0.671628,0.655206,0.560317,0.45387,0.71102,0.728888,0.45088,0.667524,0.610969,0.599634,0.402417,1,0.419907,0.257874,0.168595,-0.0529309,0.34378,0.570496,0.598369,0.47153,0.62058,0.553691,0.437779,0.64972,0.275443,0.335669,0.298196,0.709387,0.748642,0.672529,0.541257,0.442945,0.45376,0.407147,0.47471,0.0895985,0.679735,0.645518,0.400392,0.404823,0.73601,0.344368,0.584001,0.339962,0.266582,-0.0265185,0.141402,0.633983,0.636307,0.731813,0.382318,0.448846,0.593733,0.410946,0.31042,0.556217,0.22928,0.210192,-0.0949507,0.453153,0.592864,0.535507,0.437669,0.267821,0.0939894,0.290881,0.764879,0.50494,0.399986,0.55347
0.648502,0.591627,0.52958,0.571584,0.376119,0.312294,0.308064,0.0508218,0.0858268,0.349191,0.135306,0.479587,0.418961,0.438693,0.445888,0.306227,0.524551,0.295417,-0.090651,0.446843,0.360853,0.422015,0.202538,0.453236,0.154882,0.292654,0.419907,1,0.287895,-0.0485004,0.143617,0.141742,0.315516,0.322681,0.513595,0.0518431,0.214467,0.0875179,0.711891,0.10094,-0.0738951,0.263867,0.47026,0.477855,0.451672,0.449115,0.519576,0.598261,0.294663,0.0642017,0.201427,0.229587,0.25565,0.44668,0.27842,0.412037,0.250143,0.230541,0.292313,0.0166447,0.00135986,0.214361,0.276077,0.351309,0.394338,0.138329,0.378739,0.361263,0.343868,0.228354,0.299787,0.427279,0.33387,-0.15897,0.285218,0.345469,0.483087,0.213299,0.50008,0.257645,0.457759,0.42817,0.313323,0.593502,0.473576
0.361458,0.498881,0.457021,0.444583,0.511134,0.418786,0.0748933,0.373861,0.333647,0.0953277,0.364438,0.453349,0.464406,0.308058,0.24318,0.502509,0.393517,0.374158,0.147197,0.460967,0.4757,0.288499,0.28236,0.45881,0.0380092,0.40513,0.257874,0.287895,1,0.183043,0.0917375,0.381083,0.256654,0.355771,0.209846,0.208829,0.109193,0.252755,0.46236,0.406695,0.230529,0.617316,0.412549,0.430892,0.514869,0.371638,0.325351,0.43202,0.159296,0.354516,0.141092,0.237849,0.406948,0.449911,0.575047,0.418065,0.420104,0.483574,0.526466,0.230012,0.127733,0.355197,0.361577,0.595523,0.350626,-0.131968,0.291787,0.562815,0.204686,0.252764,0.393186,0.379173,0.609696,-0.206619,0.0298721,0.563265,0.44174,0.303698,0.0935959,0.152148,0.198728,0.500982,0.515808,0.440263,0.514986
0.122263,0.0929648,0.265436,0.191013,0.145399,0.31403,0.183316,0.108226,0.183944,0.117381,0.315779,0.13932,0.198059,0.30371,-0.043586,0.187031,0.326071,0.313617,0.37948,0.240579,0.356233,0.212507,0.324275,0.183207,0.273161,0.104651,0.168595,-0.0485004,0.183043,1,-0.105789,0.335216,0.137529,0.278767,0.212248,0.0441748,-0.0784347,0.119203,0.313302,0.288894,0.250658,0.424205,0.330176,0.116006,0.280228,0.113355,0.0631298,0.348061,0.116169,0.174917,-0.0653538,0.337819,0.193517,0.239907,0.268453,0.24482,0.0783954,0.39143,0.365397,0.301061,0.28903,0.0100189,0.178384,0.39101,0.356584,0.0698057,0.140745,0.233749,0.31666,0.176693,0.283941,-0.0541587,-0.128936,0.224051,-0.050616,0.192521,0.254318,0.000647451,0.0609583,0.0524709,0.324733,0.232485,0.353113,0.298221,0.344166
-0.0114847,0.00273436,-0.0253293,0.0511688,0.0370041,-0.00547686,-0.160386,-0.0992571,0.0295635,0.268787,0.10828,0.256258,0.104568,-0.134089,0.0602035,0.0428932,-0.0844263,0.0331357,0.155816,-0.0367176,0.0607347,0.0673613,-0.0517295,-0.0546627,-0.172001,-0.0420081,-0.0529309,0.143617,0.0917375,-0.105789,1,-0.193345,-0.00583902,-0.0262561,-0.0958763,-0.0462182,-0.0825005,-0.125932,0.0805024,0.0837174,0.00613413,0.0994292,0.0921611,-0.0310698,0.066587,0.0642604,0.148678,0.171323,-0.241236,-0.0786175,0.169981,-0.0101276,0.164803,0.18569,0.133302,-0.105807,0.0173633,-0.022156,0.136459,-0.0561028,0.0700637,0.202623,0.110767,-0.010053,0.169581,-0.041924,-0.00944828,0.0985361,-0.186462,-0.0467204,0.123161,0.265094,0.147157,-0.277242,-0.0673271,0.0296877,0.108083,-0.193416,-0.234826,-0.10431,-0.202223,0.0272149,-0.0987168,-0.305108,0.140682
0.390319,0.30056,0.450742,0.353987,0.417846,0.377703,0.242177,0.25948,0.223539,-0.0595487,0.27038,0.110046,0.244722,0.400109,0.32533,0.353087,0.377916,0.398127,0.281367,0.37464,0.422218,0.134574,0.439064,0.462334,0.435461,0.252044,0.34378,0.141742,0.381083,0.335216,-0.193345,1,0.326645,0.242797,0.365566,0.159304,0.241127,0.252156,0.430647,0.488486,0.150868,0.302096,0.400016,0.352357,0.494406,0.295111,0.169073,0.235989,0.14861,0.326168,0.256606,0.420171,0.467713,0.442748,0.472948,0.303105,0.275876,0.452081,0.466426,0.484977,0.563052,0.111076,0.54548,0.547031,0.497811,0.0925277,0.225442,0.474655,0.541508,0.376244,0.216054,0.224267,0.16485,-0.0369421,-0.090044,0.23329,0.389079,0.342815,0.033879,0.3789,0.210852,0.502116,0.492808,0.366651,0.412167
0.650559,0.451641,0.618717,0.614248,0.548644,0.443459,0.511024,0.413274,0.503439,0.109391,0.20127,0.300161,0.376291,0.546669,0.570243,0.410299,0.434572,0.47833,0.426995,0.399369,0.470086,0.542043,0.57689,0.581115,0.500874,0.389699,0.570496,0.315516,0.256654,0.137529,-0.00583902,0.326645,1,0.559422,0.511461,0.375756,0.443303,0.193548,0.589884,0.279968,0.354554,0.0834793,0.661114,0.573069,0.64227,0.51695,0.269917,0.388535,0.264755,0.608582,0.403439,0.528346,0.562411,0.462126,0.483581,0.610157,0.226345,0.452007,0.512467,0.225997,0.0995559,0.103917,0.561272,0.452849,0.426254,0.194563,0.555554,0.624273,0.459788,0.432354,0.498917,0.203978,0.266998,-0.207858,0.348019,0.44239,0.451168,0.356678,0.0300853,0.29276,0.205563,0.666935,0.583887,0.321126,0.454065
0.64175,0.662696,0.760684,0.679157,0.764971,0.574716,0.387381,0.356254,0.476219,0.174292,0.362084,0.522165,0.730186,0.746267,0.439324,0.676117,0.707286,0.342139,0.480495,0.688892,0.692053,0.25316,0.688493,0.7608,0.390778,0.608705,0.598369,0.322681,0.355771,0.278767,-0.0262561,0.242797,0.559422,1,0.576878,0.590215,0.314777,0.49051,0.630838,0.525798,0.415398,0.384275,0.699501,0.68239,0.68267,0.575874,0.359169,0.480561,0.458985,0.413545,0.24679,0.669532,0.600362,0.485017,0.610801,0.743936,0.365602,0.729771,0.508938,0.364038,0.13877,0.141507,0.419051,0.568,0.641143,0.287547,0.530106,0.714076,0.47243,0.39353,0.725459,0.278072,0.217586,0.11726,0.425239,0.471122,0.648486,0.435823,0.29256,0.100605,0.37469,0.729976,0.658431,0.451549,0.577613
0.574867,0.525661,0.623655,0.48987,0.550512,0.489559,0.344149,0.08774,0.152673,0.365331,0.157926,0.313508,0.463796,0.588835,0.402529,0.364394,0.477467,0.265146,0.210801,0.518568,0.505202,0.274956,0.397548,0.652499,0.527757,0.571291,0.47153,0.513595,0.209846,0.212248,-0.0958763,0.365566,0.511461,0.576878,1,0.355522,0.539678,0.420791,0.773924,0.328794,0.240828,0.109534,0.526156,0.551202,0.492888,0.511709,0.357575,0.42225,0.55828,0.302232,0.39514,0.480086,0.375207,0.541191,0.413392,0.506034,0.236319,0.53331,0.394216,0.302845,0.200654,0.0848922,0.519893,0.396921,0.496819,0.380616,0.338367,0.484931,0.457438,0.287449,0.38055,0.305076,0.164992,0.0274991,0.159532,0.241633,0.561154,0.376565,0.274203,0.0984951,0.340286,0.552258,0.516323,0.578311,0.45464
0.55333,0.555276,0.555497,0.562658,0.506478,0.578868,0.304485,0.439477,0.528501,0.245833,0.42045,0.357174,0.527796,0.580729,0.469838,0.667327,0.437182,0.391143,0.528489,0.534045,0.622701,0.154412,0.566682,0.589973,0.387937,0.331345,0.62058,0.0518431,0.208829,0.0441748,-0.0462182,0.159304,0.375756,0.590215,0.355522,1,0.551431,0.395706,0.382408,0.320318,0.399225,0.30898,0.55565,0.698688,0.562181,0.532534,0.330537,0.269481,0.298492,0.4737,0.209497,0.537204,0.517623,0.289979,0.373742,0.644707,0.447469,0.592889,0.257333,0.0282864,-0.0376055,-0.193806,0.49109,0.50402,0.600627,0.248379,0.498211,0.564559,0.175453,0.371039,0.540258,0.20378,0.306229,-0.101502,0.52934,0.607237,0.374714,0.417722,0.076132,-0.212148,0.0473635,0.584079,0.39898,0.122253,0.435446
0.507005,0.39838,0.503332,0.42774,0.279166,0.34548,0.398401,0.345246,0.338556,0.426657,0.242293,0.144807,0.419138,0.549082,0.530875,0.437758,0.321105,0.306357,0.160604,0.341383,0.455272,0.322084,0.402711,0.534011,0.424498,0.346691,0.553691,0.214467,0.109193,-0.0784347,-0.0825005,0.241127,0.443303,0.314777,0.539678,0.551431,1,0.420736,0.478112,0.0686452,0.118884,-0.0885379,0.310636,0.511845,0.393475,0.542373,0.292281,0.298464,0.398859,0.463892,0.375363,0.314204,0.321869,0.183887,0.214946,0.504428,0.182494,0.384715,0.155045,0.235253,-0.105984,0.0807521,0.516059,0.356925,0.422018,0.105669,0.479,0.350694,0.187864,0.187333,0.397665,0.274315,0.0701188,-0.135292,0.318957,0.207758,0.368136,0.358846,0.0578125,-0.0801461,0.0513581,0.498834,0.245202,0.219893,0.384245
0.356529,0.346639,0.444544,0.357929,0.459982,0.442319,0.267421,0.36331,0.218116,-0.0270026,0.186017,0.344838,0.525693,0.574019,0.360032,0.481451,0.429383,0.193532,0.306787,0.457134,0.570364,-0.159613,0.445192,0.630751,0.34981,0.648941,0.437779,0.0875179,0.252755,0.119203,-0.125932,0.252156,0.193548,0.49051,0.420791,0.395706,0.420736,1,0.378163,0.338072,0.464146,0.16765,0.348346,0.487654,0.381729,0.30599,0.308226,0.309446,0.608381,0.420251,0.122845,0.402166,0.425959,0.217437,0.376882,0.534295,0.404423,0.565348,0.158228,0.372237,-0.0114211,0.170655,0.310064,0.447463,0.454959,0.179045,0.161511,0.498554,0.155803,0.164367,0.447497,0.341074,-0.00605068,0.120352,0.168208,0.258184,0.45837,0.337329,0.318137,0.110839,0.261929,0.473789,0.473018,0.277556,0.327498
0.796754,0.678827,0.779497,0.688014,0.660195,0.704817,0.44162,0.30259,0.405463,0.435757,0.347144,0.55546,0.673262,0.65196,0.576295,0.571279,0.730079,0.474572,0.222773,0.70333,0.712846,0.553293,0.561171,0.699394,0.366778,0.581061,0.64972,0.711891,0.46236,0.313302,0.0805024,0.430647,0.589884,0.630838,0.773924,0.382408,0.478112,0.378163,1,0.350041,0.271721,0.352286,0.700574,0.652451,0.707757,0.61998,0.54665,0.705506,0.562894,0.400016,0.407211,0.598451,0.537116,0.64597,0.534255,0.674549,0.27905,0.640519,0.541916,0.26835,0.236954,0.258524,0.630201,0.720428,0.70626,0.255004,0.511564,0.612927,0.503021,0.365775,0.513366,0.484285,0.305954,-0.190401,0.238122,0.487479,0.729793,0.297667,0.369446,0.116376,0.451194,0.754335,0.56083,0.660756,0.639752
0.324483,0.358161,0.482738,0.356607,0.455609,0.386176,-0.0181067,0.038879,0.184998,-0.0603245,0.143456,0.285622,0.450384,0.340057,0.181044,0.498726,0.402654,0.316018,0.422744,0.41502,0.496423,0.0333546,0.482083,0.511749,0.392614,0.427972,0.275443,0.10094,0.406695,0.288894,0.0837174,0.488486,0.279968,0.525798,0.328794,0.320318,0.0686452,0.338072,0.350041,1,0.260568,0.401859,0.487667,0.409662,0.542742,0.366634,0.225033,0.279256,0.180464,0.210669,0.141061,0.444546,0.531773,0.398324,0.607983,0.381772,0.289804,0.63905,0.447338,0.364405,0.497011,0.0839843,0.327123,0.460887,0.521498,0.241548,0.158534,0.554238,0.345648,0.292101,0.409438,0.203878,0.294277,0.101025,-0.0252142,0.303739,0.4651,0.18062,0.0217793,0.11733,0.294347,0.538017,0.679659,0.282663,0.350253
0.318223,0.274581,0.324099,0.316848,0.391826,0.390214,0.206032,0.417735,0.320264,-0.0161278,0.177331,0.483737,0.190734,0.477959,0.123579,0.417536,0.0795322,0.207074,0.412099,0.334195,0.356698,0.0148787,0.289323,0.382961,0.21977,0.353695,0.335669,-0.0738951,0.230529,0.250658,0.00613413,0.150868,0.354554,0.415398,0.240828,0.399225,0.118884,0.464146,0.271721,0.260568,1,0.23336,0.358516,0.378427,0.348689,0.143579,0.198801,0.269323,0.32601,0.334891,0.131554,0.284288,0.436633,0.286314,0.160567,0.511656,0.224698,0.436931,0.0878231,0.190436,-0.0413307,0.242147,0.320697,0.371505,0.311644,0.089033,0.369799,0.382733,0.224681,-0.00575883,0.286054,0.141015,0.085083,-0.102246,0.100137,0.363427,0.415942,0.176762,0.17368,-0.0766005,-0.00476934,0.280948,0.43851,0.0212722,0.178402
0.346718,0.462582,0.425935,0.449609,0.453621,0.352885,0.014963,0.311537,0.291611,0.154089,0.629402,0.586729,0.491888,0.384527,0.146542,0.532448,0.43236,0.35162,0.427304,0.541117,0.566034,0.184145,0.312307,0.388003,0.0678126,0.33764,0.298196,0.263867,0.617316,0.424205,0.0994292,0.302096,0.0834793,0.384275,0.109534,0.30898,-0.0885379,0.16765,0.352286,0.401859,0.23336,1,0.443922,0.445146,0.485945,0.269228,0.373709,0.411786,0.112912,0.100172,-0.0840577,0.28378,0.366424,0.56994,0.578834,0.39247,0.463507,0.601516,0.59028,0.286247,0.151134,0.176516,0.341041,0.611523,0.467329,0.123924,0.262539,0.52708,0.207538,0.30781,0.451089,0.151846,0.385948,-0.147768,0.260517,0.513514,0.428126,0.199344,0.274905,-0.000882005,0.310155,0.39367,0.444794,0.28257,0.491117
0.78094,0.769707,0.743226,0.807123,0.711031,0.660263,0.460078,0.403674,0.499725,0.282764,0.439992,0.513986,0.558021,0.72245,0.591931,0.664173,0.669497,0.586568,0.530869,0.656212,0.711437,0.451577,0.693738,0.738909,0.491552,0.435791,0.709387,0.47026,0.412549,0.330176,0.0921611,0.400016,0.661114,0.699501,0.526156,0.55565,0.310636,0.348346,0.700574,0.487667,0.358516,0.443922,1,0.833581,0.894318,0.705159,0.540574,0.658958,0.304474,0.548529,0.269551,0.72917,0.732119,0.534851,0.642425,0.812487,0.574358,0.689817,0.637374,0.32415,0.281001,0.0728203,0.586164,0.634645,0.704114,0.220782,0.594919,0.840769,0.556423,0.497285,0.655736,0.38433,0.318016,-0.165455,0.301064,0.7087,0.594608,0.390965,0.189454,0.295786,0.362195,0.843716,0.65764,0.40823,0.645651
0.786295,0.810128,0.794167,0.793693,0.702464,0.646805,0.423555,0.404111,0.612322,0.348821,0.517644,0.611991,0.62936,0.827282,0.628773,0.79427,0.631718,0.606039,0.467889,0.73599,0.762214,0.319619,0.67095,0.822488,0.473887,0.556042,0.748642,0.477855,0.430892,0.116006,-0.0310698,0.352357,0.573069,0.68239,0.551202,0.698688,0.511845,0.487654,0.652451,0.409662,0.378427,0.445146,0.833581,1,0.865932,0.814863,0.660598,0.516368,0.408434,0.599478,0.21294,0.616716,0.681159,0.558814,0.570451,0.892466,0.679393,0.746974,0.502755,0.236535,0.0791,0.00217124,0.599484,0.658027,0.689297,0.299906,0.670043,0.831296,0.46257,0.442825,0.621679,0.418064,0.33662,-0.187638,0.458996,0.756056,0.650688,0.596009,0.355832,0.175739,0.250515,0.789271,0.593771,0.408103,0.616201
0.800909,0.747968,0.845839,0.811917,0.71169,0.674459,0.498549,0.478093,0.603667,0.36482,0.510181,0.587476,0.620247,0.729178,0.714703,0.797204,0.698804,0.715822,0.503166,0.769734,0.805301,0.430051,0.737865,0.804714,0.43321,0.548521,0.672529,0.451672,0.514869,0.280228,0.066587,0.494406,0.64227,0.68267,0.492888,0.562181,0.393475,0.381729,0.707757,0.542742,0.348689,0.485945,0.894318,0.865932,1,0.812664,0.685993,0.640189,0.309279,0.614997,0.392954,0.706402,0.716075,0.632487,0.762399,0.847495,0.591331,0.808192,0.701933,0.324821,0.332678,0.14185,0.677717,0.785602,0.776595,0.244796,0.699291,0.8875,0.570221,0.532883,0.714756,0.53391,0.337126,-0.228717,0.362714,0.708714,0.68143,0.453796,0.300782,0.331406,0.377292,0.876619,0.677048,0.451668,0.686319
0.645829,0.677475,0.69975,0.648998,0.520849,0.609414,0.304219,0.277512,0.534956,0.498521,0.454331,0.462826,0.574105,0.659702,0.710568,0.7174,0.611075,0.490361,0.301872,0.596035,0.626435,0.386901,0.59141,0.690112,0.338645,0.415768,0.541257,0.449115,0.371638,0.113355,0.0642604,0.295111,0.51695,0.575874,0.511709,0.532534,0.542373,0.30599,0.61998,0.366634,0.143579,0.269228,0.705159,0.814863,0.812664,1,0.708328,0.561753,0.353263,0.51042,0.31739,0.555662,0.534457,0.43652,0.615313,0.756157,0.56011,0.66834,0.593538,0.207469,0.24265,-0.0338473,0.589253,0.605753,0.591819,0.13799,0.650576,0.697592,0.40892,0.408381,0.611955,0.408568,0.221618,-0.183968,0.416817,0.535839,0.587086,0.570579,0.242025,0.18164,0.192014,0.726033,0.410033,0.398896,0.475645
0.635151,0.577805,0.602773,0.568704,0.409207,0.521379,0.317035,0.294149,0.382316,0.61349,0.491754,0.670217,0.537368,0.539704,0.515885,0.605947,0.59562,0.385279,0.210885,0.618872,0.543275,0.210216,0.328391,0.50884,0.158309,0.527381,0.442945,0.519576,0.325351,0.0631298,0.148678,0.169073,0.269917,0.359169,0.357575,0.330537,0.292281,0.308226,0.54665,0.225033,0.198801,0.373709,0.540574,0.660598,0.685993,0.708328,1,0.556173,0.369348,0.323428,0.271993,0.427223,0.281748,0.532692,0.520458,0.651365,0.354883,0.63857,0.525093,0.0500114,0.08268,0.168793,0.498563,0.591603,0.51271,0.173117,0.569732,0.492104,0.248207,0.255266,0.382218,0.4403,0.233978,-0.249542,0.326851,0.517272,0.651677,0.193196,0.575898,0.13932,0.412638,0.533713,0.269606,0.425239,0.297754
0.653139,0.612967,0.598108,0.604943,0.354682,0.402451,0.423494,0.343311,0.220537,0.346799,0.18422,0.537578,0.512646,0.542331,0.446727,0.465331,0.585619,0.289965,0.120603,0.454624,0.545981,0.343383,0.424622,0.547288,0.114084,0.343647,0.45376,0.598261,0.43202,0.348061,0.171323,0.235989,0.388535,0.480561,0.42225,0.269481,0.298464,0.309446,0.705506,0.279256,0.269323,0.411786,0.658958,0.516368,0.640189,0.561753,0.556173,1,0.335452,0.226994,0.276848,0.477828,0.393728,0.497367,0.460957,0.592831,0.324365,0.497011,0.452203,0.177817,0.194722,0.412031,0.458613,0.595425,0.607102,0.0217955,0.612589,0.574868,0.520956,0.444142,0.631041,0.489258,0.231215,-0.218101,0.176748,0.452141,0.680166,0.178847,0.437672,0.195333,0.511549,0.594128,0.505584,0.477691,0.617249
0.382742,0.320411,0.398075,0.374326,0.32023,0.559189,0.0885152,0.223386,0.173562,0.11543,0.205096,0.358653,0.493069,0.420448,0.403095,0.449718,0.449308,0.0603278,0.070525,0.509648,0.460682,0.141898,0.306,0.507295,0.255105,0.589604,0.407147,0.294663,0.159296,0.116169,-0.241236,0.14861,0.264755,0.458985,0.55828,0.298492,0.398859,0.608381,0.562894,0.180464,0.32601,0.112912,0.304474,0.408434,0.309279,0.353263,0.369348,0.335452,1,0.365122,0.165799,0.249799,0.191014,0.269182,0.294331,0.483966,0.242439,0.491942,0.231376,0.0864456,0.0662222,0.184184,0.318996,0.476516,0.333867,0.199823,0.201217,0.341824,0.10458,0.121053,0.223382,0.185847,0.0827724,-0.108535,0.107595,0.26529,0.498962,0.23975,0.391266,-0.0454668,0.22131,0.420447,0.379647,0.438575,0.122269
0.471594,0.394337,0.605044,0.465582,0.450354,0.570975,0.405881,0.604023,0.537321,0.119546,0.283998,0.234443,0.354977,0.449085,0.589434,0.555809,0.402166,0.419829,0.544106,0.374886,0.564561,0.442325,0.586472,0.566006,0.352248,0.441669,0.47471,0.0642017,0.354516,0.174917,-0.0786175,0.326168,0.608582,0.413545,0.302232,0.4737,0.463892,0.420251,0.400016,0.210669,0.334891,0.100172,0.548529,0.599478,0.614997,0.51042,0.323428,0.226994,0.365122,1,0.394528,0.523538,0.518836,0.242922,0.399876,0.656376,0.432435,0.478936,0.383155,0.14526,0.0271337,0.118517,0.498721,0.590438,0.351239,0.0900948,0.484524,0.646312,0.351407,0.247163,0.433498,0.291611,0.186481,-0.186759,0.242621,0.56391,0.320261,0.495972,-0.120864,0.249894,0.0768064,0.67265,0.442465,0.231737,0.475514
0.416921,0.26324,0.462578,0.307392,0.310714,0.280031,0.392913,0.419185,0.188315,0.323194,0.0471737,0.135681,0.130195,0.174286,0.442334,0.137429,0.109532,0.230036,0.221709,0.179933,0.183765,0.247964,0.215986,0.417092,0.0590072,0.349091,0.0895985,0.201427,0.141092,-0.0653538,0.169981,0.256606,0.403439,0.24679,0.39514,0.209497,0.375363,0.122845,0.407211,0.141061,0.131554,-0.0840577,0.269551,0.21294,0.392954,0.31739,0.271993,0.276848,0.165799,0.394528,1,0.311586,0.191992,0.333232,0.31505,0.300697,0.104108,0.230245,0.225407,0.0301877,0.183778,0.21245,0.466298,0.312647,0.246037,0.0223462,0.361616,0.384587,0.249362,0.279504,0.330757,0.446698,0.267386,-0.133547,0.0149231,0.159826,0.366848,0.0016745,-0.0407296,0.115321,0.217435,0.362184,0.275118,0.202581,0.394007
0.650879,0.600546,0.73584,0.549361,0.694547,0.651904,0.490975,0.406951,0.445075,0.254281,0.411978,0.299765,0.587824,0.637881,0.492139,0.618228,0.684853,0.360682,0.627281,0.585309,0.719297,0.357503,0.693061,0.654515,0.415784,0.431025,0.679735,0.229587,0.237849,0.337819,-0.0101276,0.420171,0.528346,0.669532,0.480086,0.537204,0.314204,0.402166,0.598451,0.444546,0.284288,0.28378,0.72917,0.616716,0.706402,0.555662,0.427223,0.477828,0.249799,0.523538,0.311586,1,0.729566,0.401004,0.513456,0.68777,0.356225,0.674402,0.489522,0.379343,0.275368,0.0932282,0.640804,0.669312,0.711041,0.450032,0.409111,0.652942,0.588699,0.388397,0.640145,0.298863,-0.00819661,0.110854,0.255648,0.390685,0.537003,0.45289,0.143561,0.223039,0.391939,0.776694,0.493637,0.308655,0.627377
